1.000000000000000000e+00 0.000000000000000000e+00 0.000000000000000000e+00 -6.264436581849570196e+00 0.000000000000000000e+00 1.000000000000000000e+00 0.000000000000000000e+00 1.950626507243846106e+02 0.000000000000000000e+00 0.000000000000000000e+00 1.000000000000000000e+00 1.317042470253024931e+02
9.999973855950334833e-01 -6.884037851664331475e-04 -2.180574081477291721e-03 -6.264436581849570196e+00 6.831618369699254956e-04 9.999968776001549875e-01 -2.403763683530511439e-03 1.950626507243846106e+02 2.182222032871607067e-03 2.402267714123642196e-03 9.999947334945464839e-01 1.317042470253024931e+02
9.999904532973581395e-01 1.938442010388427550e-04 -4.365287913565612729e-03 -6.264436581849570196e+00 -2.109966969811936498e-04 9.999922585002278819e-01 -3.929175487068419480e-03 1.950626507243846106e+02 4.364492471807290483e-03 3.930059037729517063e-03 9.999827527719784559e-01 1.317042470253024931e+02
9.999804177823948814e-01 7.663307738810188003e-04 -6.211021565838669052e-03 -6.264436581849570196e+00 -7.981880900549423669e-04 9.999865316059119991e-01 -5.128304061883701484e-03 1.950626507243846106e+02 6.207007936132203502e-03 5.133161201758460433e-03 9.999675613281452380e-01 1.317042470253024931e+02
9.999259102771300700e-01 3.199758299636506174e-03 -1.174459464076608659e-02 -6.264436581849570196e+00 -3.271141832785188011e-03 9.999762645696692598e-01 -6.063821270467479631e-03 1.950626507243846106e+02 1.172491311532064540e-02 6.101790238468443074e-03 9.999126434685803311e-01 1.317042470253024931e+02
9.999024008596925084e-01 2.787325792117461686e-03 -1.369012673243114389e-02 -6.264436581849570196e+00 -2.879366116177822961e-03 9.999733555418605091e-01 -6.708014394732735204e-03 1.950626507243846106e+02 1.367106454488625777e-02 6.746778585334095579e-03 9.998837847334712814e-01 1.317042470253024931e+02
9.998038041854847569e-01 5.635148190090401299e-03 -1.898942445434593715e-02 -6.264436581849570196e+00 -5.797543645670514938e-03 9.999470022138758907e-01 -8.507717153183146433e-03 1.950626507243846106e+02 1.894047580997260116e-02 8.616139991766759085e-03 9.997834868148877119e-01 1.317042470253024931e+02
9.996927385021029400e-01 7.968942435896736801e-03 -2.347178183730063913e-02 -6.264436581849570196e+00 -8.183577818346228494e-03 9.999254465328514252e-01 -9.062584077875935132e-03 1.950626507243846106e+02 2.339781272374748602e-02 9.251882647918081501e-03 9.996834224029196303e-01 1.317042470253024931e+02
9.995874738908807622e-01 6.518377920149340948e-03 -2.797128509268533361e-02 -6.264436581849570196e+00 -6.726698364591179868e-03 9.999502894976214362e-01 -7.360031435701634879e-03 1.950626507243846106e+02 2.792191915964917573e-02 7.545149628258916372e-03 9.995816310574788810e-01 1.317042470253024931e+02
9.995811571303034881e-01 4.490041424632097884e-03 -2.858933084292710619e-02 -6.264436581849570196e+00 -4.617732581089273314e-03 9.999796495421976461e-01 -4.401936763791678732e-03 1.950626507243846106e+02 2.856898415853820206e-02 4.532110928470203283e-03 9.995815490067240239e-01 1.317042470253024931e+02
9.994998810633597408e-01 4.249174059213003951e-03 -3.133579860386148663e-02 -6.264436581849570196e+00 -4.329446959235643856e-03 9.999875171145967689e-01 -2.494294291123912502e-03 1.950626507243846106e+02 3.132480875208062260e-02 2.628713525296042745e-03 9.995058009945956279e-01 1.317042470253024931e+02
9.993669287547337632e-01 6.643037265572634270e-03 -3.495156315841987243e-02 -6.264436581849570196e+00 -6.747678820678271877e-03 9.999730960757136078e-01 -2.876796010157751417e-03 1.950626507243846106e+02 3.493151216111001905e-02 3.110816715798853972e-03 9.993848669444116428e-01 1.317042470253024931e+02
9.992119415043938524e-01 4.657150549475332947e-03 -3.941835744646773887e-02 -6.264436581849570196e+00 -4.776563934457614749e-03 9.999842827863241190e-01 -2.935748167100762224e-03 1.950626507243846106e+02 3.940406567853140668e-02 3.121718930351026142e-03 9.992184818541550717e-01 1.317042470253024931e+02
9.992499322924296434e-01 2.926467709410614541e-04 -3.872321230786948676e-02 -6.264436581849570196e+00 -4.247289822705579455e-04 9.999941204363432812e-01 -3.402748600051057597e-03 1.950626507243846106e+02 3.872198882888760324e-02 3.416643178762907278e-03 9.992441814344104056e-01 1.317042470253024931e+02
9.992369995850249875e-01 -1.408353741201194285e-05 -3.905660586850411009e-02 -6.264436581849570196e+00 -7.697480572061369392e-05 9.999972827220680038e-01 -2.329940634415281556e-03 1.950626507243846106e+02 3.905653255465691559e-02 2.331169263393178485e-03 9.992342832963011512e-01 1.317042470253024931e+02
9.991085201940531624e-01 -1.517163568784201354e-03 -4.218842365331570976e-02 -6.264436581849570196e+00 1.395949998796897681e-03 9.999948135147401773e-01 -2.902458823336535355e-03 1.950626507243846106e+02 4.219260834846489533e-02 2.840978409959840027e-03 9.991054562169238151e-01 1.317042470253024931e+02
9.985373946420877944e-01 1.449430759579082391e-03 -5.404600495745265354e-02 -6.264436581849570196e+00 -1.678486812620214475e-03 9.999898005889473751e-01 -4.193018017792742719e-03 1.950626507243846106e+02 5.403937623074184932e-02 4.277600793770012719e-03 9.985296429991656897e-01 1.317042470253024931e+02
9.984589986085231628e-01 1.799207360501076840e-03 -5.546522289268654426e-02 -6.264436581849570196e+00 -2.202041777345226017e-03 9.999716366031388137e-01 -7.202569073000665220e-03 1.950626507243846106e+02 5.545069079526693950e-02 7.313606642036455524e-03 9.984346408494714220e-01 1.317042470253024931e+02
9.983455934869215342e-01 7.889548217278705144e-03 -5.695463979492571688e-02 -6.264436581849570196e+00 -8.402942724148414894e-03 9.999261462593546090e-01 -8.780238065711017462e-03 1.950626507243846106e+02 5.688116137015109680e-02 9.244298558740026220e-03 9.983381573521765695e-01 1.317042470253024931e+02
9.982854439649591072e-01 9.782945683089723163e-03 -5.771019269975111166e-02 -6.264436581849570196e+00 -1.028413116451128151e-02 9.999118854885594709e-01 -8.393920711168800092e-03 1.950626507243846106e+02 5.762299032393067288e-02 8.973028055009307086e-03 9.982980896273677685e-01 1.317042470253024931e+02
9.981847555850655862e-01 8.930050313715361121e-03 -5.956045600038459981e-02 -6.264436581849570196e+00 -9.377510461300650815e-03 9.999298385409737255e-01 -7.237423089095894498e-03 1.950626507243846106e+02 5.949164659956409501e-02 7.782814196478352563e-03 9.981984631264744223e-01 1.317042470253024931e+02
9.977778741356765346e-01 8.207673134689131775e-03 -6.612070770189740210e-02 -6.264436581849570196e+00 -8.558894181079513414e-03 9.999507195231880363e-01 -5.030293774314424128e-03 1.950626507243846106e+02 6.607616223482377926e-02 5.585035968812047426e-03 9.977989517721214119e-01 1.317042470253024931e+02
9.978081821723324696e-01 8.263140217873096716e-03 -6.565479497859307012e-02 -6.264436581849570196e+00 -8.612732725805942804e-03 9.999501909930732513e-01 -5.043448018010365623e-03 1.950626507243846106e+02 6.560985006030094213e-02 5.597860900049825110e-03 9.978296505558493790e-01 1.317042470253024931e+02
9.977062749367082706e-01 8.085563327915653437e-03 -6.720723634835462645e-02 -6.264436581849570196e+00 -8.509288873756001848e-03 9.999456690124535196e-01 -6.020882501739914343e-03 1.950626507243846106e+02 6.715490268607589297e-02 6.578958041137526747e-03 9.977208709635759787e-01 1.317042470253024931e+02
9.977209922752136029e-01 6.687840911512218586e-03 -6.714234399617965976e-02 -6.264436581849570196e+00 -7.182191614199494312e-03 9.999488307903426909e-01 -7.124038506586035345e-03 1.950626507243846106e+02 6.709126393932340893e-02 7.590031947804954868e-03 9.977179730354942544e-01 1.317042470253024931e+02
9.977255607706595475e-01 5.872140818266685831e-03 -6.715075090480579489e-02 -6.264436581849570196e+00 -6.253030701426610938e-03 9.999655249391651290e-01 -5.463381753727552387e-03 1.950626507243846106e+02 6.711635413158151264e-02 5.870851330973661519e-03 9.977278827980773368e-01 1.317042470253024931e+02
9.978467671250437210e-01 5.846439205560464633e-03 -6.532724153605652673e-02 -6.264436581849570196e+00 -5.967285669235734662e-03 9.999808262313408802e-01 -1.654893176704666687e-03 1.950626507243846106e+02 6.531631373429094833e-02 2.041156118540891212e-03 9.978625220148633623e-01 1.317042470253024931e+02
9.979594081756744117e-01 8.140720526779455721e-03 -6.333046899366365223e-02 -6.264436581849570196e+00 -8.031872011825955809e-03 9.999657972912531223e-01 1.973139542573049045e-03 1.950626507243846106e+02 6.334436569765436453e-02 -1.460450948748151512e-03 9.979906604860527830e-01 1.317042470253024931e+02
9.981049797917656008e-01 3.803855564682162658e-03 -6.141644728993380514e-02 -6.264436581849570196e+00 -3.517112341072901015e-03 9.999824084458227569e-01 4.776266289934136960e-03 1.950626507243846106e+02 6.143353510627938552e-02 -4.551206624086482494e-03 9.981008001612915459e-01 1.317042470253024931e+02
9.981239378316589805e-01 7.379863905885657681e-03 -6.077945653054198094e-02 -6.264436581849570196e+00 -7.012203886518616168e-03 9.999558187026713618e-01 6.260162883194296882e-03 1.950626507243846106e+02 6.082297036540838114e-02 -5.822220487137427965e-03 9.981315885315563685e-01 1.317042470253024931e+02
9.981107265823849772e-01 7.356192520375720058e-03 -6.099888452079728351e-02 -6.264436581849570196e+00 -7.244287693248760776e-03 9.999716472229732700e-01 2.055491666653064785e-03 1.950626507243846106e+02 6.101227562544967592e-02 -1.609714812451104593e-03 9.981357177464530439e-01 1.317042470253024931e+02
9.981768094498573163e-01 7.218405586310332536e-03 -5.992455003827235060e-02 -6.264436581849570196e+00 -7.457329538611249739e-03 9.999651081740990044e-01 -3.764395106261443028e-03 1.950626507243846106e+02 5.989528623064122731e-02 4.204409013765257261e-03 9.981958112676064809e-01 1.317042470253024931e+02
9.982886225423872606e-01 4.480492393060944885e-03 -5.830738624165128503e-02 -6.264436581849570196e+00 -4.798361831408794360e-03 9.999743748884761807e-01 -5.312747889456881888e-03 1.950626507243846106e+02 5.828208838187138446e-02 5.583435709112190282e-03 9.982845403087892144e-01 1.317042470253024931e+02
9.982800498602819594e-01 5.828452504602154791e-03 -5.833499114895561444e-02 -6.264436581849570196e+00 -6.118624118503591947e-03 9.999697758906498368e-01 -4.796847308450201929e-03 1.950626507243846106e+02 5.830526982909523676e-02 5.145526854048664347e-03 9.982855398449640427e-01 1.317042470253024931e+02
9.983042478494907890e-01 5.180580111313053994e-03 -5.798094786536953094e-02 -6.264436581849570196e+00 -5.187018011925368516e-03 9.999865465527759678e-01 3.946640677835525351e-05 1.950626507243846106e+02 5.798037228062961901e-02 2.613487393921062494e-04 9.983176889783316188e-01 1.317042470253024931e+02
9.981868770761768150e-01 -2.496325946012920537e-03 -6.013922837611891670e-02 -6.264436581849570196e+00 2.672787665984372504e-03 9.999923555414604870e-01 2.853955979772496241e-03 1.950626507243846106e+02 6.013164423992008178e-02 -3.009520794607385002e-03 9.981859186271824225e-01 1.317042470253024931e+02
9.979965725185890868e-01 -7.444417272221223042e-03 -6.282851178103412981e-02 -6.264436581849570196e+00 7.580255710098939871e-03 9.999694185811164315e-01 1.923960996166575394e-03 1.950626507243846106e+02 6.281226762752674386e-02 -2.396362665018763986e-03 9.980224829538998366e-01 1.317042470253024931e+02
9.979110885201364356e-01 -1.006349775993839978e-02 -6.381367738491558472e-02 -6.264436581849570196e+00 9.952983871197513752e-03 9.999483675282696549e-01 -2.049485206074684856e-03 1.950626507243846106e+02 6.383100751680252649e-02 1.410067511126182269e-03 9.979597257349644979e-01 1.317042470253024931e+02
9.978596194878501802e-01 -9.133604708146558782e-03 -6.475150238096687161e-02 -6.264436581849570196e+00 8.812418454733269083e-03 9.999474185955050665e-01 -5.244170588931571300e-03 1.950626507243846106e+02 6.479599583721007416e-02 4.662328733847036395e-03 9.978876397742600934e-01 1.317042470253024931e+02
9.976791023355469079e-01 -9.699871030671968972e-03 -6.739674521013480635e-02 -6.264436581849570196e+00 9.319288152565644370e-03 9.999388186039714910e-01 -5.959019820779682362e-03 1.950626507243846106e+02 6.745042350690594324e-02 5.317099856437055433e-03 9.977084588284582667e-01 1.317042470253024931e+02
9.978182009037576128e-01 -9.978819094506534426e-03 -6.526301490631269964e-02 -6.264436581849570196e+00 9.747028184439430337e-03 9.999450112940272417e-01 -3.869086424591653382e-03 1.950626507243846106e+02 6.529803509106725523e-02 3.224524409634011487e-03 9.978605960030585420e-01 1.317042470253024931e+02
9.978836411630167547e-01 -7.083350822870337384e-03 -6.463795201236807730e-02 -6.264436581849570196e+00 7.039696954946433362e-03 9.999748132290624536e-01 -9.030915156245623247e-04 1.950626507243846106e+02 6.464272090510732316e-02 4.461486559595448723e-04 9.979083723395465455e-01 1.317042470253024931e+02
9.978572357291717321e-01 -7.393398310581356450e-03 -6.500980514007916045e-02 -6.264436581849570196e+00 7.444376418769643039e-03 9.999721433831739725e-01 5.419570073675421523e-04 1.950626507243846106e+02 6.500398728282491545e-02 -1.024753181629321601e-03 9.978844780425502048e-01 1.317042470253024931e+02
9.978568307123752978e-01 -3.684994049010869611e-03 -6.533120402614463196e-02 -6.264436581849570196e+00 3.908547900380427396e-03 9.999869350965432391e-01 3.294372403657108012e-03 1.950626507243846106e+02 6.531821073756877150e-02 -3.542662146225188449e-03 9.978581967849751155e-01 1.317042470253024931e+02
9.977781823109757031e-01 -4.954130363222246716e-03 -6.643911119620846129e-02 -6.264436581849570196e+00 5.387185826208409911e-03 9.999653875063169162e-01 6.340506148325686028e-03 1.950626507243846106e+02 6.640539987886441564e-02 -6.684338537749968424e-03 9.977703355408211738e-01 1.317042470253024931e+02
9.977634983823254755e-01 3.781827743969381952e-04 -6.684203971786452370e-02 -6.264436581849570196e+00 2.198864535392908962e-04 9.999600139618909367e-01 8.939917632945448139e-03 1.950626507243846106e+02 6.684274789237056036e-02 -8.934621151758293661e-03 9.977235186157906721e-01 1.317042470253024931e+02
9.971919612903585861e-01 2.202992992412672411e-03 -7.485545511020291753e-02 -6.264436581849570196e+00 -1.595400804597860416e-03 9.999653057154773705e-01 8.175699457893132946e-03 1.950626507243846106e+02 7.487086906235916606e-02 -8.033317324025571887e-03 9.971608790855268634e-01 1.317042470253024931e+02
9.971187836408792471e-01 4.243709929989993891e-03 -7.573719189774461014e-02 -6.264436581849570196e+00 -3.800234088832476088e-03 9.999747871106434705e-01 5.998613497661128315e-03 1.950626507243846106e+02 7.576073871997143772e-02 -5.693511135877322472e-03 9.971097704864555489e-01 1.317042470253024931e+02
9.970768080910148434e-01 6.569635792052302969e-03 -7.612278668430962070e-02 -6.264436581849570196e+00 -6.284447644368465133e-03 9.999723109190835624e-01 3.985362336648094923e-03 1.950626507243846106e+02 7.614686129336079023e-02 -3.495322690250190698e-03 9.970904864827778713e-01 1.317042470253024931e+02
9.969941027545179413e-01 3.756906818617968945e-03 -7.738633421904307641e-02 -6.264436581849570196e+00 -3.471477584267305266e-03 9.999866683430510550e-01 3.822561909027673375e-03 1.950626507243846106e+02 7.739966353988318726e-02 -3.542426756145298714e-03 9.969938531889714906e-01 1.317042470253024931e+02
9.970730119678262726e-01 2.058216022194967517e-03 -7.642756408655415612e-02 -6.264436581849570196e+00 -1.664486844500517220e-03 9.999850164812147391e-01 5.215006865810007351e-03 1.950626507243846106e+02 7.643715254339888965e-02 -5.072529928147489521e-03 9.970614981791181552e-01 1.317042470253024931e+02
9.969847751334672825e-01 2.617801234762357886e-03 -7.755324151030366930e-02 -6.264436581849570196e+00 -2.137927491035964030e-03 9.999780576341904537e-01 6.270049138316690328e-03 1.950626507243846106e+02 7.756795355108493661e-02 -6.085340323197330724e-03 9.969684955980554486e-01 1.317042470253024931e+02
9.970915473465224999e-01 6.902849761015289812e-03 -7.589991353937260155e-02 -6.264436581849570196e+00 -6.651456003474123801e-03 9.999715259527112154e-01 3.564465856611977700e-03 1.950626507243846106e+02 7.592235733393162822e-02 -3.049253840859127585e-03 9.971090701161408054e-01 1.317042470253024931e+02
9.968212520677249833e-01 7.742832976896886141e-03 -7.929337906544145498e-02 -6.264436581849570196e+00 -7.749343745832884718e-03 9.999699479331919383e-01 2.256147177322511397e-04 1.950626507243846106e+02 7.929274303259274681e-02 3.895741057312958507e-04 9.968512974031713547e-01 1.317042470253024931e+02
9.966047576992306256e-01 8.390793072436291897e-03 -8.190574780114426301e-02 -6.264436581849570196e+00 -8.472262660849218599e-03 9.999639003152938077e-01 -6.471720270479321482e-04 1.950626507243846106e+02 8.189736074291159573e-02 1.338901730009712816e-03 9.966398695845481992e-01 1.317042470253024931e+02
9.963575523354305519e-01 7.767705453343828371e-03 -8.491931850957587513e-02 -6.264436581849570196e+00 -7.607604776098136727e-03 9.999686223499472115e-01 2.208770047152427887e-03 1.950626507243846106e+02 8.493381101605704253e-02 -1.554692104777034584e-03 9.963853826099369204e-01 1.317042470253024931e+02
9.963805643063363693e-01 5.897384921702270369e-03 -8.479971653055408398e-02 -6.264436581849570196e+00 -5.471916014815099080e-03 9.999712532164000134e-01 5.248892831051580644e-03 1.950626507243846106e+02 8.482823355289070832e-02 -4.765877874052209043e-03 9.963841915648742331e-01 1.317042470253024931e+02
9.964155086628886382e-01 2.334991233364485091e-03 -8.456170476053224971e-02 -6.264436581849570196e+00 -1.794311349596143523e-03 9.999774637484087902e-01 6.469346341266146369e-03 1.950626507243846106e+02 8.457490492367082668e-02 -6.294426998756953544e-03 9.963972428935716774e-01 1.317042470253024931e+02
9.959493758933315455e-01 -4.008387193293307333e-04 -8.991484852901014679e-02 -6.264436581849570196e+00 7.844389209969611365e-04 9.999907417587093894e-01 4.230963536568018227e-03 1.950626507243846106e+02 8.991232014164012021e-02 -4.284358200434917191e-03 9.959404695871936219e-01 1.317042470253024931e+02
9.958694489763345592e-01 -4.014628895584303019e-03 -9.070790125668774795e-02 -6.264436581849570196e+00 4.301487768500561470e-03 9.999863464460034823e-01 2.967174506642427170e-03 1.950626507243846106e+02 9.069475066694657195e-02 -3.345097368709613189e-03 9.958731206961337623e-01 1.317042470253024931e+02
9.958951561549045373e-01 -3.399614134821751441e-03 -9.045043156847254462e-02 -6.264436581849570196e+00 3.778645744430941117e-03 9.999847822974708977e-01 4.019578313680889636e-03 1.950626507243846106e+02 9.043539010545924295e-02 -4.344858710709251920e-03 9.958928468561563108e-01 1.317042470253024931e+02
9.958287857204464188e-01 -6.329514602732503291e-03 -9.102179285986922164e-02 -6.264436581849570196e+00 7.055173571551516705e-03 9.999458279843138619e-01 7.652817954336813694e-03 1.950626507243846106e+02 9.096842340288374684e-02 -8.263070958228075844e-03 9.958194954919968866e-01 1.317042470253024931e+02
9.955771449582491162e-01 -7.487257017162663418e-03 -9.364875556637210219e-02 -6.264436581849570196e+00 8.644982766617809872e-03 9.998910713385802396e-01 1.196284791982556162e-02 1.950626507243846106e+02 9.354898561575081262e-02 -1.271952985557720135e-02 9.955334252803968997e-01 1.317042470253024931e+02
9.956489318167001112e-01 -3.834911645647862740e-03 -9.310476907722671502e-02 -6.264436581849570196e+00 5.163628246382496838e-03 9.998881787383224751e-01 1.403449189302981640e-02 1.950626507243846106e+02 9.304053694807812303e-02 -1.445418527736641243e-02 9.955573991550580315e-01 1.317042470253024931e+02
9.953972584279007219e-01 -2.117427693371600004e-03 -9.581134804485302858e-02 -6.264436581849570196e+00 3.144892079657022992e-03 9.999391472531757863e-01 1.057409307699552770e-02 1.950626507243846106e+02 9.578312778363318181e-02 -1.082673960881133483e-02 9.953433448521317173e-01 1.317042470253024931e+02
9.951996030268316362e-01 1.085430057077237109e-03 -9.785996105056191108e-02 -6.264436581849570196e+00 -6.913996950251009334e-04 9.999915179562441914e-01 4.060293342866499490e-03 1.950626507243846106e+02 9.786353816252436888e-02 -3.973141975768687550e-03 9.951919121662688994e-01 1.317042470253024931e+02
9.951247030617941247e-01 5.099661380576022210e-03 -9.849273480805541270e-02 -6.264436581849570196e+00 -5.152681272781117240e-03 9.999866845355913636e-01 -2.839493226566174901e-04 1.950626507243846106e+02 9.848997528615491270e-02 7.900666555427354049e-04 9.951377294439270882e-01 1.317042470253024931e+02
9.949714517609798969e-01 8.578667632282200445e-03 -9.979086452322886991e-02 -6.264436581849570196e+00 -8.463599613539207756e-03 9.999629405451181396e-01 1.576393968310136218e-03 1.950626507243846106e+02 9.980068968809821528e-02 -7.238770727842734490e-04 9.950071850694174325e-01 1.317042470253024931e+02
9.948293758760003991e-01 9.694893323425704187e-03 -1.010965970624397581e-01 -6.264436581849570196e+00 -9.347555607371627398e-03 9.999486706784980194e-01 3.908863322414117374e-03 1.950626507243846106e+02 1.011293038556321244e-01 -2.943645996665637983e-03 9.948689355135802437e-01 1.317042470253024931e+02
9.947436131977722695e-01 1.292150592112753169e-02 -1.015784361316970502e-01 -6.264436581849570196e+00 -1.239196914376358358e-02 9.999061483733931999e-01 5.842392132357740291e-03 1.950626507243846106e+02 1.016443953347687529e-01 -4.552925413245006991e-03 9.948103777942877146e-01 1.317042470253024931e+02
9.946809341143755256e-01 1.002059983807401800e-02 -1.025154958444277203e-01 -6.264436581849570196e+00 -9.480162477178148001e-03 9.999384862009461639e-01 5.757632635814910645e-03 1.950626507243846106e+02 1.025668846594735978e-01 -4.755143851447114073e-03 9.947147444258606086e-01 1.317042470253024931e+02
9.946244028422079886e-01 1.125967347331356151e-02 -1.029345278516668322e-01 -6.264436581849570196e+00 -1.060946700611947908e-02 9.999201726881805641e-01 6.862030391073431317e-03 1.950626507243846106e+02 1.030035750865817001e-01 -5.733062402974629067e-03 9.946644637840790226e-01 1.317042470253024931e+02
9.944115422448004393e-01 1.101586302377780685e-02 -1.049968352482543998e-01 -6.264436581849570196e+00 -1.022202021773941684e-02 9.999149806876032054e-01 8.095782802262068562e-03 1.950626507243846106e+02 1.050770905239368919e-01 -6.977260089370980987e-03 9.944396024337891493e-01 1.317042470253024931e+02
9.943123166935045054e-01 9.426304661180672645e-03 -1.060856335797684957e-01 -6.264436581849570196e+00 -8.627704642631305737e-03 9.999309043835091781e-01 7.984307820968471539e-03 1.950626507243846106e+02 1.061535660455436569e-01 -7.023620093309591340e-03 9.943249414434910394e-01 1.317042470253024931e+02
9.942019601927148953e-01 1.104289372159830522e-02 -1.069603517533839060e-01 -6.264436581849570196e+00 -1.009223714312325153e-02 9.999046519712184722e-01 9.425163964950184284e-03 1.950626507243846106e+02 1.070542343786590328e-01 -8.291047254285179025e-03 9.942186124977890893e-01 1.317042470253024931e+02
9.937584552430100970e-01 1.330892917875470087e-02 -1.107565123915147942e-01 -6.264436581849570196e+00 -1.197518124886602121e-02 9.998476573855140659e-01 1.269870287703508439e-02 1.950626507243846106e+02 1.109086455920972464e-01 -1.129311404429272914e-02 9.937664403209195418e-01 1.317042470253024931e+02
9.935890162103955259e-01 1.439043975293302288e-02 -1.121328770243873174e-01 -6.264436581849570196e+00 -1.256809713392746317e-02 9.997774871896237814e-01 1.694163638011051895e-02 1.950626507243846106e+02 1.123517236204281122e-01 -1.542372693356008038e-02 9.935487903706593515e-01 1.317042470253024931e+02
9.935420151234497510e-01 1.815283275715612668e-02 -1.120032983769519569e-01 -6.264436581849570196e+00 -1.616604915704347376e-02 9.996959040437218835e-01 1.862144712045839950e-02 1.950626507243846106e+02 1.123072706420985695e-01 -1.669053926926324788e-02 9.935333426009547164e-01 1.317042470253024931e+02
9.933095051405393949e-01 2.169483144031011945e-02 -1.134264576111961159e-01 -6.264436581849570196e+00 -2.016641504399144941e-02 9.996899542146077122e-01 1.460517533860782556e-02 1.950626507243846106e+02 1.137081470331880034e-01 -1.222005446692729647e-02 9.934390406900197590e-01 1.317042470253024931e+02
9.931920700537235636e-01 2.312924612748941747e-02 -1.141689535555284185e-01 -6.264436581849570196e+00 -2.242128956037361259e-02 9.997206186036652342e-01 7.481344341572865493e-03 1.950626507243846106e+02 1.143100947285057289e-01 -4.870596706919127009e-03 9.934331781911057702e-01 1.317042470253024931e+02
9.930349537177330932e-01 2.323200971883443086e-02 -1.155069453289911674e-01 -6.264436581849570196e+00 -2.321473554012576726e-02 9.997293839490263290e-01 1.494965787170075009e-03 1.950626507243846106e+02 1.155104183552820435e-01 1.196909907587289084e-03 9.933055474817723551e-01 1.317042470253024931e+02
9.928792901543169735e-01 2.354508178720341599e-02 -1.167747588577421197e-01 -6.264436581849570196e+00 -2.368343071745714068e-02 9.997194876345333325e-01 2.028625165114237975e-04 1.950626507243846106e+02 1.167467785084499027e-01 2.564208919561338212e-03 9.931584035492618812e-01 1.317042470253024931e+02
9.926889358964455790e-01 2.525965208213102817e-02 -1.180280751578324239e-01 -6.264436581849570196e+00 -2.486325932138450448e-02 9.996791936449431759e-01 4.829920218475893326e-03 1.950626507243846106e+02 1.181122131055487579e-01 -1.860045722291516152e-03 9.929985122573061762e-01 1.317042470253024931e+02
9.927337500159354455e-01 2.501457053239858341e-02 -1.177029007304778579e-01 -6.264436581849570196e+00 -2.438833494351764011e-02 9.996797180210608147e-01 6.757994970262286988e-03 1.950626507243846106e+02 1.178342509543454653e-01 -3.838311922579794744e-03 9.930258590105376371e-01 1.317042470253024931e+02
9.911088955597789907e-01 2.347081046606781102e-02 -1.309667064498890310e-01 -6.264436581849570196e+00 -2.298097008181404152e-02 9.997221148731975093e-01 5.250528312772250773e-03 1.950626507243846106e+02 1.310535469049353141e-01 -2.194103354538983874e-03 9.913728631317825224e-01 1.317042470253024931e+02
9.895531182094787770e-01 1.611919491165392238e-02 -1.432647821248757003e-01 -6.264436581849570196e+00 -1.617502456693422144e-02 9.998688753532893880e-01 7.750354898386719931e-04 1.950626507243846106e+02 1.432584895290569815e-01 1.550372584752952821e-03 9.896840917801520421e-01 1.317042470253024931e+02
9.898622516721701237e-01 1.166070810579831335e-02 -1.415512295989071745e-01 -6.264436581849570196e+00 -1.251599888722773092e-02 9.999083917477187278e-01 -5.153434228694145358e-03 1.950626507243846106e+02 1.414781696458713434e-01 6.872845041604712553e-03 9.899175175309765651e-01 1.317042470253024931e+02
9.881836493314316572e-01 1.461607560679756279e-02 -1.525760319573840063e-01 -6.264436581849570196e+00 -1.522023181111884470e-02 9.998802662572271460e-01 -2.792434958203559789e-03 1.950626507243846106e+02 1.525169490175432019e-01 5.081681142729178521e-03 9.882877904634596034e-01 1.317042470253024931e+02
9.886760080473010470e-01 1.947071554145934566e-02 -1.487973196934232190e-01 -6.264436581849570196e+00 -1.931465555545773538e-02 9.998103442767145577e-01 2.493904179228181254e-03 1.950626507243846106e+02 1.488176575289943404e-01 4.083057490808515754e-04 9.888645701480063277e-01 1.317042470253024931e+02
9.891166025865711919e-01 1.907542392455321631e-02 -1.458919966608462349e-01 -6.264436581849570196e+00 -1.854521512877294054e-02 9.998155524993973531e-01 4.993593511312017195e-03 1.950626507243846106e+02 1.459603421598384410e-01 -2.233647784966832049e-03 9.892879203417773715e-01 1.317042470253024931e+02
9.899865634515268020e-01 1.505762397513600928e-02 -1.403562330131806757e-01 -6.264436581849570196e+00 -1.397058404074455300e-02 9.998643218191130000e-01 8.727011789234425873e-03 1.950626507243846106e+02 1.404685977967572719e-01 -6.678765861473351557e-03 9.900626076766982919e-01 1.317042470253024931e+02
9.909488221603853786e-01 1.063816841268404832e-02 -1.338180153483042034e-01 -6.264436581849570196e+00 -9.181542708674399547e-03 9.998917470744363989e-01 1.149753912467923328e-02 1.950626507243846106e+02 1.339258419141886036e-01 -1.016481703023455058e-02 9.909392238489306282e-01 1.317042470253024931e+02
9.926211722053813746e-01 1.513123927954559966e-02 -1.203089942085358577e-01 -6.264436581849570196e+00 -1.396732068599327789e-02 9.998471959087595895e-01 1.051184028841782928e-02 1.950626507243846106e+02 1.204496676726796445e-01 -8.753880925606709676e-03 9.926808385006153923e-01 1.317042470253024931e+02
9.943665776610863816e-01 1.994604219044467455e-02 -1.041021836058464295e-01 -6.264436581849570196e+00 -1.882890179834512817e-02 9.997542257562990198e-01 1.170301412012196389e-02 1.950626507243846106e+02 1.043100267837980127e-01 -9.676956306838901956e-03 9.944977500371744439e-01 1.317042470253024931e+02
9.961682533720033206e-01 2.422636333085020216e-02 -8.403507775639350308e-02 -6.264436581849570196e+00 -2.313091272327702161e-02 9.996346235592532548e-01 1.398500118492445633e-02 1.950626507243846106e+02 8.434317903867315225e-02 -1.198760615451626224e-02 9.963646548570145312e-01 1.317042470253024931e+02
9.979401185178249367e-01 2.205668043947299484e-02 -6.024137034140233937e-02 -6.264436581849570196e+00 -2.118966862760424466e-02 9.996630399752334251e-01 1.499348028081394675e-02 1.950626507243846106e+02 6.055177781098960293e-02 -1.368610081322460190e-02 9.980712263403158646e-01 1.317042470253024931e+02
9.992747069334961818e-01 1.750415292342462348e-02 -3.381811220925198813e-02 -6.264436581849570196e+00 -1.696370824617287471e-02 9.997248210031941529e-01 1.620231072021965230e-02 1.950626507243846106e+02 3.409241389962027607e-02 -1.561687870764037062e-02 9.992966628654030847e-01 1.317042470253024931e+02
9.998712544932905066e-01 1.598655301763076200e-02 -1.380058193304496954e-03 -6.264436581849570196e+00 -1.595969105378898176e-02 9.997165031168195881e-01 1.766922911023210280e-02 1.950626507243846106e+02 1.662137019060062068e-03 -1.764492897397728841e-02 9.998429345562415138e-01 1.317042470253024931e+02
9.996475584755896149e-01 1.658677413879795087e-02 2.072770506954666608e-02 -6.264436581849570196e+00 -1.701505833682337085e-02 9.996417669845526488e-01 2.065975531801023460e-02 1.950626507243846106e+02 -2.037760102603276835e-02 -2.100515707330040047e-02 9.995716766459288305e-01 1.317042470253024931e+02
9.981257323002834525e-01 1.693455593518315358e-02 5.880683068564170751e-02 -6.264436581849570196e+00 -1.815958370032882269e-02 9.996277848182002490e-01 2.035979713290630988e-02 1.950626507243846106e+02 -5.844015776708952337e-02 -2.138954498675575341e-02 9.980617392353143824e-01 1.317042470253024931e+02
9.949098259750652762e-01 1.632248542485452772e-02 9.943849680988479933e-02 -6.264436581849570196e+00 -1.834218902513245694e-02 9.996429408551497087e-01 1.943077199286591394e-02 1.950626507243846106e+02 -9.908583289259977056e-02 -2.115578568684662458e-02 9.948539744364270909e-01 1.317042470253024931e+02
9.889050348790177081e-01 1.390277555563561133e-02 1.478970750987600724e-01 -6.264436581849570196e+00 -1.728326390132358878e-02 9.996173680113421556e-01 2.159644320247354823e-02 1.950626507243846106e+02 -1.475402344441521796e-01 -2.391297559757192895e-02 9.887669335178221885e-01 1.317042470253024931e+02
9.811256653016154905e-01 1.461465314793337911e-02 1.928181547464289658e-01 -6.264436581849570196e+00 -1.878672235320033579e-02 9.996269122382939187e-01 1.982663340463436397e-02 1.950626507243846106e+02 -1.924564572823556641e-01 -2.307484002769192438e-02 9.810341807541794745e-01 1.317042470253024931e+02
9.693941094882931875e-01 1.246287900588342358e-02 2.451932648672762172e-01 -6.264436581849570196e+00 -1.758442186342090013e-02 9.996703153800043928e-01 1.870958726898047653e-02 1.950626507243846106e+02 -2.448792530965367142e-01 -2.244854549700252624e-02 9.692936676817578423e-01 1.317042470253024931e+02
9.522540950101924251e-01 1.163253710384647317e-02 3.050849432811096884e-01 -6.264436581849570196e+00 -1.741154326706152722e-02 9.997167021252909569e-01 1.622817465998168882e-02 1.950626507243846106e+02 -3.048097385212085730e-01 -2.076534546457662125e-02 9.521868638719876987e-01 1.317042470253024931e+02
9.316508148270624678e-01 1.128219420194560493e-02 3.631796681066436494e-01 -6.264436581849570196e+00 -1.777805922284489415e-02 9.997361057759760472e-01 1.454851944903444959e-02 1.950626507243846106e+02 -3.629196878681680838e-01 -2.001076964735358163e-02 9.316055330749132279e-01 1.317042470253024931e+02
9.050505144540523794e-01 1.037125112040232153e-02 4.251776139881368044e-01 -6.264436581849570196e+00 -1.744901796843470465e-02 9.997663853662281941e-01 1.275564438542689007e-02 1.950626507243846106e+02 -4.249459942844281968e-01 -1.896343433947867210e-02 9.050200495567329861e-01 1.317042470253024931e+02
8.745826348521363869e-01 7.386069132959936778e-03 4.848202355490655591e-01 -6.264436581849570196e+00 -1.530046476966172124e-02 9.998064295046242833e-01 1.236928854262771965e-02 1.950626507243846106e+02 -4.846350282355951777e-01 -1.823593989849496208e-02 8.745263517488206517e-01 1.317042470253024931e+02
8.412860574467682095e-01 6.101178353977839731e-03 5.405557743363399448e-01 -6.264436581849570196e+00 -1.533015389783818835e-02 9.998034183984769729e-01 1.257421727950419621e-02 1.950626507243846106e+02 -5.403727934742185157e-01 -1.886531689149373997e-02 8.412142080893852958e-01 1.317042470253024931e+02
8.028553972763041724e-01 5.649081928909641288e-03 5.961470447277781304e-01 -6.264436581849570196e+00 -1.627555482464354206e-02 9.997900927216608613e-01 1.244495121588547019e-02 1.950626507243846106e+02 -5.959516065751032654e-01 -1.969412016252937783e-02 8.027788140276091999e-01 1.317042470253024931e+02
7.636020848592491861e-01 6.982460515846020642e-03 6.456493640078561080e-01 -6.264436581849570196e+00 -2.097876699793635794e-02 9.996818929080568683e-01 1.400015453535088591e-02 1.950626507243846106e+02 -6.453462228399909906e-01 -2.423547476143131374e-02 7.635056610328709858e-01 1.317042470253024931e+02
7.210896880196208114e-01 5.294254969313008305e-03 6.928215013234528818e-01 -6.264436581849570196e+00 -2.198904871676497785e-02 9.996419353702321597e-01 1.524738619539203234e-02 1.950626507243846106e+02 -6.924927028989451561e-01 -2.622921869937249253e-02 7.209479069378933458e-01 1.317042470253024931e+02
6.750552093490684857e-01 7.184075712813587072e-04 7.377668657653616568e-01 -6.264436581849570196e+00 -1.949454463248573993e-02 9.996677283518183854e-01 1.686403336957122134e-02 1.950626507243846106e+02 -7.375096115036376965e-01 -2.576658266979628756e-02 6.748449126705104995e-01 1.317042470253024931e+02
6.311714767927592007e-01 -4.821718787864776035e-03 7.756283374859231916e-01 -6.264436581849570196e+00 -1.728678321578879309e-02 9.996448502298277417e-01 2.028153187109911493e-02 1.950626507243846106e+02 -7.754506651033880038e-01 -2.620924334884149748e-02 6.308639643804270225e-01 1.317042470253024931e+02
5.852895825874079305e-01 -3.579946789216861217e-03 8.108164332915581696e-01 -6.264436581849570196e+00 -1.945855628046792504e-02 9.996402345609154416e-01 1.845984925400769722e-02 1.950626507243846106e+02 -8.105908148394765922e-01 -2.658167466483515873e-02 5.850093550276608267e-01 1.317042470253024931e+02
5.401125314672783340e-01 -1.886894155585710836e-03 8.415906920721345497e-01 -6.264436581849570196e+00 -2.014149431757040337e-02 9.996820804987681663e-01 1.516766746445530507e-02 1.950626507243846106e+02 -8.413517537621540976e-01 -2.514314141277015219e-02 5.399028142927553287e-01 1.317042470253024931e+02
4.959920242457980244e-01 -1.985291175070411866e-03 8.683248070298966725e-01 -6.264436581849570196e+00 -1.925960055438976845e-02 9.997262253922493125e-01 1.328691271340710391e-02 1.950626507243846106e+02 -8.681134601369973058e-01 -2.331379166756153767e-02 4.958179983088989995e-01 1.317042470253024931e+02
4.563952659058654882e-01 -9.067588284366167456e-03 8.897309369137511581e-01 -6.264436581849570196e+00 -1.830994858924605770e-02 9.996406207375784225e-01 1.957996818309414716e-02 1.950626507243846106e+02 -8.895887291559859689e-01 -2.522713249850217984e-02 4.560652198365184318e-01 1.317042470253024931e+02
4.198791946228155325e-01 -2.586585905851116959e-02 9.072113421127754318e-01 -6.264436581849570196e+00 -1.315117767937516724e-02 9.993154506800746573e-01 3.457855632799055473e-02 1.950626507243846106e+02 -9.074847152699211383e-01 -2.644971393508376012e-02 4.192516000973793289e-01 1.317042470253024931e+02
3.852010902128771286e-01 -2.867032229015352776e-02 9.223871924081511464e-01 -6.264436581849570196e+00 -1.561055274230314406e-02 9.991718280166824728e-01 3.757617251509052375e-02 1.950626507243846106e+02 -9.227006181540571284e-01 -2.887335653475025035e-02 3.844345178837719756e-01 1.317042470253024931e+02
3.530618559617302865e-01 -2.738995676062126045e-02 9.351989714138440046e-01 -6.264436581849570196e+00 -1.314001007174723200e-02 9.993276372456224577e-01 3.422884123657873173e-02 1.950626507243846106e+02 -9.355077049389606270e-01 -2.437342211786921661e-02 3.524645660120925839e-01 1.317042470253024931e+02
3.221385733814041696e-01 -1.598298559129141677e-02 9.465575966159607280e-01 -6.264436581849570196e+00 -1.254383697155576557e-02 9.996976344543058168e-01 2.114927470387920755e-02 1.950626507243846106e+02 -9.466094187645786029e-01 -1.868646135729494853e-02 3.218406818103001221e-01 1.317042470253024931e+02
2.942403496248707784e-01 -1.084741199933411671e-02 9.556698960967391354e-01 -6.264436581849570196e+00 -1.121287808889570407e-02 9.998275867498496172e-01 1.480095060932948119e-02 1.950626507243846106e+02 -9.556656779531145229e-01 -1.507084692022744518e-02 2.940679879815393249e-01 1.317042470253024931e+02
2.689674850901469516e-01 -1.223735822561132329e-02 9.630715129355356119e-01 -6.264436581849570196e+00 -9.090517777029375954e-03 9.998424882149016257e-01 1.524340010574866053e-02 1.950626507243846106e+02 -9.631063567700173245e-01 -1.285479769955464452e-02 2.688138756189443757e-01 1.317042470253024931e+02
2.454768079369494815e-01 -1.934139997340367581e-02 9.692094959358151796e-01 -6.264436581849570196e+00 -4.697126534272940378e-03 9.997654735149256178e-01 2.114083654450150257e-02 1.950626507243846106e+02 -9.693910840148035613e-01 -9.742084712687809622e-03 2.453283881209928630e-01 1.317042470253024931e+02
2.236588936572133368e-01 -2.398266499022050705e-02 9.743723780300836967e-01 -6.264436581849570196e+00 3.816530226049551309e-03 9.997111120699739839e-01 2.373028657334374375e-02 1.950626507243846106e+02 -9.746600091237218599e-01 -1.588768008980303865e-03 2.236858118682302221e-01 1.317042470253024931e+02
2.034876688403907674e-01 -2.462495562234967919e-02 9.787677866534543192e-01 -6.264436581849570196e+00 1.020012927083293816e-02 9.996827256620025581e-01 2.303053138449977222e-02 1.950626507243846106e+02 -9.790243745651842078e-01 5.297128806407851859e-03 2.036742851556062051e-01 1.317042470253024931e+02
1.856423289023347301e-01 -2.108864434343318481e-02 9.823910600160583595e-01 -6.264436581849570196e+00 9.966675410126775783e-03 9.997586532159782324e-01 1.957806683630991529e-02 1.950626507243846106e+02 -9.825668379815059028e-01 6.156654898095273616e-03 1.858077083962873244e-01 1.317042470253024931e+02
1.698817886553272982e-01 -1.848593044603484559e-02 9.852910474873973756e-01 -6.264436581849570196e+00 4.893629567501390533e-03 9.998275392621333024e-01 1.791491341557902017e-02 1.950626507243846106e+02 -9.854522973096722094e-01 1.778231867937878812e-03 1.699429540125199645e-01 1.317042470253024931e+02
1.555373511570097012e-01 -1.818521732422057752e-02 9.876626095311766829e-01 -6.264436581849570196e+00 1.450044413328700852e-03 9.998336611621073677e-01 1.818096197618977033e-02 1.950626507243846106e+02 -9.878289476251684853e-01 -1.395664018055476187e-03 1.555378486275562633e-01 1.317042470253024931e+02
1.424825693957582351e-01 -1.768335138145719215e-02 9.896393365778788365e-01 -6.264436581849570196e+00 -1.219422135290765524e-03 9.998365020504687006e-01 1.804112460860209446e-02 1.950626507243846106e+02 -9.897965601213342124e-01 -3.777333901997107987e-03 1.424377103177180970e-01 1.317042470253024931e+02
