1.000000000000000000e+00 0.000000000000000000e+00 0.000000000000000000e+00 1.616110593232944439e+03 0.000000000000000000e+00 1.000000000000000000e+00 0.000000000000000000e+00 -1.555622509073500908e+02 0.000000000000000000e+00 0.000000000000000000e+00 1.000000000000000000e+00 -1.051077233502419176e+03
9.991054082744814657e-01 -1.817045441218420295e-03 4.225022488159844297e-02 1.616110593232944439e+03 1.941911381889853449e-03 9.999938672067588685e-01 -2.914537537425512977e-03 -1.555622509073500908e+02 -4.224466992255916653e-02 2.993976408845849726e-03 9.991028095088098082e-01 -1.051077233502419176e+03
9.961475607576925073e-01 -6.564674949869225319e-03 8.744679662114644703e-02 1.616110593232944439e+03 7.264276309614066222e-03 9.999440879599503784e-01 -7.684480700897907031e-03 -1.555622509073500908e+02 -8.739146117439144934e-02 8.290114398935701651e-03 9.961395517280984269e-01 -1.051077233502419176e+03
9.911146472375277350e-01 -6.096126469412327040e-03 1.328705884434100981e-01 1.616110593232944439e+03 7.749063247882874428e-03 9.998988484710734648e-01 -1.192664433123477585e-02 -1.555622509073500908e+02 -1.327844420480404908e-01 1.285029448271065092e-02 9.910616337451962909e-01 -1.051077233502419176e+03
9.838171140289831973e-01 -2.189333876058821744e-03 1.791621973544078039e-01 1.616110593232944439e+03 4.938107731124634532e-03 9.998768270639704081e-01 -1.489784523093986950e-02 -1.555622509073500908e+02 -1.791075130632894252e-01 1.554147733223478281e-02 9.837067455530710269e-01 -1.051077233502419176e+03
9.743886646830109965e-01 -4.817452122039932692e-03 2.248188655169055528e-01 1.616110593232944439e+03 8.353148755048523180e-03 9.998559020169789369e-01 -1.477836620509904823e-02 -1.555622509073500908e+02 -2.247152755002039815e-01 1.627781793938691893e-02 9.742884981359467567e-01 -1.051077233502419176e+03
9.628966019009848054e-01 -4.974648124302647953e-03 2.698247337135224466e-01 1.616110593232944439e+03 9.674073853149417479e-03 9.998237536315508489e-01 -1.608956087661273654e-02 -1.555622509073500908e+02 -2.696971381802514278e-01 1.810288789552036079e-02 9.627750199850551027e-01 -1.051077233502419176e+03
9.495299427366168388e-01 -8.446155758142641010e-03 3.135626736387864821e-01 1.616110593232944439e+03 1.476887851345777027e-02 9.997325876792811927e-01 -1.779419454614086793e-02 -1.555622509073500908e+02 -3.133285305778097940e-01 2.152708956176751717e-02 9.494007669793342874e-01 -1.051077233502419176e+03
9.340794137697270294e-01 -9.647414244856303625e-03 3.569349747082644075e-01 1.616110593232944439e+03 1.761437833265367542e-02 9.996628537658479585e-01 -1.907649015615115254e-02 -1.555622509073500908e+02 -3.566305966228291990e-01 2.410614442650907061e-02 9.339344256174149095e-01 -1.051077233502419176e+03
9.166864855230324460e-01 -9.395604929280638659e-03 3.994966956902682442e-01 1.616110593232944439e+03 1.910901053097533581e-02 9.996105267190696919e-01 -2.033815598704956026e-02 -1.555622509073500908e+02 -3.991500131228315484e-01 2.627769929882273550e-02 9.165090013434681326e-01 -1.051077233502419176e+03
8.972321275574722810e-01 -9.327806117155302071e-03 4.414606452581375517e-01 1.616110593232944439e+03 1.997940856051676206e-02 9.996104972483421669e-01 -1.948530278175886199e-02 -1.555622509073500908e+02 -4.411069399955774850e-01 2.630296226598052844e-02 8.970690172242989924e-01 -1.051077233502419176e+03
8.755517089056586988e-01 -8.599698123574139874e-03 4.830478757065003736e-01 1.616110593232944439e+03 2.022137667856762147e-02 9.996176966235286176e-01 -1.885620646623766689e-02 -1.555622509073500908e+02 -4.827010471892539956e-01 2.627747684343515258e-02 8.753908802661458655e-01 -1.051077233502419176e+03
8.517226643812768616e-01 -7.201426140804960928e-03 5.239433580462641293e-01 1.616110593232944439e+03 2.010369634958476467e-02 9.996184641296458340e-01 -1.894116058150098134e-02 -1.555622509073500908e+02 -5.236070514921858932e-01 2.666581393149323326e-02 8.515424769176390685e-01 -1.051077233502419176e+03
8.262358483562362022e-01 -6.786589396033597399e-03 5.632834677987792471e-01 1.616110593232944439e+03 2.158453561785031796e-02 9.995745401909689187e-01 -1.961750300566501154e-02 -1.555622509073500908e+02 -5.629106773842634803e-01 2.836689631216535168e-02 8.260308035905212787e-01 -1.051077233502419176e+03
7.988908442149423861e-01 -9.547514560854645713e-03 6.014002527395914122e-01 1.616110593232944439e+03 2.497337430607385333e-02 9.995383081418337534e-01 -1.730610102630828623e-02 -1.555622509073500908e+02 -6.009573608878611140e-01 2.884467927840946369e-02 7.987604364714245841e-01 -1.051077233502419176e+03
7.701571084892232522e-01 -7.931637613546390839e-03 6.378049210913032674e-01 1.616110593232944439e+03 2.560713903634336680e-02 9.995010487118356490e-01 -1.849129671810919445e-02 -1.555622509073500908e+02 -6.373400212397536402e-01 3.057356290508398897e-02 7.699759441550085848e-01 -1.051077233502419176e+03
7.405057124390272971e-01 -1.077032825145104664e-02 6.719637563697333782e-01 1.616110593232944439e+03 2.827001489160024458e-02 9.994857560185809175e-01 -1.513372967901684303e-02 -1.555622509073500908e+02 -6.714552078159756743e-01 3.020303867700773262e-02 7.404293891732538491e-01 -1.051077233502419176e+03
7.082495211431790727e-01 -9.598666893520181945e-03 7.058969339743048632e-01 1.616110593232944439e+03 2.965346232822577491e-02 9.994295647679638517e-01 -1.616221642191782368e-02 -1.555622509073500908e+02 -7.053391297612834343e-01 3.237917018065260971e-02 7.081301443703732490e-01 -1.051077233502419176e+03
6.735874334902951510e-01 -7.334244306873204111e-03 7.390711591615545251e-01 1.616110593232944439e+03 3.114510639529027500e-02 9.993442338673309555e-01 -1.846847540394323112e-02 -1.555622509073500908e+02 -7.384510490151543483e-01 3.545858283359771407e-02 6.733741434832859474e-01 -1.051077233502419176e+03
6.381775457257422568e-01 -9.503687566197656714e-03 7.698305658091998405e-01 1.616110593232944439e+03 3.521730884118443733e-02 9.992374695072165913e-01 -1.685884606966337601e-02 -1.555622509073500908e+02 -7.690833253227193911e-01 3.787029779999206980e-02 6.380256101874640651e-01 -1.051077233502419176e+03
6.021722050988845831e-01 -7.584973261267813870e-03 7.983301970907610290e-01 1.616110593232944439e+03 3.685964761389053101e-02 9.991526988657105646e-01 -1.830985328035110785e-02 -1.555622509073500908e+02 -7.975148912616779606e-01 4.045185446915923466e-02 6.019415633480363903e-01 -1.051077233502419176e+03
5.644958671341283596e-01 -7.967762678525027592e-03 8.253974380541702072e-01 1.616110593232944439e+03 4.066807688916061758e-02 9.990074948072532601e-01 -1.816955808693600932e-02 -1.555622509073500908e+02 -8.244334560840098636e-01 4.382396692263203219e-02 5.642596356399570690e-01 -1.051077233502419176e+03
5.264719030976902081e-01 -1.017838591552614261e-02 8.501315990532605227e-01 1.616110593232944439e+03 4.669421303508128340e-02 9.987652592779592275e-01 -1.695898960623714105e-02 -1.555622509073500908e+02 -8.489092918078647854e-01 4.862465752665690033e-02 5.262971185202164337e-01 -1.051077233502419176e+03
4.879197247800846626e-01 -9.034155604239993420e-03 8.728417532422745317e-01 1.616110593232944439e+03 4.871423369222505767e-02 9.986698597594471094e-01 -1.689481115090511396e-02 -1.555622509073500908e+02 -8.715281209498093595e-01 5.076312875073682451e-02 4.877108150873102899e-01 -1.051077233502419176e+03
4.499546802152978309e-01 -1.076476317210950037e-02 8.929865092072780675e-01 1.616110593232944439e+03 5.126107836936344420e-02 9.985900549357701328e-01 -1.379144763195244705e-02 -1.555622509073500908e+02 -8.915789856186376872e-01 5.198097784019992812e-02 4.498720822033924760e-01 -1.051077233502419176e+03
4.128027699153928864e-01 -1.225397728446909855e-02 9.107380046922902705e-01 1.616110593232944439e+03 5.420408299136714181e-02 9.984677989990509150e-01 -1.113426014848295335e-02 -1.555622509073500908e+02 -9.092061320389586143e-01 5.396197181998572262e-02 4.128344886998338015e-01 -1.051077233502419176e+03
3.785954622508610479e-01 -1.153385368136519880e-02 9.254903814639658943e-01 1.616110593232944439e+03 5.748826262364963718e-02 9.982847399582629455e-01 -1.107599327263526431e-02 -1.555622509073500908e+02 -9.237751759078457470e-01 5.739815489820337957e-02 3.786091337919743616e-01 -1.051077233502419176e+03
3.450252522198543614e-01 -9.696626248482711694e-03 9.385433132093725650e-01 1.616110593232944439e+03 5.677162021222236649e-02 9.983313856172584266e-01 -1.055592866600452151e-02 -1.555622509073500908e+02 -9.368748894431451202e-01 5.692468648064689940e-02 3.450000313043080080e-01 -1.051077233502419176e+03
3.126345914358686362e-01 -1.076962584437434096e-02 9.498124169523698423e-01 1.616110593232944439e+03 5.645292288859807273e-02 9.983788557149841925e-01 -7.261401970070389261e-03 -1.555622509073500908e+02 -9.481944313984669304e-01 5.588985257101031917e-02 3.127357425119935974e-01 -1.051077233502419176e+03
2.807575051777213004e-01 -9.626015090617834336e-03 9.597304637865045063e-01 1.616110593232944439e+03 5.684091760675465815e-02 9.983613356914935455e-01 -6.614641480677602853e-03 -1.555622509073500908e+02 -9.580941150909990656e-01 5.640907045654203894e-02 2.808445894052863379e-01 -1.051077233502419176e+03
2.487182629562969260e-01 -6.181701307473912166e-03 9.685561482128695054e-01 1.616110593232944439e+03 5.928126884435165611e-02 9.982020695475015692e-01 -8.852091012163079004e-03 -1.555622509073500908e+02 -9.667600306364588780e-01 5.961891411313394173e-02 2.486375439143568844e-01 -1.051077233502419176e+03
2.173913099450398290e-01 -3.852253646668348137e-03 9.760769326760178055e-01 1.616110593232944439e+03 6.112319623208400249e-02 9.980833454072731703e-01 -9.674218469655758781e-03 -1.555622509073500908e+02 -9.741688627967712844e-01 6.176403291938083878e-02 2.172101079479936414e-01 -1.051077233502419176e+03
1.882248235286746729e-01 -3.894173867597282984e-03 9.821182470647259466e-01 1.616110593232944439e+03 6.223223341086090571e-02 9.980298761217123449e-01 -7.969660794182622382e-03 -1.555622509073500908e+02 -9.801523172100836678e-01 6.261949998496711689e-02 1.880963404464228717e-01 -1.051077233502419176e+03
1.574412508539871636e-01 -3.568010570110873806e-03 9.875219095443428241e-01 1.616110593232944439e+03 6.274137341790915479e-02 9.980093178519008346e-01 -6.396994795756854972e-03 -1.555622509073500908e+02 -9.855332427631081638e-01 6.296563174743992353e-02 1.573516972500737798e-01 -1.051077233502419176e+03
1.275246972568913340e-01 1.226705484034594062e-04 9.918353878247521127e-01 1.616110593232944439e+03 6.174021364614282886e-02 9.980596954790293962e-01 -8.061654869487589262e-03 -1.555622509073500908e+02 -9.899119140653213078e-01 6.226418884272729576e-02 1.272696868043995122e-01 -1.051077233502419176e+03
9.838706122298397638e-02 2.990289700594655998e-04 9.951481782958664368e-01 1.616110593232944439e+03 6.170251914662686771e-02 9.980740634431510827e-01 -6.400235389102688216e-03 -1.555622509073500908e+02 -9.932334998956017236e-01 6.203284987610203915e-02 9.817912314430084220e-02 -1.051077233502419176e+03
7.149674091651020413e-02 -8.530352515345997156e-04 9.974404685840545515e-01 1.616110593232944439e+03 6.210408964402076848e-02 9.980631923723561894e-01 -3.598066284477390887e-03 -1.555622509073500908e+02 -9.955055489990028983e-01 6.220238228846137335e-02 7.141124246107989626e-02 -1.051077233502419176e+03
4.687166114034337777e-02 -3.638190641727755050e-03 9.988942941827225752e-01 1.616110593232944439e+03 6.303302892247805711e-02 9.980112116651493892e-01 6.772411077426682786e-04 -1.555622509073500908e+02 -9.969101687949641910e-01 6.293158952000707518e-02 4.700776950337565152e-02 -1.051077233502419176e+03
2.464481026444509046e-02 -7.151075951220573455e-03 9.996706934984989079e-01 1.616110593232944439e+03 6.386490429170926797e-02 9.979430409628810006e-01 5.564260379204956190e-03 -1.555622509073500908e+02 -9.976542022799489429e-01 6.370674302220255547e-02 2.505081968045873297e-02 -1.051077233502419176e+03
4.407044314951522046e-03 -1.203633322855080998e-02 9.999178489470110787e-01 1.616110593232944439e+03 6.421531839598090818e-02 9.978671415745918871e-01 1.172862519884850831e-02 -1.555622509073500908e+02 -9.979263353793754732e-01 6.415835446895375160e-02 5.170561683942451886e-03 -1.051077233502419176e+03
-1.343465526243110830e-02 -1.559187319747641458e-02 9.997881793300891218e-01 1.616110593232944439e+03 6.360216423111218764e-02 9.978403052223555614e-01 1.641614994062037119e-02 -1.555622509073500908e+02 -9.978849005487053780e-01 6.380923729326754001e-02 -1.241396362784707996e-02 -1.051077233502419176e+03
-2.878388990472071154e-02 -1.751923201487962795e-02 9.994321208524182820e-01 1.616110593232944439e+03 6.330805801162450730e-02 9.978071245752880847e-01 1.931403473099687837e-02 -1.555622509073500908e+02 -9.975788577715301031e-01 6.382803973492082172e-02 -2.761166186320623828e-02 -1.051077233502419176e+03
-4.312056569532836392e-02 -1.869911707139056134e-02 9.988948692604574520e-01 1.616110593232944439e+03 6.221481582825690027e-02 9.978340818707600590e-01 2.136496544793076158e-02 -1.555622509073500908e+02 -9.971308507440596047e-01 6.306732971900814999e-02 -4.186380795560051132e-02 -1.051077233502419176e+03
-5.578835164349766479e-02 -1.812477335484865074e-02 9.982780937252593301e-01 1.616110593232944439e+03 6.121572990993812136e-02 9.978921361123066491e-01 2.153878122849285648e-02 -1.555622509073500908e+02 -9.965642449097277256e-01 6.231193526164308799e-02 -5.456123616134747611e-02 -1.051077233502419176e+03
-6.840913011088731177e-02 -1.792524708749911044e-02 9.974963039702576806e-01 1.616110593232944439e+03 6.163717114128981767e-02 9.978526182026039582e-01 2.215877884507462536e-02 -1.555622509073500908e+02 -9.957515001500986118e-01 6.299871318573216361e-02 -6.715736806763188127e-02 -1.051077233502419176e+03
-7.938198344265347262e-02 -1.810797454882085572e-02 9.966797890809516725e-01 1.616110593232944439e+03 6.420032607059156238e-02 9.976664054164577911e-01 2.323922623132212636e-02 -1.555622509073500908e+02 -9.947747578407588609e-01 6.583194331888272965e-02 -7.803420020555110193e-02 -1.051077233502419176e+03
-8.931132618384833577e-02 -1.831493852205830566e-02 9.958353528782837305e-01 1.616110593232944439e+03 6.684979456913066331e-02 9.974661160420701389e-01 2.434034334206993527e-02 -1.555622509073500908e+02 -9.937578135448030814e-01 6.874525710824383462e-02 -8.786067176942631562e-02 -1.051077233502419176e+03
-9.985205039092141799e-02 -1.886240978847762359e-02 9.948234906402745326e-01 1.616110593232944439e+03 6.949343031568865070e-02 9.972465625298032599e-01 2.588352111763114055e-02 -1.555622509073500908e+02 -9.925725319470048991e-01 7.171821957815466275e-02 -9.826630045368013600e-02 -1.051077233502419176e+03
-1.085872345748636753e-01 -1.622530655334058353e-02 9.939545019338833498e-01 1.616110593232944439e+03 7.158727927844263372e-02 9.971431907428434105e-01 2.409810367411732712e-02 -1.555622509073500908e+02 -9.915059626310344099e-01 7.377124495647946478e-02 -1.071154960063114003e-01 -1.051077233502419176e+03
-1.146215178154382647e-01 -1.456459467440225294e-02 9.933024616075688540e-01 1.616110593232944439e+03 7.393818710356520052e-02 9.969940752598114297e-01 2.315077503387103983e-02 -1.555622509073500908e+02 -9.906538508185005476e-01 7.609656022976091228e-02 -1.132000944331578718e-01 -1.051077233502419176e+03
-1.196078018692373485e-01 -1.478293760061066657e-02 9.927111556177385943e-01 1.616110593232944439e+03 7.518799652001233180e-02 9.968828197213676079e-01 2.390416122099485799e-02 -1.555622509073500908e+02 -9.899700697047948417e-01 7.749908709313756139e-02 -1.181234633272122553e-01 -1.051077233502419176e+03
-1.233456984459134209e-01 -1.339955327943563416e-02 9.922732943331700195e-01 1.616110593232944439e+03 7.880708333355124218e-02 9.966186204721011466e-01 2.325443924806698537e-02 -1.555622509073500908e+02 -9.892296408273202335e-01 8.106649924719501465e-02 -1.218726401144117483e-01 -1.051077233502419176e+03
-1.264342118099172074e-01 -1.417976470953747833e-02 9.918736433421285748e-01 1.616110593232944439e+03 8.000218395134038596e-02 9.964949349362830500e-01 2.444371512978463917e-02 -1.555622509073500908e+02 -9.887436678163967763e-01 8.244257952728620276e-02 -1.248566395265671009e-01 -1.051077233502419176e+03
-1.292584459816794040e-01 -1.246468131699606657e-02 9.915325944526828250e-01 1.616110593232944439e+03 7.959146188532263688e-02 9.965644091107030977e-01 2.290366103462534650e-02 -1.555622509073500908e+02 -9.884115809405302766e-01 8.187802033206519059e-02 -1.278222846343482488e-01 -1.051077233502419176e+03
-1.312804085630479289e-01 -1.337027179105759918e-02 9.912551085163461284e-01 1.616110593232944439e+03 7.742767930626147377e-02 9.967162800669926437e-01 2.369834438647808877e-02 -1.555622509073500908e+02 -9.883169576632619968e-01 7.986171098622435460e-02 -1.298140913521630968e-01 -1.051077233502419176e+03
-1.335303432138264801e-01 -1.302183209557434412e-02 9.909591713739130947e-01 1.616110593232944439e+03 7.620232663347534241e-02 9.968185338902783021e-01 2.336698329864051946e-02 -1.555622509073500908e+02 -9.881107492871650244e-01 7.863359575721486083e-02 -1.321132270495615213e-01 -1.051077233502419176e+03
-1.348667379993407078e-01 -1.405460619113656912e-02 9.907640642586049706e-01 1.616110593232944439e+03 7.655434127834082059e-02 9.967628657582262575e-01 2.456058380587386805e-02 -1.555622509073500908e+02 -9.879020173138916006e-01 7.915969612282953982e-02 -1.333542151448003366e-01 -1.051077233502419176e+03
-1.359246060136849454e-01 -1.428231824425841776e-02 9.906162308712662679e-01 1.616110593232944439e+03 7.584397065035015928e-02 9.968117801401106259e-01 2.477835930585698190e-02 -1.555622509073500908e+02 -9.878118209436519415e-01 7.850025706627762612e-02 -1.344080207596105858e-01 -1.051077233502419176e+03
-1.364751777080315254e-01 -1.527253826669125805e-02 9.905257570827994407e-01 1.616110593232944439e+03 7.755250294093266050e-02 9.966478286440307865e-01 2.605215819721779652e-02 -1.555622509073500908e+02 -9.876032275955551887e-01 8.037322460887909303e-02 -1.348332659576773895e-01 -1.051077233502419176e+03
-1.352602691633104648e-01 -1.787207048350039629e-02 9.906489028321289192e-01 1.616110593232944439e+03 7.766563063304254833e-02 9.965696438470883489e-01 2.858312055841122010e-02 -1.555622509073500908e+02 -9.877614638181836382e-01 8.080553235464972561e-02 -1.334082326419250286e-01 -1.051077233502419176e+03
-1.335317649937177720e-01 -1.889959409618259534e-02 9.908643060887100118e-01 1.616110593232944439e+03 7.849691520836199476e-02 9.964752665023782763e-01 2.958509002491365239e-02 -1.555622509073500908e+02 -9.879309196702136253e-01 8.173034070656537420e-02 -1.315775412734100924e-01 -1.051077233502419176e+03
-1.325159929680378434e-01 -2.103195185243123336e-02 9.909577027345672917e-01 1.616110593232944439e+03 7.832329931477363671e-02 9.964263753979931693e-01 3.162181518607080216e-02 -1.555622509073500908e+02 -9.880814604030094817e-01 8.180547299839664721e-02 -1.303951386952987845e-01 -1.051077233502419176e+03
-1.304866105004555132e-01 -2.183958199425582031e-02 9.912095021429219166e-01 1.616110593232944439e+03 7.711300883022396968e-02 9.965052325314157633e-01 3.210771568726053515e-02 -1.555622509073500908e+02 -9.884466745096838203e-01 8.062477408229462572e-02 -1.283464742598239838e-01 -1.051077233502419176e+03
-1.296110089089856088e-01 -2.333290643109866419e-02 9.912903519388618356e-01 1.616110593232944439e+03 7.750062770312972360e-02 9.964263981119015900e-01 3.358698931667936788e-02 -1.555622509073500908e+02 -9.885315569445500827e-01 8.117886808287097522e-02 -1.273395158682843475e-01 -1.051077233502419176e+03
-1.290712337444291091e-01 -2.176470886714910319e-02 9.913964464671128907e-01 1.616110593232944439e+03 7.876636277610694903e-02 9.963752335922632097e-01 3.212870957541517913e-02 -1.555622509073500908e+02 -9.885021379413977405e-01 8.223558434088987235e-02 -1.268890537178037625e-01 -1.051077233502419176e+03
-1.292015328140810049e-01 -2.079027722355498986e-02 9.914003874779653280e-01 1.616110593232944439e+03 7.979689448363186388e-02 9.963198378467230665e-01 3.129275225740505567e-02 -1.555622509073500908e+02 -9.884024582877466436e-01 8.315374366824163088e-02 -1.270670506649825837e-01 -1.051077233502419176e+03
-1.294673993997955685e-01 -2.094175848596615402e-02 9.913625145445884579e-01 1.616110593232944439e+03 7.929290162572738554e-02 9.963566208694166759e-01 3.140254450591404428e-02 -1.555622509073500908e+02 -9.884082295511441574e-01 8.267361611293748413e-02 -1.273351677832368356e-01 -1.051077233502419176e+03
-1.285199379228687544e-01 -2.233034238240189442e-02 9.914554863257283301e-01 1.616110593232944439e+03 7.750284295062921658e-02 9.964626104064506773e-01 3.248961982737931520e-02 -1.555622509073500908e+02 -9.886738263405545624e-01 8.101618277259772793e-02 -1.263346478132025830e-01 -1.051077233502419176e+03
-1.284637768392089263e-01 -2.475043458211038591e-02 9.914053026024229887e-01 1.616110593232944439e+03 7.504638992287697430e-02 9.965794537104150086e-01 3.460392754861765785e-02 -1.555622509073500908e+02 -9.888706171182105598e-01 7.884674013707777818e-02 -1.261669297795886546e-01 -1.051077233502419176e+03
-1.278871268016982254e-01 -2.702024795588045883e-02 9.914205913732114794e-01 1.616110593232944439e+03 7.546880891758678267e-02 9.964654453812136214e-01 3.689275053145329997e-02 -1.555622509073500908e+02 -9.889132124099505594e-01 7.953943903258788028e-02 -1.253959168370926691e-01 -1.051077233502419176e+03
-1.272425123391791313e-01 -2.966820411314186751e-02 9.914278293039360257e-01 1.616110593232944439e+03 7.693402360414387797e-02 9.962460303875831924e-01 3.968630682055527409e-02 -1.555622509073500908e+02 -9.888834608110765867e-01 8.132431740678779108e-02 -1.244823534989201452e-01 -1.051077233502419176e+03
-1.263288109476403409e-01 -3.108317443819662296e-02 9.915013201158131562e-01 1.616110593232944439e+03 7.596868077866024416e-02 9.962705301775761635e-01 4.091198162442096636e-02 -1.555622509073500908e+02 -9.890752201249946030e-01 8.049140927162591608e-02 -1.234963237030284877e-01 -1.051077233502419176e+03
-1.261446951478344125e-01 -3.175972083423259096e-02 9.915033212342715396e-01 1.616110593232944439e+03 7.562010155619676433e-02 9.962713424508754523e-01 4.153326921585210468e-02 -1.555622509073500908e+02 -9.891254299262007832e-01 8.021678342877129608e-02 -1.232726714631111470e-01 -1.051077233502419176e+03
-1.254321507995180551e-01 -3.394448853313054848e-02 9.915213296969613843e-01 1.616110593232944439e+03 7.432101201219354358e-02 9.962847527311655682e-01 4.350952365722790538e-02 -1.555622509073500908e+02 -9.893144913116816985e-01 7.914836178734530048e-02 -1.224433506038204306e-01 -1.051077233502419176e+03
-1.238213451418042205e-01 -3.519728934970597911e-02 9.916801023060345388e-01 1.616110593232944439e+03 7.544889806845693492e-02 9.961438392289859722e-01 4.477628106917834472e-02 -1.555622509073500908e+02 -9.894320281189259436e-01 8.036543030784083774e-02 -1.206882734316252065e-01 -1.051077233502419176e+03
-1.240774259901430976e-01 -3.992491514329449959e-02 9.914690078416275032e-01 1.616110593232944439e+03 7.375993391494230222e-02 9.960547226206666327e-01 4.934026442900656811e-02 -1.555622509073500908e+02 -9.895272934631590411e-01 7.925270150513871736e-02 -1.206430470255721588e-01 -1.051077233502419176e+03
-1.239523062667938491e-01 -3.935649446670886481e-02 9.915073837921907218e-01 1.616110593232944439e+03 7.549242444940432173e-02 9.959431788968611254e-01 4.897017724656323179e-02 -1.555622509073500908e+02 -9.894123102235462541e-01 8.092126266996640949e-02 -1.204783367498295649e-01 -1.051077233502419176e+03
-1.237671875272119137e-01 -3.562347527842859435e-02 9.916716449010180012e-01 1.616110593232944439e+03 7.792699976262029704e-02 9.959201574049324490e-01 4.550189866944734374e-02 -1.555622509073500908e+02 -9.892467164462066531e-01 8.290963806226733790e-02 -1.204862063341039513e-01 -1.051077233502419176e+03
-1.266204108648711912e-01 -3.655998093075087108e-02 9.912772767226911697e-01 1.616110593232944439e+03 7.824292865997869995e-02 9.958388662194186391e-01 4.672254960428241788e-02 -1.555622509073500908e+02 -9.888606148831703413e-01 8.347646567242293647e-02 -1.232329664161383592e-01 -1.051077233502419176e+03
-1.282835508282351156e-01 -3.408605413385096955e-02 9.911515885577157903e-01 1.616110593232944439e+03 7.981590021448126127e-02 9.958123967472735094e-01 4.457681636674734604e-02 -1.555622509073500908e+02 -9.885204867173227328e-01 8.482812857789469307e-02 -1.250257411180656919e-01 -1.051077233502419176e+03
-1.287719332669564065e-01 -3.286146386710713657e-02 9.911296148310779763e-01 1.616110593232944439e+03 7.962192809513914116e-02 9.958814815746562799e-01 4.336384695886570662e-02 -1.555622509073500908e+02 -9.884726287404744793e-01 8.449969733183154696e-02 -1.256250905740045609e-01 -1.051077233502419176e+03
-1.307271352861693881e-01 -3.250138730692066213e-02 9.908855009147105042e-01 1.616110593232944439e+03 7.891178956165247060e-02 9.959503942973106927e-01 4.307831899228201089e-02 -1.555622509073500908e+02 -9.882729104695978650e-01 8.382405336268199114e-02 -1.276329992979958472e-01 -1.051077233502419176e+03
-1.305624168401455509e-01 -3.111637997559313709e-02 9.909516770287408738e-01 1.616110593232944439e+03 7.773594023137095355e-02 9.961090205904810091e-01 4.152038890243309188e-02 -1.555622509073500908e+02 -9.883878686554208315e-01 8.245356266093038788e-02 -1.276355401105672416e-01 -1.051077233502419176e+03
-1.317710980758443340e-01 -2.884887899004060993e-02 9.908602928228095186e-01 1.616110593232944439e+03 8.042353308983497817e-02 9.959701446030002625e-01 3.969290093730536151e-02 -1.555622509073500908e+02 -9.880123648200133113e-01 8.491886268956617967e-02 -1.289199508310377162e-01 -1.051077233502419176e+03
-1.340938615606292184e-01 -2.583742531865487746e-02 9.906317498165809754e-01 1.616110593232944439e+03 8.169619990644932939e-02 9.959689381972863798e-01 3.703518687690332545e-02 -1.555622509073500908e+02 -9.875953458844389798e-01 8.589704068863757147e-02 -1.314425014534160996e-01 -1.051077233502419176e+03
-1.380893837838147176e-01 -2.649627590398042840e-02 9.900652854480992415e-01 1.616110593232944439e+03 8.275441935990789089e-02 9.958378410403562198e-01 3.819293689254704000e-02 -1.555622509073500908e+02 -9.869564469431317821e-01 8.720631694604785711e-02 -1.353219498902364648e-01 -1.051077233502419176e+03
-1.432811746936800967e-01 -2.421234247142970211e-02 9.893858031377068540e-01 1.616110593232944439e+03 8.295797204348288878e-02 9.958885901211939062e-01 3.638531215813609748e-02 -1.555622509073500908e+02 -9.861990062116430256e-01 8.729077006453375698e-02 -1.406834802267485640e-01 -1.051077233502419176e+03
-1.490487111413825727e-01 -2.046509796213138305e-02 9.886180564163757900e-01 1.616110593232944439e+03 8.288454971405213867e-02 9.960088373158827446e-01 3.311415720434492116e-02 -1.555622509073500908e+02 -9.853500053918871071e-01 8.687678489709653451e-02 -1.467575930579172461e-01 -1.051077233502419176e+03
-1.515640365845152826e-01 -1.829275153168334264e-02 9.882781582406885423e-01 1.616110593232944439e+03 8.415275689149884220e-02 9.959598741607137429e-01 3.134074934214055308e-02 -1.555622509073500908e+02 -9.848586986577154700e-01 8.791646207148832992e-02 -1.494123133314845531e-01 -1.051077233502419176e+03
-1.563503358179031411e-01 -1.922491915236838878e-02 9.875145441831291171e-01 1.616110593232944439e+03 8.576978835069980212e-02 9.957694671796792907e-01 3.296530962945102422e-02 -1.555622509073500908e+02 -9.839705869058821275e-01 8.985305067873375351e-02 -1.540399733440026842e-01 -1.051077233502419176e+03
-1.631152101532821197e-01 -1.748242152084901815e-02 9.864521241065972168e-01 1.616110593232944439e+03 8.802029314028184115e-02 9.955981333176191495e-01 3.219914486384219815e-02 -1.555622509073500908e+02 -9.826728123908539114e-01 9.207997541394115359e-02 -1.608583908772550641e-01 -1.051077233502419176e+03
-1.678812801881373884e-01 -1.947635945926528417e-02 9.856148066991516909e-01 1.616110593232944439e+03 8.801948930682730599e-02 9.955154153564272912e-01 3.466449610012656973e-02 -1.555622509073500908e+02 -9.818698718590760377e-01 9.257283192127591098e-02 -1.654141031639050907e-01 -1.051077233502419176e+03
-1.722107364005909524e-01 -1.876036367969520502e-02 9.848814705450457119e-01 1.616110593232944439e+03 8.845343840921794654e-02 9.954851311930253965e-01 3.442880780948429087e-02 -1.555622509073500908e+02 -9.810807568706838566e-01 9.304516284150526895e-02 -1.697738088453168703e-01 -1.051077233502419176e+03
-1.770868927885158040e-01 -1.652316170363039502e-02 9.840565113497418137e-01 1.616110593232944439e+03 8.855581742189061467e-02 9.955358908611329216e-01 3.265206284543126919e-02 -1.555622509073500908e+02 -9.802030909986206852e-01 9.292618110434651413e-02 -1.748331354809894711e-01 -1.051077233502419176e+03
-1.821732691585635500e-01 -1.617248900068055800e-02 9.831334347908244897e-01 1.616110593232944439e+03 8.814077791819865948e-02 9.955708389011156401e-01 3.270944814108327214e-02 -1.555622509073500908e+02 -9.793079716167213400e-01 9.261293284009099180e-02 -1.799409386401599475e-01 -1.051077233502419176e+03
-1.871585621483740636e-01 -1.562950545221608589e-02 9.822053711795064590e-01 1.616110593232944439e+03 8.760926294359400179e-02 9.956234060668470720e-01 3.253690732569693156e-02 -1.555622509073500908e+02 -9.784151928813422661e-01 9.213984942011151091e-02 -1.849701556679000380e-01 -1.051077233502419176e+03
-1.978825313604327674e-01 -1.461433012208331744e-02 9.801167915802022623e-01 1.616110593232944439e+03 8.910612235386158875e-02 9.954808130452619253e-01 3.283366896637418542e-02 -1.555622509073500908e+02 -9.761673026389722230e-01 9.383161628053988956e-02 -1.956860369181638859e-01 -1.051077233502419176e+03
-2.047128073212345634e-01 -1.172173259530200594e-02 9.787518927203271435e-01 1.616110593232944439e+03 9.092470799429110129e-02 9.953770713848775209e-01 3.093837806685823325e-02 -1.555622509073500908e+02 -9.745898439830025239e-01 9.532621227249134244e-02 -2.027006395129760663e-01 -1.051077233502419176e+03
-2.110639956696347408e-01 -1.202833748302221950e-02 9.773982345131194682e-01 1.616110593232944439e+03 9.049838912828168935e-02 9.953890121236520505e-01 3.179239073545725436e-02 -1.555622509073500908e+02 -9.732738727085793462e-01 9.516319478078337502e-02 -2.090022369783676170e-01 -1.051077233502419176e+03
-2.167757969085232772e-01 -1.073455629854676123e-02 9.761623959033394193e-01 1.616110593232944439e+03 9.094042333768935504e-02 9.953693217134170768e-01 3.114085411358805469e-02 -1.555622509073500908e+02 -9.719763851441237668e-01 9.552320499667164844e-02 -2.147957728385941345e-01 -1.051077233502419176e+03
-2.219050968568382631e-01 -1.001477457983043252e-02 9.750168369208156438e-01 1.616110593232944439e+03 9.201146478184042687e-02 9.952701686363935041e-01 3.116378942257840706e-02 -1.555622509073500908e+02 -9.707172700316292202e-01 9.662813106228820836e-02 -2.199340490914345192e-01 -1.051077233502419176e+03
-2.256644648473636328e-01 -9.085959387301941609e-03 9.741627146668899728e-01 1.616110593232944439e+03 9.272643546907018142e-02 9.952163004101588495e-01 3.076237252077320544e-02 -1.555622509073500908e+02 -9.697821185556861900e-01 9.727261043027293774e-02 -2.237424452126344221e-01 -1.051077233502419176e+03
-2.122362985929367452e-01 -1.228855691629110458e-02 9.771411079923327803e-01 1.616110593232944439e+03 9.402062038693012602e-02 9.950253350428227561e-01 3.293486852812080312e-02 -1.555622509073500908e+02 -9.726848803706308333e-01 9.886138777006875378e-02 -2.100251163707601010e-01 -1.051077233502419176e+03
-1.995375280601615064e-01 -1.696321923043833668e-02 9.797433460294484586e-01 1.616110593232944439e+03 9.474349518551934690e-02 9.948316162112520455e-01 3.652020682483545638e-02 -1.555622509073500908e+02 -9.752991566774131815e-01 1.001114607816630253e-01 -1.968990868554030826e-01 -1.051077233502419176e+03
-2.042418264896079805e-01 -1.635285781637828978e-02 9.787838680492363386e-01 1.616110593232944439e+03 9.575388033447260194e-02 9.947319346720862043e-01 3.660017137130855414e-02 -1.555622509073500908e+02 -9.742260880889412888e-01 1.011976392252113971e-01 -2.016000176144966960e-01 -1.051077233502419176e+03
-2.077647495515983489e-01 -1.583268053174552090e-02 9.780506812384210935e-01 1.616110593232944439e+03 9.661233249100133202e-02 9.946480311527400309e-01 3.662446360856676936e-02 -1.555622509073500908e+02 -9.733960478933590954e-01 1.021010301179561264e-01 -2.051231668886872306e-01 -1.051077233502419176e+03
-2.115665130463864618e-01 -1.350231091747303852e-02 9.772703301324967562e-01 1.616110593232944439e+03 9.611356391999063831e-02 9.947705161240593119e-01 3.455145555341743863e-02 -1.555622509073500908e+02 -9.726262351941735718e-01 1.012388653144178086e-01 -2.091623741542917303e-01 -1.051077233502419176e+03
-2.172953961856312621e-01 -1.202927900711044627e-02 9.760317654887552541e-01 1.616110593232944439e+03 9.770807784592287770e-02 9.946337786791378255e-01 3.401143681329046875e-02 -1.555622509073500908e+02 -9.712032960818167693e-01 1.027567163596593974e-01 -2.149539832680421314e-01 -1.051077233502419176e+03
-2.214130194361912940e-01 -1.261491764055679837e-02 9.750985276765973264e-01 1.616110593232944439e+03 9.854364905283810594e-02 9.945084945846291991e-01 3.524206904192712930e-02 -1.555622509073500908e+02 -9.701883446297944191e-01 1.038928200210576802e-01 -2.189540086241269223e-01 -1.051077233502419176e+03
-2.264502053103767398e-01 -1.101464912728436149e-02 9.739604622465369843e-01 1.616110593232944439e+03 9.891059537541070645e-02 9.945069284890449834e-01 3.424417190935482441e-02 -1.555622509073500908e+02 -9.689876153168165418e-01 1.040896089524766949e-01 -2.241168326359099516e-01 -1.051077233502419176e+03
-2.315196016033983228e-01 -1.080974627885158447e-02 9.727701801858380515e-01 1.616110593232944439e+03 9.912706689777484037e-02 9.944715557887193746e-01 3.464317155512582763e-02 -1.555622509073500908e+02 -9.677667584090955399e-01 1.044484280041672736e-01 -2.291681199595888563e-01 -1.051077233502419176e+03
-2.361518513995107538e-01 -9.733439880287162588e-03 9.716674138966879815e-01 1.616110593232944439e+03 9.964663325240016856e-02 9.944356774383208419e-01 3.417940782458277899e-02 -1.555622509073500908e+02 -9.665934261943052164e-01 1.048949168733898651e-01 -2.338679218107554136e-01 -1.051077233502419176e+03
-2.395635055639868949e-01 -5.969125322139729427e-03 9.708623467540489216e-01 1.616110593232944439e+03 9.974181061553355487e-02 9.945388200727455219e-01 3.072631744019306901e-02 -1.555622509073500908e+02 -9.657437020333237143e-01 1.041964726427437038e-01 -2.376598347886814955e-01 -1.051077233502419176e+03
-2.441167090214441948e-01 -3.837174208966127875e-03 9.697382680242263575e-01 1.616110593232944439e+03 9.902526093070809776e-02 9.946662118406588426e-01 2.886389994696188233e-02 -1.555622509073500908e+02 -9.646766453450321688e-01 1.030747452901729366e-01 -2.424346650320935159e-01 -1.051077233502419176e+03
-2.499375658941034861e-01 -3.332366249627058841e-03 9.682562204758127233e-01 1.616110593232944439e+03 9.850828687027947395e-02 9.947179026712424932e-01 2.885154282177687657e-02 -1.555622509073500908e+02 -9.632379407876402455e-01 1.025923459157328105e-01 -2.482891056544676289e-01 -1.051077233502419176e+03
-2.541031041560231074e-01 -3.405152748579949595e-03 9.671711417288196833e-01 1.616110593232944439e+03 9.819918591001894348e-02 9.947353010002720763e-01 2.930189124437242165e-02 -1.555622509073500908e+02 -9.621790542019105219e-01 1.024211202762753820e-01 -2.524309445699400301e-01 -1.051077233502419176e+03
-2.572420389869005120e-01 -3.438919493597660925e-03 9.663408856146855630e-01 1.616110593232944439e+03 9.910208028964009874e-02 9.946273297746223152e-01 2.992077117421958546e-02 -1.555622509073500908e+02 -9.612519498342397828e-01 1.034632722182697306e-01 -2.555191582675607198e-01 -1.051077233502419176e+03
-2.577367383856863370e-01 -4.703971485502431160e-03 9.662037292096157248e-01 1.616110593232944439e+03 1.001521371557782536e-01 9.944715590008915695e-01 3.155737253726426800e-02 -1.555622509073500908e+02 -9.610105738801413278e-01 1.049008626780068842e-01 -2.558407432368303147e-01 -1.051077233502419176e+03
-2.602399531622309747e-01 -7.624003358072620889e-03 9.655138742405064978e-01 1.616110593232944439e+03 1.010941778933802104e-01 9.942575112403854165e-01 3.509940937004470823e-02 -1.555622509073500908e+02 -9.602370196853389217e-01 1.067421000114834040e-01 -2.579747858046583242e-01 -1.051077233502419176e+03
-2.616207503003060708e-01 -7.310324842035526363e-03 9.651430682354846802e-01 1.616110593232944439e+03 1.017484112959849279e-01 9.941903555461368835e-01 3.511121954274326606e-02 -1.555622509073500908e+02 -9.597926045823903518e-01 1.073875974670287087e-01 -2.593570128205784919e-01 -1.051077233502419176e+03
-2.639452414308946504e-01 -3.074869477464095210e-03 9.645327649715582652e-01 1.616110593232944439e+03 1.042650928308254676e-01 9.940441767418298769e-01 3.170118456189096462e-02 -1.555622509073500908e+02 -9.588856553014893924e-01 1.089344750909703730e-01 -2.620526286715915698e-01 -1.051077233502419176e+03
-2.675141278789505139e-01 -1.646792370070971267e-03 9.635525307216258328e-01 1.616110593232944439e+03 1.052862766677679363e-01 9.939608403419326610e-01 3.092972376513542648e-02 -1.555622509073500908e+02 -9.577844179827751381e-01 1.097229964120565587e-01 -2.657251827128161437e-01 -1.051077233502419176e+03
-2.724129141822949629e-01 -2.036239975819084842e-03 9.621782880077194289e-01 1.616110593232944439e+03 1.056239256808219479e-01 9.938908858359466469e-01 3.200770807163957204e-02 -1.555622509073500908e+02 -9.563654063748240342e-01 1.103483610163238510e-01 -2.705336369299236599e-01 -1.051077233502419176e+03
-2.754478778643949521e-01 -1.021397547990065711e-03 9.613154650410264956e-01 1.616110593232944439e+03 1.062867750378049536e-01 9.938361069049330698e-01 3.151053893698689545e-02 -1.555622509073500908e+02 -9.554222040710926844e-01 1.108546316537394189e-01 -2.736414855405734370e-01 -1.051077233502419176e+03
-2.787088383841236361e-01 7.283366713043041380e-04 9.603753708484296103e-01 1.616110593232944439e+03 1.054686841666405001e-01 9.939743918259906774e-01 2.985406260965027189e-02 -1.555622509073500908e+02 -9.545667813551493852e-01 1.096101177804203741e-01 -2.771062648397454309e-01 -1.051077233502419176e+03
-2.847443729722857197e-01 3.230592594993169329e-03 9.585980415857825454e-01 1.616110593232944439e+03 1.063242716406548605e-01 9.939306001213475961e-01 2.823316139743530656e-02 -1.555622509073500908e+02 -9.526887169063691374e-01 1.099614724069092053e-01 -2.833596359141562493e-01 -1.051077233502419176e+03
-2.858048184427324223e-01 2.646965905051896963e-03 9.582841954902556747e-01 1.616110593232944439e+03 1.068242454584601014e-01 9.938515546280819457e-01 2.911473760085619977e-02 -1.555622509073500908e+02 -9.523151717457551957e-01 1.106891184120392113e-01 -2.843303232650729040e-01 -1.051077233502419176e+03
-2.907321158341568679e-01 4.095036287150599121e-03 9.567957292444364548e-01 1.616110593232944439e+03 1.105021762439522270e-01 9.934431510443922919e-01 2.932532503367678289e-02 -1.555622509073500908e+02 -9.504020758962730131e-01 1.142538240969994540e-01 -2.892783396856214440e-01 -1.051077233502419176e+03
-2.935514894539340003e-01 5.031095865747426191e-03 9.559300241721451208e-01 1.616110593232944439e+03 1.131923670464288212e-01 9.931340821702435706e-01 2.953274241050910659e-02 -1.555622509073500908e+02 -9.492181051169450434e-01 1.168733626890641475e-01 -2.921054706984275717e-01 -1.051077233502419176e+03
-2.967920050377916286e-01 6.633313524603451014e-03 9.549191090858549780e-01 1.616110593232944439e+03 1.146908388886974522e-01 9.929851621272847151e-01 2.874855248613196468e-02 -1.555622509073500908e+02 -9.480298081920498499e-01 1.180528142262024377e-01 -2.954708375332874559e-01 -1.051077233502419176e+03
