1.000000000000000000e+00 0.000000000000000000e+00 0.000000000000000000e+00 1.703794579434394564e+03 0.000000000000000000e+00 1.000000000000000000e+00 0.000000000000000000e+00 -1.784180121351488140e+02 0.000000000000000000e+00 0.000000000000000000e+00 1.000000000000000000e+00 -7.853440516873299657e+02
9.989620210590985927e-01 -3.633668750132532099e-03 4.540569273709271769e-02 1.703794579434394564e+03 3.874647653391612677e-03 9.999788672700187231e-01 -5.220356207413346696e-03 -1.784180121351488140e+02 -4.538576414563305628e-02 5.390868648420444990e-03 9.989549894505419525e-01 -7.853440516873299657e+02
9.959060671326227521e-01 -1.668972185485242520e-03 9.037875845726109358e-02 1.703794579434394564e+03 2.483555386211755856e-03 9.999572986398888030e-01 -8.901283584966356022e-03 -1.784180121351488140e+02 -9.036004316663137637e-02 9.089302979901679388e-03 9.958676855738737288e-01 -7.853440516873299657e+02
9.905316783516923129e-01 1.580056114299801433e-03 1.372752621722329314e-01 1.703794579434394564e+03 4.202475621513141764e-05 9.999302283570984384e-01 -1.181256329680443681e-02 -1.784180121351488140e+02 -1.372843487645240834e-01 1.170648710744645604e-02 9.904625009276744052e-01 -7.853440516873299657e+02
9.829950178274636796e-01 7.850970282565270094e-04 1.836305490626237158e-01 1.703794579434394564e+03 1.465447436295763987e-03 9.999254786447171472e-01 -1.211980284266172062e-02 -1.784180121351488140e+02 -1.836263798864310459e-01 1.218280672873700912e-02 9.829206131880713349e-01 -7.853440516873299657e+02
9.739271195250549518e-01 1.709057671735403133e-03 2.268546780992273249e-01 1.703794579434394564e+03 1.134998482925876065e-03 9.999224000071282870e-01 -1.240587531892361518e-02 -1.784180121351488140e+02 -2.268582765342122831e-01 1.233989813003351019e-02 9.738496030096572831e-01 -7.853440516873299657e+02
9.627484547007444382e-01 5.108977849630875426e-04 2.703981360046365245e-01 1.703794579434394564e+03 3.253631483700363067e-03 9.999039313319542099e-01 -1.347375185577878200e-02 -1.784180121351488140e+02 -2.703790429258467465e-01 1.385160966661089059e-02 9.626543024659198755e-01 -7.853440516873299657e+02
9.494814372037869710e-01 -9.159783711795162859e-05 3.138231859108999156e-01 1.703794579434394564e+03 5.245276723903135457e-03 9.998648988654994518e-01 -1.557790386330752501e-02 -1.784180121351488140e+02 -3.137793611401499816e-01 1.643702000123522730e-02 9.493536416404363409e-01 -7.853440516873299657e+02
9.350774368472474229e-01 2.288481607949815685e-03 3.544361013654112602e-01 1.703794579434394564e+03 4.047089862033943601e-03 9.998450327568383367e-01 -1.713276204018698845e-02 -1.784180121351488140e+02 -3.544203833907280110e-01 1.745489396722666245e-02 9.349232687840013378e-01 -7.853440516873299657e+02
9.175210859795503993e-01 4.088792519003691533e-03 3.976661144209336918e-01 1.703794579434394564e+03 2.962193974226362894e-03 9.998491399023280435e-01 -1.711498885287191310e-02 -1.784180121351488140e+02 -3.976761021104557869e-01 1.688132732670664243e-02 9.173705568623415907e-01 -7.853440516873299657e+02
8.974497280640286734e-01 6.339776687034163159e-03 4.410711879383639733e-01 1.703794579434394564e+03 1.573449441236682809e-03 9.998443473333150644e-01 -1.757285868813113217e-02 -1.784180121351488140e+02 -4.411139420315989823e-01 1.646476046517810973e-02 8.973000623025538802e-01 -7.853440516873299657e+02
8.756315949234100282e-01 8.493962016111206853e-03 4.829049208500095780e-01 1.703794579434394564e+03 -4.996835527759750921e-05 9.998469319020092394e-01 -1.749600723886142808e-02 -1.784180121351488140e+02 -4.829796139331851146e-01 1.529592675870542970e-02 8.754979880899460554e-01 -7.853440516873299657e+02
8.530678860227366433e-01 1.000540803876556230e-02 5.217040096133791494e-01 1.703794579434394564e+03 -1.100909303052392140e-04 9.998195755594287970e-01 -1.899484688410870564e-02 -1.784180121351488140e+02 -5.217999326530102788e-01 1.614645899698987155e-02 8.529150732313106609e-01 -7.853440516873299657e+02
8.273395100682837677e-01 9.273247609890910431e-03 5.616256243786760249e-01 1.703794579434394564e+03 1.598976053903900657e-03 9.998207811376907950e-01 -1.886395718815848943e-02 -1.784180121351488140e+02 -5.616999006191394361e-01 1.650492302264045669e-02 8.271764075216756495e-01 -7.853440516873299657e+02
7.999257185055089758e-01 1.115803482408995323e-02 5.999952859250724524e-01 1.703794579434394564e+03 1.557735498470654489e-03 9.997851458270284875e-01 -2.066967933336436372e-02 -1.784180121351488140e+02 -6.000970074359326389e-01 1.746884204782049935e-02 7.997364698598821153e-01 -7.853440516873299657e+02
7.711740036919961794e-01 8.984105562106804721e-03 6.365610276139325174e-01 1.703794579434394564e+03 3.655604513818926440e-03 9.998214433195778961e-01 -1.853963413863737517e-02 -1.784180121351488140e+02 -6.366139274201400022e-01 1.662429925154451302e-02 7.710034630850237658e-01 -7.853440516873299657e+02
7.406212824231960257e-01 1.179538397785852462e-02 6.718191608897703393e-01 1.703794579434394564e+03 2.204687360438748172e-03 9.997978630519703813e-01 -1.998430359948251758e-02 -1.784180121351488140e+02 -6.719190839494462164e-01 1.628195177269748523e-02 7.404455703635537400e-01 -7.853440516873299657e+02
7.088569644687088278e-01 1.317008611745263194e-02 7.052292909088974104e-01 1.703794579434394564e+03 3.716806854554849208e-03 9.997420448020344352e-01 -2.240600816417091801e-02 -1.784180121351488140e+02 -7.053424624046202851e-01 1.850385599559836031e-02 7.086251604637536783e-01 -7.853440516873299657e+02
6.752988417272826061e-01 1.157502666169311738e-02 7.374533836925363239e-01 1.703794579434394564e+03 7.128727635510344503e-03 9.997276989257013469e-01 -2.221956892068342737e-02 -1.784180121351488140e+02 -7.375097664465798397e-01 2.026195347204665445e-02 6.750324419147627486e-01 -7.853440516873299657e+02
6.401732040395550216e-01 1.427836412049677227e-02 7.680979085688049990e-01 1.703794579434394564e+03 7.496979391314257876e-03 9.996635425151108034e-01 -2.483137261903388751e-02 -1.784180121351488140e+02 -7.681940276582056581e-01 2.165479356127892469e-02 6.398507683718774874e-01 -7.853440516873299657e+02
6.036576983544132968e-01 1.464732175630133366e-02 7.971090509979290584e-01 1.703794579434394564e+03 9.979684613884799715e-03 9.996140454115335361e-01 -2.592616653105233454e-02 -1.784180121351488140e+02 -7.971811520052760613e-01 2.360542694712063419e-02 6.032785382443044409e-01 -7.853440516873299657e+02
5.654918007068313601e-01 1.306470647326181227e-02 8.246504330794426352e-01 1.703794579434394564e+03 1.587337575789934951e-02 9.995169221060349329e-01 -2.671999935866328432e-02 -1.784180121351488140e+02 -8.246011516335600700e-01 2.819992674540031802e-02 5.650112431236747890e-01 -7.853440516873299657e+02
5.282237127638733654e-01 1.476003698887480391e-02 8.489769434925990010e-01 1.703794579434394564e+03 1.680720681642802403e-02 9.994712607575964025e-01 -2.783373346589517600e-02 -1.784180121351488140e+02 -8.489388830021737942e-01 2.897136910309427299e-02 5.276963451638769786e-01 -7.853440516873299657e+02
4.909853884613761821e-01 1.315732817270995857e-02 8.710684433687096995e-01 1.703794579434394564e+03 1.795314340397478545e-02 9.995207783404308488e-01 -2.521702416336201943e-02 -1.784180121351488140e+02 -8.709827971661366908e-01 2.801960708316375559e-02 4.905138822291957301e-01 -7.853440516873299657e+02
4.554932334866011456e-01 1.168206995886403657e-02 8.901625938497960133e-01 1.703794579434394564e+03 2.011097255911494311e-02 9.995236939454482661e-01 -2.340799060945542021e-02 -1.784180121351488140e+02 -8.900120578007058025e-01 2.856421683018867813e-02 4.550413415133077177e-01 -7.853440516873299657e+02
4.201276399652354998e-01 1.389197167309463680e-02 9.073586828042564667e-01 1.703794579434394564e+03 2.160341760131011604e-02 9.994463280376296721e-01 -2.530473710676143378e-02 -1.784180121351488140e+02 -9.072078364328565181e-01 3.023326801939944797e-02 4.195949130050103948e-01 -7.853440516873299657e+02
3.866443269292765827e-01 1.618627734657795275e-02 9.220868553878567297e-01 1.703794579434394564e+03 1.975527089587493165e-02 9.994711730032471708e-01 -2.582834890858903137e-02 -1.784180121351488140e+02 -9.220172957842150963e-01 2.820246019716849198e-02 3.861200946772775922e-01 -7.853440516873299657e+02
3.528408247464693281e-01 1.694587423560299164e-02 9.355298978325717885e-01 1.703794579434394564e+03 1.829382099272244475e-02 9.995199379455262934e-01 -2.500459483490021992e-02 -1.784180121351488140e+02 -9.355045101471809454e-01 2.593705834828649581e-02 3.523614344654080188e-01 -7.853440516873299657e+02
3.202245348478573450e-01 1.794659195746372074e-02 9.471716671853025460e-01 1.703794579434394564e+03 1.885780851677769723e-02 9.995016766701200206e-01 -2.531366017713016989e-02 -1.784180121351488140e+02 -9.471539633762915411e-01 2.596763698781577936e-02 3.197265260966801192e-01 -7.853440516873299657e+02
2.882351028184846897e-01 2.283861360923966285e-02 9.572872730960259036e-01 1.703794579434394564e+03 2.001668422284772972e-02 9.993533740700727419e-01 -2.986914942685734917e-02 -1.784180121351488140e+02 -9.573504362854491356e-01 2.777105441226507265e-02 2.875915692103832577e-01 -7.853440516873299657e+02
2.571870601053276029e-01 2.479338477368249818e-02 9.660435312064579172e-01 1.703794579434394564e+03 2.123297966302631345e-02 9.992845010186109933e-01 -3.129930667946236034e-02 -1.784180121351488140e+02 -9.661283437975554111e-01 2.856175931993082742e-02 2.564766055911185672e-01 -7.853440516873299657e+02
2.265536361324458903e-01 2.418407681571031406e-02 9.736984031946128715e-01 1.703794579434394564e+03 2.248130778776114697e-02 9.992955267265373198e-01 -3.005064166509883658e-02 -1.784180121351488140e+02 -9.737392057195388695e-01 2.869809563201097466e-02 2.258503454763278739e-01 -7.853440516873299657e+02
1.960975550367670961e-01 2.476036322361566469e-02 9.802717344296103530e-01 1.703794579434394564e+03 2.242300590780281142e-02 9.993065242261486292e-01 -2.972674629205673477e-02 -1.784180121351488140e+02 -9.803279847656394264e-01 2.780998115943787707e-02 1.954063643621950508e-01 -7.853440516873299657e+02
1.657004812065279720e-01 2.778318241045222778e-02 9.857846850621450052e-01 1.703794579434394564e+03 2.142442980292809038e-02 9.992657400183150296e-01 -3.176436105556970646e-02 -1.784180121351488140e+02 -9.859433778547039839e-01 2.638324469804130198e-02 1.649835751329772893e-01 -7.853440516873299657e+02
1.356655648087791433e-01 2.894317952920377399e-02 9.903318367516288356e-01 1.703794579434394564e+03 2.096300401667913760e-02 9.992655717601863774e-01 -3.207599659222686028e-02 -1.784180121351488140e+02 -9.905328904118786415e-01 2.511193846615856345e-02 1.349591921980870246e-01 -7.853440516873299657e+02
1.081670241765259471e-01 2.756552139960111517e-02 9.937504902694451747e-01 1.703794579434394564e+03 2.166509428809499510e-02 9.993127326936114274e-01 -3.007799803701463603e-02 -1.784180121351488140e+02 -9.938966337453216671e-01 2.478314561137942920e-02 1.074954748969571133e-01 -7.853440516873299657e+02
8.236472449600494572e-02 2.353248975556061773e-02 9.963243819583065264e-01 1.703794579434394564e+03 2.120605110912061192e-02 9.994534509712749148e-01 -2.535947038024959771e-02 -1.784180121351488140e+02 -9.963766133119814628e-01 2.321683155630471437e-02 8.182067695534904483e-02 -7.853440516873299657e+02
6.101000511888225730e-02 1.909794254867576771e-02 9.979544317581846569e-01 1.703794579434394564e+03 2.289046935639226302e-02 9.995272133152723892e-01 -2.052745125070403603e-02 -1.784180121351488140e+02 -9.978746442755408452e-01 2.409602524511964342e-02 6.054399953214616159e-02 -7.853440516873299657e+02
3.993810481128684531e-02 1.523478296674215041e-02 9.990860068943206995e-01 1.703794579434394564e+03 2.374788266339692214e-02 9.995868475744041914e-01 -1.619173323861200497e-02 -1.784180121351488140e+02 -9.989199096289388402e-01 2.437284440152818338e-02 3.955981044811371361e-02 -7.853440516873299657e+02
2.162911241009706290e-02 1.206194759049468435e-02 9.996932984254096599e-01 1.703794579434394564e+03 2.292467607237919092e-02 9.996583256118982685e-01 -1.255751813825289886e-02 -1.784180121351488140e+02 -9.995031969550307593e-01 2.318925300953492488e-02 2.134520605503490917e-02 -7.853440516873299657e+02
6.469835674144596219e-03 9.860524709552714179e-03 9.999304532210233631e-01 1.703794579434394564e+03 2.274309400209707094e-02 9.996912749635039619e-01 -1.000532043742614202e-02 -1.784180121351488140e+02 -9.997204073647594225e-01 2.280624507226257716e-02 6.243579433510468811e-03 -7.853440516873299657e+02
-7.146122928861276501e-03 8.080706238808058398e-03 9.999418158641867338e-01 1.703794579434394564e+03 2.204468426135837780e-02 9.997256038871449313e-01 -7.921415801500245740e-03 -1.784180121351488140e+02 -9.997314463509197058e-01 2.198679419936721766e-02 -7.322298678151074013e-03 -7.853440516873299657e+02
-2.115325922960335780e-02 8.354108045487017645e-03 9.997413407990732859e-01 1.703794579434394564e+03 2.075042621517765584e-02 9.997533546438907015e-01 -7.915155726534202699e-03 -1.784180121351488140e+02 -9.995608833061910836e-01 2.057762758558789873e-02 -2.132139317903945092e-02 -7.853440516873299657e+02
-3.440129276495342697e-02 9.039778387841597429e-03 9.993672165239351202e-01 1.703794579434394564e+03 2.033880764375612521e-02 9.997583328245306378e-01 -8.343191927878424938e-03 -1.784180121351488140e+02 -9.992011228775363740e-01 2.003892099425115883e-02 -3.457683741547106643e-02 -7.853440516873299657e+02
-4.553343317333816143e-02 1.002056474772906706e-02 9.989125561056807490e-01 1.703794579434394564e+03 2.354643666943614586e-02 9.996826365339184228e-01 -8.954972516197168622e-03 -1.784180121351488140e+02 -9.986852716364754690e-01 2.311308059801165868e-02 -4.575493111838820764e-02 -7.853440516873299657e+02
-5.534925591872362494e-02 1.219740644984195800e-02 9.983925496242147535e-01 1.703794579434394564e+03 2.653629331416219872e-02 9.995901450184914161e-01 -1.074090866994491418e-02 -1.784180121351488140e+02 -9.981143646929382385e-01 2.589913623672999640e-02 -5.565024470568774584e-02 -7.853440516873299657e+02
-6.354082238476481403e-02 1.371657683365860338e-02 9.978849730357869374e-01 1.703794579434394564e+03 2.956047999552481598e-02 9.994926732408874193e-01 -1.185639743846421401e-02 -1.784180121351488140e+02 -9.975413484728846703e-01 2.874459353949858006e-02 -6.391405502037160458e-02 -7.853440516873299657e+02
-6.988006471747494619e-02 1.386674010488487922e-02 9.974590167390057216e-01 1.703794579434394564e+03 3.460070794245390102e-02 9.993354083600353155e-01 -1.146876661905174739e-02 -1.784180121351488140e+02 -9.969551482213038218e-01 3.371134996918464383e-02 -7.031342203514671929e-02 -7.853440516873299657e+02
-7.586483575422656167e-02 1.534769616832568247e-02 9.969999874214181546e-01 1.703794579434394564e+03 3.555616306471416632e-02 9.992872683302892467e-01 -1.267732704886377279e-02 -1.784180121351488140e+02 -9.964839617194543031e-01 3.448773079390927976e-02 -7.635646967079595671e-02 -7.853440516873299657e+02
-8.090704519571534359e-02 1.433072948551885467e-02 9.966186232607286977e-01 1.703794579434394564e+03 3.677516512669345289e-02 9.992587299392456934e-01 -1.138322757876987674e-02 -1.784180121351488140e+02 -9.960429896684189766e-01 3.572983113056257126e-02 -8.137408616862375210e-02 -7.853440516873299657e+02
-8.498431614501242293e-02 1.534742680393636968e-02 9.962640827109352504e-01 1.703794579434394564e+03 3.818607466523037813e-02 9.991969576190344871e-01 -1.213522090969018814e-02 -1.784180121351488140e+02 -9.956502848445458742e-01 3.701211119840838032e-02 -8.550212812328504552e-02 -7.853440516873299657e+02
-8.827244770868530876e-02 1.450314139678749586e-02 9.959907800101069908e-01 1.703794579434394564e+03 3.907994747851006867e-02 9.991745892383587790e-01 -1.108593367444023203e-02 -1.784180121351488140e+02 -9.953294593653870814e-01 3.794468487129630530e-02 -8.876636868445017536e-02 -7.853440516873299657e+02
-9.176191292998409077e-02 1.559747920517436971e-02 9.956588120324518787e-01 1.703794579434394564e+03 3.864472689488329671e-02 9.991798593289843433e-01 -1.209106258900786469e-02 -1.784180121351488140e+02 -9.950308218435494068e-01 3.736746383895453438e-02 -9.228941557727275702e-02 -7.853440516873299657e+02
-9.109851534446597454e-02 1.264237842876245535e-02 9.957616335095951232e-01 1.703794579434394564e+03 4.122741244496786611e-02 9.991100321043318022e-01 -8.913148241435953772e-03 -1.784180121351488140e+02 -9.949881210170933299e-01 4.024070098973508286e-02 -9.153865314023448829e-02 -7.853440516873299657e+02
-9.345054527066698480e-02 8.322357219025336775e-03 9.955891391326712192e-01 1.703794579434394564e+03 3.978000461449866798e-02 9.991977881588294252e-01 -4.618589760259013931e-03 -1.784180121351488140e+02 -9.948289032901510565e-01 3.917293081736471227e-02 -9.370664154526350820e-02 -7.853440516873299657e+02
-9.479467108318180568e-02 6.044503881605419425e-03 9.954784951504758173e-01 1.703794579434394564e+03 4.023339198826728080e-02 9.991878078723250844e-01 -2.235792569996337357e-03 -1.784180121351488140e+02 -9.946834896103127210e-01 3.983953528999652216e-02 -9.496087049162592331e-02 -7.853440516873299657e+02
-9.544360984123502478e-02 4.009520446339539905e-03 9.954267632961572021e-01 1.703794579434394564e+03 4.000649083180392307e-02 9.991994020425090106e-01 -1.888100032288709228e-04 -1.784180121351488140e+02 -9.946305837001988559e-01 3.980551097125769461e-02 -9.552760472511716283e-02 -7.853440516873299657e+02
-9.603332609350707927e-02 3.901175974116135627e-03 9.953704742986082543e-01 1.703794579434394564e+03 4.117644852217981766e-02 9.991518887894244028e-01 5.670648941511533642e-05 -1.784180121351488140e+02 -9.945260682186857215e-01 4.099126680824399793e-02 -9.611251572473265836e-02 -7.853440516873299657e+02
-9.511090269485771020e-02 1.785303258989549662e-03 9.954650816984200734e-01 1.703794579434394564e+03 4.157642763050167778e-02 9.991329471421130926e-01 2.180504666586964655e-03 -1.784180121351488140e+02 -9.945980679923194234e-01 4.159527169509526223e-02 -9.510266304660600079e-02 -7.853440516873299657e+02
-9.312050700363350142e-02 1.895996276601291837e-03 9.956530401568133293e-01 1.703794579434394564e+03 4.381080846046811472e-02 9.990374341307011186e-01 2.195055257840145078e-03 -1.784180121351488140e+02 -9.946904967060989922e-01 4.382476929390400483e-02 -9.311393751157613641e-02 -7.853440516873299657e+02
-9.343400281601360602e-02 7.226769857701148894e-03 9.955992471447537850e-01 1.703794579434394564e+03 4.694110453241803760e-02 9.988936061460544913e-01 -2.845400816646158348e-03 -1.784180121351488140e+02 -9.945182853135750012e-01 4.646867114470340510e-02 -9.366986056887070811e-02 -7.853440516873299657e+02
-9.187986115652937991e-02 8.844213086686243327e-03 9.957308225663868972e-01 1.703794579434394564e+03 4.586221369896295585e-02 9.989369951276988457e-01 -4.640810260529571428e-03 -1.784180121351488140e+02 -9.947134001653377133e-01 4.524002276879257600e-02 -9.218780760703459976e-02 -7.853440516873299657e+02
-9.006134441736921015e-02 8.436280703447832097e-03 9.959004887083989788e-01 1.703794579434394564e+03 4.643541583384645094e-02 9.989121997910452855e-01 -4.262542076332874290e-03 -1.784180121351488140e+02 -9.948531079501503616e-01 4.586116305227529860e-02 -9.035511787064910705e-02 -7.853440516873299657e+02
-8.861937506761512207e-02 6.553750039484497816e-03 9.960440024030287054e-01 1.703794579434394564e+03 4.725003560074213932e-02 9.988802852606046834e-01 -2.368512913500852787e-03 -1.784180121351488140e+02 -9.949442398940524512e-01 4.685321843921480545e-02 -8.882981156984012805e-02 -7.853440516873299657e+02
-8.695307253485767829e-02 5.610317702963388102e-03 9.961966108715784030e-01 1.703794579434394564e+03 4.788256874227271587e-02 9.988519255422620979e-01 -1.445839256817506475e-03 -1.784180121351488140e+02 -9.950610146053301408e-01 4.757473253510568351e-02 -8.712188035633691707e-02 -7.853440516873299657e+02
-9.131601925227400551e-02 5.344849421995692337e-03 9.958076205837019801e-01 1.703794579434394564e+03 5.013551585291400881e-02 9.987421327110659330e-01 -7.631499942234396547e-04 -1.784180121351488140e+02 -9.945591056735041402e-01 4.985564092866191094e-02 -9.146912260162899655e-02 -7.853440516873299657e+02
-8.949888751751684801e-02 2.730180530609665370e-05 9.959869217955313880e-01 1.703794579434394564e+03 4.853403393453575854e-02 9.988121270618748326e-01 4.333864808050240207e-03 -1.784180121351488140e+02 -9.948036975620708766e-01 4.872713913974996425e-02 -8.939389927778788880e-02 -7.853440516873299657e+02
-8.779340606129494573e-02 -1.255575717947716346e-03 9.961379128322407350e-01 1.703794579434394564e+03 4.665429229234498848e-02 9.988966566869916797e-01 5.370872391944119147e-03 -1.784180121351488140e+02 -9.950455742642428936e-01 4.694563652957119138e-02 -8.763796179725090452e-02 -7.853440516873299657e+02
-8.698766533770292686e-02 -2.058282108636522775e-03 9.962072623474779176e-01 1.703794579434394564e+03 4.775423393769771124e-02 9.988396647126633887e-01 6.233565409744388532e-03 -1.784180121351488140e+02 -9.950641583436312665e-01 4.811535795829839646e-02 -8.678843879472318557e-02 -7.853440516873299657e+02
-8.508729109411969360e-02 -3.618240407577396310e-03 9.963669310202025731e-01 1.703794579434394564e+03 4.933065388850795679e-02 9.987517344090068860e-01 7.839617460861945941e-03 -1.784180121351488140e+02 -9.951515660848836431e-01 4.981848403307140294e-02 -8.480258939118469341e-02 -7.853440516873299657e+02
-8.390922264264519259e-02 -2.972218320736368016e-03 9.964689700506285108e-01 1.703794579434394564e+03 4.952401743998463557e-02 9.987473453084284580e-01 7.149261218520903266e-03 -1.784180121351488140e+02 -9.952419876854627923e-01 4.994903560250615882e-02 -8.365691716928438937e-02 -7.853440516873299657e+02
-8.259774344641933330e-02 -4.529304812903331076e-03 9.965726758121912221e-01 1.703794579434394564e+03 5.005956103936690105e-02 9.987084451110177508e-01 8.688038471295804824e-03 -1.784180121351488140e+02 -9.953248982749829388e-01 5.060560306769031069e-02 -8.226432891630498789e-02 -7.853440516873299657e+02
-8.184763247969281674e-02 -5.022124787948899910e-03 9.966322006237220421e-01 1.703794579434394564e+03 4.941068537465322791e-02 9.987371757142775586e-01 9.090545477303577093e-03 -1.784180121351488140e+02 -9.954192831306192257e-01 4.998831972453328387e-02 -8.149612667385919273e-02 -7.853440516873299657e+02
-8.146705388922356739e-02 -5.247014591705015212e-03 9.966622236086227771e-01 1.703794579434394564e+03 4.969989984190999188e-02 9.987207075411241863e-01 9.320315673832421308e-03 -1.784180121351488140e+02 -9.954361049742540546e-01 5.029331134882853577e-02 -8.110205760185969226e-02 -7.853440516873299657e+02
-8.568989483101678573e-02 -8.890482546807325012e-03 9.962821895647506754e-01 1.703794579434394564e+03 5.014258857940961933e-02 9.986545128668044002e-01 1.322439946920375177e-02 -1.784180121351488140e+02 -9.950592759903326145e-01 5.108936534005809743e-02 -8.512880837146000190e-02 -7.853440516873299657e+02
-8.361590413653273435e-02 -9.177739096800485025e-03 9.964557941426709364e-01 1.703794579434394564e+03 5.047922181005917025e-02 9.986347601722430634e-01 1.343368680507350810e-02 -1.784180121351488140e+02 -9.952186838785135325e-01 5.142358292453977353e-02 -8.303846324638959608e-02 -7.853440516873299657e+02
-8.842589912543229180e-02 -8.941205942014527827e-03 9.960426272003427561e-01 1.703794579434394564e+03 5.284318349433617112e-02 9.985094637900681080e-01 1.365462119042297126e-02 -1.784180121351488140e+02 -9.946800783779889965e-01 5.384148547330872003e-02 -8.782161533463574143e-02 -7.853440516873299657e+02
-8.924991769860869673e-02 -7.522341963985287525e-03 9.959808565239435252e-01 1.703794579434394564e+03 5.371497249911012101e-02 9.984798771734157974e-01 1.235461894110135260e-02 -1.784180121351488140e+02 -9.945597789576104963e-01 5.460173304151473561e-02 -8.871018446972013527e-02 -7.853440516873299657e+02
-9.157688565667528036e-02 -5.925438574784452558e-03 9.957803789948466155e-01 1.703794579434394564e+03 5.463952915703398222e-02 9.984459243474091972e-01 1.096622120626182528e-02 -1.784180121351488140e+02 -9.942978406226785637e-01 5.541322343758291191e-02 -9.111080507456123523e-02 -7.853440516873299657e+02
-9.324144925576341447e-02 -3.276798179675535772e-03 9.956381344315685666e-01 1.703794579434394564e+03 5.468831107288798371e-02 9.984680764731648228e-01 8.407668878629946663e-03 -1.784180121351488140e+02 -9.941404431832957522e-01 5.523371124292952156e-02 -9.291940792779936065e-02 -7.853440516873299657e+02
-9.582261312713033496e-02 -2.736134126674627694e-03 9.953946656394783155e-01 1.703794579434394564e+03 5.504521230981538477e-02 9.984514642422269715e-01 8.043516290758837700e-03 -1.784180121351488140e+02 -9.938752695460610909e-01 5.556246145189393248e-02 -9.552361730038901044e-02 -7.853440516873299657e+02
-9.424982627228950527e-02 -7.197173757561666678e-04 9.955483173882331283e-01 1.703794579434394564e+03 5.402481070894691456e-02 9.985225363018137568e-01 5.836465133521174034e-03 -1.784180121351488140e+02 -9.940816314948714982e-01 5.433439522338853744e-02 -9.407169298042289407e-02 -7.853440516873299657e+02
-9.624222766647981542e-02 5.639010690340652554e-04 9.953577827240702725e-01 1.703794579434394564e+03 5.507358581360988214e-02 9.984709548526157219e-01 4.759460193777644184e-03 -1.784180121351488140e+02 -9.938331518717938851e-01 5.527598331363763051e-02 -9.612612500920898750e-02 -7.853440516873299657e+02
-1.021138737371188321e-01 2.307586690803501567e-03 9.947700396745289275e-01 1.703794579434394564e+03 5.684557302250543148e-02 9.983767803043143152e-01 3.519286423867584637e-03 -1.784180121351488140e+02 -9.931471882949386432e-01 5.690764090045061230e-02 -1.020792965738040181e-01 -7.853440516873299657e+02
-1.085840255871340782e-01 2.503082035618984114e-03 9.940841231845598536e-01 1.703794579434394564e+03 5.866237370528621514e-02 9.982702850646539838e-01 3.894081174718185857e-03 -1.784180121351488140e+02 -9.923548938250638107e-01 5.873816933865839279e-02 -1.085430429101246902e-01 -7.853440516873299657e+02
-1.130693802032184669e-01 5.295103733326108827e-03 9.935729853095408570e-01 1.703794579434394564e+03 5.764300317281506603e-02 9.983364904930460693e-01 1.239328546652569609e-03 -1.784180121351488140e+02 -9.919136048294118213e-01 5.741266085525935370e-02 -1.131865138956057171e-01 -7.853440516873299657e+02
-1.178665699779308379e-01 7.943616665247271030e-03 9.929976689982271676e-01 1.703794579434394564e+03 5.820087410641428677e-02 9.983043106662917721e-01 -1.077756163955755683e-03 -1.784180121351488140e+02 -9.913224147243350215e-01 5.766630089901061962e-02 -1.181290303259023428e-01 -7.853440516873299657e+02
-1.249135525529990881e-01 1.024762345104597398e-02 9.921147063733075644e-01 1.703794579434394564e+03 5.906790133032595314e-02 9.982498301198257096e-01 -2.873969062045825598e-03 -1.784180121351488140e+02 -9.904077884492931139e-01 5.824313589895627891e-02 -1.253002382265721859e-01 -7.853440516873299657e+02
-1.358551967853903197e-01 1.090295989597840458e-02 9.906687089899979259e-01 1.703794579434394564e+03 5.969920871927161116e-02 9.982124870382622639e-01 -2.799142579340634616e-03 -1.784180121351488140e+02 -9.889283947711763334e-01 5.876185996369854420e-02 -1.362632519387050878e-01 -7.853440516873299657e+02
-1.398047784189028475e-01 1.119227692967893033e-02 9.901158300261492240e-01 1.703794579434394564e+03 6.099591643299554639e-02 9.981344437684780413e-01 -2.670269928181212733e-03 -1.784180121351488140e+02 -9.882985996700289766e-01 6.001970593163298562e-02 -1.402266479316248149e-01 -7.853440516873299657e+02
-1.403000179949640269e-01 1.293838224335954086e-02 9.900244962704392027e-01 1.703794579434394564e+03 6.272107433672807764e-02 9.980224482468859071e-01 -4.154471005777802574e-03 -1.784180121351488140e+02 -9.881204237261058676e-01 6.151252766888981593e-02 -1.408340766828991841e-01 -7.853440516873299657e+02
-1.429093607495424967e-01 1.384426472902733525e-02 9.896389497914223066e-01 1.703794579434394564e+03 6.612426928402699577e-02 9.978016512217275924e-01 -4.409742718880539647e-03 -1.784180121351488140e+02 -9.875244278608049653e-01 6.480895889694451850e-02 -1.435106380199168696e-01 -7.853440516873299657e+02
-1.479747440588817242e-01 1.653844925046767111e-02 9.888528479086753364e-01 1.703794579434394564e+03 6.642309669478749234e-02 9.977687302537708858e-01 -6.747825816660120435e-03 -1.784180121351488140e+02 -9.867580490404843641e-01 6.468416053537974497e-02 -1.487431075030030692e-01 -7.853440516873299657e+02
-1.552882667347699197e-01 1.760099965807393821e-02 9.877123867936188351e-01 1.703794579434394564e+03 6.904625113366458233e-02 9.975894483078425745e-01 -6.921548182338008864e-03 -1.784180121351488140e+02 -9.854532811954594962e-01 6.712300228602699481e-02 -1.561292193832154174e-01 -7.853440516873299657e+02
-1.618128929225782775e-01 1.824770914609353742e-02 9.866527295836897693e-01 1.703794579434394564e+03 7.074568816254352133e-02 9.974708961349192382e-01 -6.845361218260989471e-03 -1.784180121351488140e+02 -9.842822945123181899e-01 6.869375863002326332e-02 -1.626945980505984934e-01 -7.853440516873299657e+02
-1.702359454453460652e-01 2.208075464926786968e-02 9.851559080432131799e-01 1.703794579434394564e+03 7.858407468333897250e-02 9.968689671530230889e-01 -8.763876620968693437e-03 -1.784180121351488140e+02 -9.822648655451807764e-01 7.592563863006351887e-02 -1.714381267808433307e-01 -7.853440516873299657e+02
-1.758800523492422552e-01 2.076914375546025371e-02 9.841924861800626090e-01 1.703794579434394564e+03 8.369214244618931875e-02 9.964731581362178403e-01 -6.072100690717150556e-03 -1.784180121351488140e+02 -9.808475072499263092e-01 8.130121636049782163e-02 -1.769979653552803678e-01 -7.853440516873299657e+02
-1.828611029223231321e-01 2.234933143413108184e-02 9.828846953852109491e-01 1.703794579434394564e+03 8.413369854034542794e-02 9.964298548782324350e-01 -7.004646833794371009e-03 -1.784180121351488140e+02 -9.795322035583891029e-01 8.141284721584958473e-02 -1.840885941612216692e-01 -7.853440516873299657e+02
-1.862209205634779430e-01 2.396744161422817779e-02 9.822155214040141358e-01 1.703794579434394564e+03 8.423006030548596534e-02 9.964113946371625508e-01 -8.344433962718613221e-03 -1.784180121351488140e+02 -9.788907322502470310e-01 8.117816442672584620e-02 -1.875714262218062534e-01 -7.853440516873299657e+02
-1.909240448205824503e-01 2.518330285147568973e-02 9.812817181456295890e-01 1.703794579434394564e+03 8.552098937578397897e-02 9.962963567686610178e-01 -8.929158173049745947e-03 -1.784180121351488140e+02 -9.778722664466638070e-01 8.221539239694201917e-02 -1.923706312498913162e-01 -7.853440516873299657e+02
-1.966566930588951601e-01 2.937627471951239841e-02 9.800322339386305925e-01 1.703794579434394564e+03 8.609232930722970911e-02 9.962076665810910558e-01 -1.258554247986676776e-02 -1.784180121351488140e+02 -9.766853412996402417e-01 8.189822665150174597e-02 -1.984399772267280149e-01 -7.853440516873299657e+02
-2.094584179003856073e-01 3.220198378226356989e-02 9.772871652749531846e-01 1.703794579434394564e+03 9.395238399366809268e-02 9.954961248572786747e-01 -1.266550180795087029e-02 -1.784180121351488140e+02 -9.732934401877850750e-01 8.916556305338793620e-02 -2.115404964842397262e-01 -7.853440516873299657e+02
-2.089198291585192269e-01 3.481584603166964359e-02 9.773128270157276365e-01 1.703794579434394564e+03 1.016842907996941270e-01 9.947223942390100992e-01 -1.369902930772281570e-02 -1.784180121351488140e+02 -9.726318985047416321e-01 9.651536284193143467e-02 -2.113574572768892046e-01 -7.853440516873299657e+02
-2.133032602255993115e-01 3.508512355820265355e-02 9.763558538166478007e-01 1.703794579434394564e+03 1.027665805736571875e-01 9.946167125501402806e-01 -1.329003510713211780e-02 -1.784180121351488140e+02 -9.715661321260267158e-01 9.750194470294645810e-02 -2.157605656388937865e-01 -7.853440516873299657e+02
-2.154595857559478411e-01 3.511277205606778973e-02 9.758812735903960034e-01 1.703794579434394564e+03 1.027849958553945092e-01 9.946174155226852331e-01 -1.309356200503994545e-02 -1.784180121351488140e+02 -9.710882614535517598e-01 9.748481921567025976e-02 -2.179089224644239209e-01 -7.853440516873299657e+02
-1.829800579267521210e-01 3.161840922716916552e-02 9.826080472899991758e-01 1.703794579434394564e+03 9.591756525185744786e-02 9.952884905321988107e-01 -1.416479051351883858e-02 -1.784180121351488140e+02 -9.784263483151289797e-01 9.165749730425476471e-02 -1.851507064816187709e-01 -7.853440516873299657e+02
-1.566212697156432188e-01 3.295538190624833913e-02 9.871087684121099270e-01 1.703794579434394564e+03 1.099981349245600648e-01 9.938073776254304770e-01 -1.572598138057988357e-02 -1.784180121351488140e+02 -9.815142322889557347e-01 1.061171003216606346e-01 -1.592764038818829386e-01 -7.853440516873299657e+02
-1.614486968987232929e-01 3.561709564931857253e-02 9.862381764904514236e-01 1.703794579434394564e+03 1.121935492036704313e-01 9.935320118395848388e-01 -1.751425039988021085e-02 -1.784180121351488140e+02 -9.804830063732812295e-01 1.078219084764010932e-01 -1.644004570118919317e-01 -7.853440516873299657e+02
-1.710629351665272913e-01 3.943774974426681595e-02 9.844704851377316102e-01 1.703794579434394564e+03 1.103528600625256761e-01 9.936783108256573849e-01 -2.063155037044076684e-02 -1.784180121351488140e+02 -9.790606306497229294e-01 1.051098401186872228e-01 -1.743335969398641383e-01 -7.853440516873299657e+02
-1.801300809797284075e-01 3.995947677531810904e-02 9.828308064677657718e-01 1.703794579434394564e+03 1.105100132950535413e-01 9.936708027493573736e-01 -2.014628315531458505e-02 -1.784180121351488140e+02 -9.774153113634774792e-01 1.049836938733336444e-01 -1.834059244761376273e-01 -7.853440516873299657e+02
-1.848326564321715326e-01 4.115105904890965088e-02 9.819080809604224802e-01 1.703794579434394564e+03 1.111310636044278571e-01 9.935897069153880601e-01 -2.072151089908900318e-02 -1.784180121351488140e+02 -9.764664744979089095e-01 1.052904774941476052e-01 -1.882209858933882318e-01 -7.853440516873299657e+02
-1.856099070254187688e-01 3.812954221194203575e-02 9.818834454377580734e-01 1.703794579434394564e+03 1.109952414621350608e-01 9.936649919168805134e-01 -1.760511890295305901e-02 -1.784180121351488140e+02 -9.763344809985856632e-01 1.057167056312885156e-01 -1.886662645087612278e-01 -7.853440516873299657e+02
-1.907753232456017023e-01 3.987352713087580214e-02 9.808235712270985118e-01 1.703794579434394564e+03 1.107973893027327239e-01 9.936643343437381315e-01 -1.884487136898288506e-02 -1.784180121351488140e+02 -9.753608125018323749e-01 1.050775546316059378e-01 -1.939845172904453297e-01 -7.853440516873299657e+02
-1.938443788845732596e-01 4.024430117301706217e-02 9.802064848785428941e-01 1.703794579434394564e+03 1.106394720747099353e-01 9.936805483635496872e-01 -1.891758501880335536e-02 -1.784180121351488140e+02 -9.747734423925813463e-01 1.047824604932030834e-01 -1.970719969430130003e-01 -7.853440516873299657e+02
-1.987590884723523521e-01 4.053489042027201561e-02 9.792097565936808135e-01 1.703794579434394564e+03 1.110257639449841738e-01 9.936435229924823753e-01 -1.859647696526967736e-02 -1.784180121351488140e+02 -9.737392384463470218e-01 1.050212924777813167e-01 -2.019960980717799282e-01 -7.853440516873299657e+02
-2.027822466962586334e-01 4.153280178703996905e-02 9.783426735048081913e-01 1.703794579434394564e+03 1.120231279905226501e-01 9.935247392225085017e-01 -1.895814727404626990e-02 -1.784180121351488140e+02 -9.727950345370993679e-01 1.057526308351895844e-01 -2.061218131382496210e-01 -7.853440516873299657e+02
-2.047952193535942655e-01 4.225534124889479548e-02 9.778923275421748107e-01 1.703794579434394564e+03 1.137243331451131129e-01 9.933286220071869677e-01 -1.910562095304677369e-02 -1.784180121351488140e+02 -9.721757527220127315e-01 1.072974130034905216e-01 -2.082344135395154117e-01 -7.853440516873299657e+02
-2.103168014536523911e-01 3.942002630999634494e-02 9.768382182081246645e-01 1.703794579434394564e+03 1.142755912326900852e-01 9.933284508491406761e-01 -1.548153681210140929e-02 -1.784180121351488140e+02 -9.709314766113640305e-01 1.083727376205128184e-01 -2.134184093884861355e-01 -7.853440516873299657e+02
-2.130856397512584377e-01 4.104031410784264589e-02 9.761711954107876732e-01 1.703794579434394564e+03 1.152250779002326198e-01 9.932006266984687581e-01 -1.660411240185274626e-02 -1.784180121351488140e+02 -9.702152810354420787e-01 1.089413041215206018e-01 -2.163656643315204631e-01 -7.853440516873299657e+02
-2.171623019277924838e-01 4.146335153576599653e-02 9.752544924791906045e-01 1.703794579434394564e+03 1.152043478988038355e-01 9.932035405927530647e-01 -1.657362903018379588e-02 -1.784180121351488140e+02 -9.693134131160227041e-01 1.087543904099520231e-01 -2.204631255333329432e-01 -7.853440516873299657e+02
-2.241686808904644612e-01 4.259918647562883215e-02 9.736188740053489665e-01 1.703794579434394564e+03 1.163128952906737623e-01 9.930727144514057692e-01 -1.667015900394728731e-02 -1.784180121351488140e+02 -9.675844732616009081e-01 1.095075025910586669e-01 -2.275706351428924135e-01 -7.853440516873299657e+02
-2.291674523550742693e-01 3.818584773206588900e-02 9.726377125189359374e-01 1.703794579434394564e+03 1.152862726024734275e-01 9.932618328309169575e-01 -1.183244652618647627e-02 -1.784180121351488140e+02 -9.665357490183758005e-01 1.094201648433704016e-01 -2.320255878025886120e-01 -7.853440516873299657e+02
-2.330579959684787317e-01 3.806665836034060779e-02 9.717175001184416017e-01 1.703794579434394564e+03 1.147884216067268509e-01 9.933247534714413352e-01 -1.138210902846784750e-02 -1.784180121351488140e+02 -9.656643251048433463e-01 1.088892265661608599e-01 -2.358718880189635270e-01 -7.853440516873299657e+02
-2.362012733438239587e-01 3.818284091548122816e-02 9.709536699196203990e-01 1.703794579434394564e+03 1.138615507110087993e-01 9.934315859424611705e-01 -1.136799549305610862e-02 -1.784180121351488140e+02 -9.650101065483409624e-01 1.078691555147662379e-01 -2.389973630567724938e-01 -7.853440516873299657e+02
-2.386211579907089597e-01 4.042539201951087652e-02 9.702709573306015356e-01 1.703794579434394564e+03 1.132485507251114742e-01 9.934744167574020013e-01 -1.354064279129059932e-02 -1.784180121351488140e+02 -9.644867592236996412e-01 1.066506958655607656e-01 -2.416421328194997831e-01 -7.853440516873299657e+02
-2.434155219253845981e-01 3.959141134529268330e-02 9.691137207951812105e-01 1.703794579434394564e+03 1.129943381658960466e-01 9.935206390386439601e-01 -1.220734806153083926e-02 -1.784180121351488140e+02 -9.633177893240856271e-01 1.065329054890180871e-01 -2.463119502172484709e-01 -7.853440516873299657e+02
-2.511092018598117814e-01 3.915305083859992041e-02 9.671665871768722056e-01 1.703794579434394564e+03 1.155460003823904902e-01 9.932496625006078661e-01 -1.020929664869323246e-02 -1.784180121351488140e+02 -9.610376114060056318e-01 1.091885825187707409e-01 -2.539381084252238518e-01 -7.853440516873299657e+02
-2.550351790095389815e-01 4.083500857628932085e-02 9.660691277243812491e-01 1.703794579434394564e+03 1.183199042635355858e-01 9.929175068848492547e-01 -1.073428044365254234e-02 -1.784180121351488140e+02 -9.596652842124904215e-01 1.115675875698205755e-01 -2.580604884154300560e-01 -7.853440516873299657e+02
-2.627258675533992172e-01 3.815244870335117444e-02 9.641159210262281176e-01 1.703794579434394564e+03 1.203727027825696322e-01 9.927076098914304758e-01 -6.481796700192688290e-03 -1.784180121351488140e+02 -9.573325080363314088e-01 1.143503035482706098e-01 -2.654024814037833635e-01 -7.853440516873299657e+02
-2.648577286583568280e-01 3.923241686549763102e-02 9.634890767605143180e-01 1.703794579434394564e+03 1.224741348920449086e-01 9.924487907808478004e-01 -6.744179718691444350e-03 -1.784180121351488140e+02 -9.564781596316671575e-01 1.162162430322226242e-01 -2.676626888512742553e-01 -7.853440516873299657e+02
-2.804444732616494518e-01 3.618260092987714283e-02 9.591880508049218657e-01 1.703794579434394564e+03 1.202044965206840038e-01 9.927464797379663697e-01 -2.303472180059002849e-03 -1.784180121351488140e+02 -9.523139064579516644e-01 1.146527206734523352e-01 -2.827595749200557118e-01 -7.853440516873299657e+02
