1.000000000000000000e+00 0.000000000000000000e+00 0.000000000000000000e+00 1.654507264488280271e+03 0.000000000000000000e+00 1.000000000000000000e+00 0.000000000000000000e+00 7.378237120006153305e+01 0.000000000000000000e+00 0.000000000000000000e+00 1.000000000000000000e+00 -1.009004845248576316e+03
9.990497999999999879e-01 -1.649779999999999996e-03 4.355193999999999732e-02 1.654507264488280271e+03 1.760422999999999892e-03 9.999953000000000314e-01 -2.502237000000000038e-03 7.378237120006153305e+01 -4.354759999999999881e-02 2.576529000000000146e-03 9.990480000000000471e-01 -1.009004845248576316e+03
9.960495000000000321e-01 -5.367949000000000331e-03 8.863830999999999793e-02 1.654507264488280271e+03 6.010223999999999775e-03 9.999575000000000546e-01 -6.980718000000000339e-03 7.378237120006153305e+01 -8.859706999999999999e-02 7.485875000000000341e-03 9.960394000000000192e-01 -1.009004845248576316e+03
9.909270999999999496e-01 -5.886877999999999903e-03 1.342721000000000053e-01 1.654507264488280271e+03 7.448177999999999743e-03 9.999103000000000296e-01 -1.112851999999999938e-02 7.378237120006153305e+01 -1.341945999999999972e-01 1.202762999999999922e-02 9.908820000000000405e-01 -1.009004845248576316e+03
9.836222000000000021e-01 -3.565065999999999981e-03 1.802072000000000118e-01 1.654507264488280271e+03 6.172884000000000010e-03 9.998841000000000534e-01 -1.391249999999999952e-02 7.378237120006153305e+01 -1.801368000000000136e-01 1.479703999999999915e-02 9.835302000000000211e-01 -1.009004845248576316e+03
9.740478999999999665e-01 -6.173618999999999982e-03 2.262579000000000118e-01 1.654507264488280271e+03 9.486835000000000753e-03 9.998629999999999463e-01 -1.355911999999999916e-02 7.378237120006153305e+01 -2.261431999999999887e-01 1.535369999999999964e-02 9.739729999999999777e-01 -1.009004845248576316e+03
9.624211999999999767e-01 -7.368625000000000175e-03 2.714613000000000165e-01 1.654507264488280271e+03 1.164015000000000015e-02 9.998323999999999545e-01 -1.412847000000000061e-02 7.378237120006153305e+01 -2.713116999999999890e-01 1.675739000000000048e-02 9.623456000000000232e-01 -1.009004845248576316e+03
9.488374000000000530e-01 -9.693544000000000119e-03 3.156164000000000192e-01 1.654507264488280271e+03 1.587616000000000027e-02 9.997289999999999788e-01 -1.702375999999999889e-02 7.378237120006153305e+01 -3.153657999999999739e-01 2.116354999999999972e-02 9.487341000000000246e-01 -1.009004845248576316e+03
9.336202000000000112e-01 -1.263857000000000001e-02 3.580415000000000125e-01 1.654507264488280271e+03 2.080461000000000116e-02 9.996036999999999839e-01 -1.896441000000000099e-02 7.378237120006153305e+01 -3.576598999999999751e-01 2.515446000000000001e-02 9.335130000000000372e-01 -1.009004845248576316e+03
9.161945000000000228e-01 -1.228394000000000014e-02 4.005456000000000016e-01 1.654507264488280271e+03 2.177648000000000084e-02 9.995792999999999484e-01 -1.915566999999999964e-02 7.378237120006153305e+01 -4.001416999999999891e-01 2.627277999999999905e-02 9.160764999999999603e-01 -1.009004845248576316e+03
8.965558999999999612e-01 -1.307764999999999969e-02 4.427376000000000089e-01 1.654507264488280271e+03 2.341789999999999844e-02 9.995654999999999957e-01 -1.789659000000000041e-02 7.378237120006153305e+01 -4.423112000000000155e-01 2.641328000000000079e-02 8.964725000000000055e-01 -1.009004845248576316e+03
8.745112999999999914e-01 -1.351428999999999998e-02 4.848167999999999922e-01 1.654507264488280271e+03 2.447753999999999902e-02 9.995676000000000005e-01 -1.628952999999999998e-02 7.378237120006153305e+01 -4.843870000000000120e-01 2.611248999999999862e-02 8.744640000000000191e-01 -1.009004845248576316e+03
8.503690999999999889e-01 -1.348161999999999972e-02 5.260139000000000342e-01 1.654507264488280271e+03 2.517722999999999836e-02 9.995692000000000466e-01 -1.508347999999999980e-02 7.378237120006153305e+01 -5.255838999999999928e-01 2.607009999999999883e-02 8.503422000000000480e-01 -1.009004845248576316e+03
8.245428999999999675e-01 -1.401099999999999915e-02 5.656259999999999621e-01 1.654507264488280271e+03 2.696389999999999898e-02 9.995304999999999884e-01 -1.454754999999999937e-02 7.378237120006153305e+01 -5.651566000000000090e-01 2.724655999999999953e-02 8.245335999999999776e-01 -1.009004845248576316e+03
7.970302000000000220e-01 -1.619332999999999884e-02 6.037223999999999924e-01 1.654507264488280271e+03 3.126103999999999689e-02 9.994066000000000338e-01 -1.446406000000000081e-02 7.378237120006153305e+01 -6.031298999999999966e-01 3.040127999999999928e-02 7.970633999999999775e-01 -1.009004845248576316e+03
7.681510999999999756e-01 -1.510445000000000017e-02 6.400903999999999483e-01 1.654507264488280271e+03 3.186801999999999691e-02 9.993845000000000089e-01 -1.466089999999999928e-02 7.378237120006153305e+01 -6.394750000000000156e-01 3.166019999999999945e-02 7.681597000000000008e-01 -1.009004845248576316e+03
7.374230000000000507e-01 -1.831696999999999839e-02 6.751827999999999719e-01 1.654507264488280271e+03 3.718619000000000091e-02 9.992170999999999692e-01 -1.350644999999999971e-02 7.378237120006153305e+01 -6.744067000000000256e-01 3.506742999999999666e-02 7.375268000000000379e-01 -1.009004845248576316e+03
7.051665999999999768e-01 -1.811308999999999836e-02 7.088103000000000042e-01 1.654507264488280271e+03 3.829943000000000236e-02 9.991872000000000531e-01 -1.256910999999999966e-02 7.378237120006153305e+01 -7.080064999999999831e-01 3.601033000000000012e-02 7.052870999999999446e-01 -1.009004845248576316e+03
6.706801000000000013e-01 -1.682163999999999882e-02 7.415559999999999929e-01 1.654507264488280271e+03 3.848398000000000096e-02 9.991854000000000013e-01 -1.214000999999999969e-02 7.378237120006153305e+01 -7.407477999999999563e-01 3.668007999999999685e-02 6.707811000000000190e-01 -1.009004845248576316e+03
6.350649000000000433e-01 -1.784306000000000086e-02 7.722527999999999615e-01 1.654507264488280271e+03 4.358563000000000021e-02 9.989681999999999729e-01 -1.276143000000000069e-02 7.378237120006153305e+01 -7.712282000000000304e-01 4.176345000000000057e-02 6.351871999999999518e-01 -1.009004845248576316e+03
5.983914999999999651e-01 -1.631633999999999862e-02 8.010376999999999637e-01 1.654507264488280271e+03 4.435618000000000200e-02 9.989339000000000413e-01 -1.278767999999999919e-02 7.378237120006153305e+01 -7.999751000000000500e-01 4.318298999999999749e-02 5.984772999999999898e-01 -1.009004845248576316e+03
5.606381999999999755e-01 -1.560419000000000042e-02 8.279138999999999804e-01 1.654507264488280271e+03 4.722424000000000066e-02 9.987977000000000105e-01 -1.315387999999999974e-02 7.378237120006153305e+01 -8.267132000000000369e-01 4.647215999999999847e-02 5.607010000000000050e-01 -1.009004845248576316e+03
5.217302999999999802e-01 -1.415458999999999988e-02 8.529930999999999486e-01 1.654507264488280271e+03 5.299063999999999858e-02 9.984693000000000040e-01 -1.584291000000000171e-02 7.378237120006153305e+01 -8.514631000000000283e-01 5.346635999999999750e-02 5.216817000000000260e-01 -1.009004845248576316e+03
4.824023000000000061e-01 -1.314332999999999994e-02 8.758512000000000519e-01 1.654507264488280271e+03 5.466342999999999896e-02 9.983902000000000054e-01 -1.512539000000000071e-02 7.378237120006153305e+01 -8.742425000000000335e-01 5.517354000000000008e-02 4.823440999999999979e-01 -1.009004845248576316e+03
4.437519999999999798e-01 -1.483489999999999982e-02 8.960268999999999595e-01 1.654507264488280271e+03 5.962892000000000192e-02 9.981358999999999648e-01 -1.300543000000000012e-02 7.378237120006153305e+01 -8.941635999999999473e-01 5.920028000000000096e-02 4.438094000000000205e-01 -1.009004845248576316e+03
4.063320999999999739e-01 -1.567328999999999944e-02 9.135910999999999893e-01 1.654507264488280271e+03 6.333168000000000131e-02 9.979314000000000240e-01 -1.104743000000000044e-02 7.378237120006153305e+01 -9.115280000000000049e-01 6.234817000000000137e-02 4.064841000000000149e-01 -1.009004845248576316e+03
3.705969000000000069e-01 -1.336462000000000067e-02 9.286976999999999594e-01 1.654507264488280271e+03 6.549873000000000500e-02 9.977831000000000339e-01 -1.177845999999999928e-02 7.378237120006153305e+01 -9.264814000000000105e-01 6.519355999999999762e-02 3.706505999999999967e-01 -1.009004845248576316e+03
3.367104000000000208e-01 -1.369923999999999968e-02 9.415086000000000288e-01 1.654507264488280271e+03 6.695769999999999500e-02 9.977112000000000203e-01 -9.428980999999999474e-03 7.378237120006153305e+01 -9.392245000000000177e-01 6.621607000000000187e-02 3.368570000000000175e-01 -1.009004845248576316e+03
3.032100999999999824e-01 -1.606372000000000008e-02 9.527883999999999798e-01 1.654507264488280271e+03 6.893784000000000023e-02 9.976078000000000445e-01 -5.119036000000000419e-03 7.378237120006153305e+01 -9.504268000000000161e-01 6.723529999999999784e-02 3.035920999999999759e-01 -1.009004845248576316e+03
2.700383000000000089e-01 -1.584083999999999839e-02 9.627192999999999445e-01 1.654507264488280271e+03 6.970552000000000692e-02 9.975627000000000244e-01 -3.137907000000000109e-03 7.378237120006153305e+01 -9.603230999999999851e-01 6.795418999999999765e-02 2.704843000000000108e-01 -1.009004845248576316e+03
2.373840999999999868e-01 -1.301040000000000009e-02 9.713287999999999922e-01 1.654507264488280271e+03 6.752450000000000119e-02 9.977127000000000079e-01 -3.138591000000000037e-03 7.378237120006153305e+01 -9.690661000000000413e-01 6.633352000000000692e-02 2.377196000000000031e-01 -1.009004845248576316e+03
2.058012999999999926e-01 -1.089048999999999920e-02 9.785331999999999919e-01 1.654507264488280271e+03 6.752573000000000603e-02 9.977127000000000079e-01 -3.097800999999999853e-03 7.378237120006153305e+01 -9.762612000000000512e-01 6.671367999999999743e-02 2.060659999999999992e-01 -1.009004845248576316e+03
1.748760000000000037e-01 -1.056613999999999991e-02 9.845338000000000145e-01 1.654507264488280271e+03 6.930052999999999908e-02 9.975945000000000507e-01 -1.603073999999999905e-03 7.378237120006153305e+01 -9.821484999999999799e-01 6.850902999999999854e-02 1.751875999999999989e-01 -1.009004845248576316e+03
1.440159000000000022e-01 -1.095259999999999984e-02 9.895148000000000277e-01 1.654507264488280271e+03 7.093837000000000059e-02 9.974804000000000448e-01 7.162509999999999970e-04 7.378237120006153305e+01 -9.870293999999999457e-01 7.009139999999999815e-02 1.444300000000000028e-01 -1.009004845248576316e+03
1.132279999999999953e-01 -1.188899000000000032e-02 9.934979000000000449e-01 1.654507264488280271e+03 6.960631999999999930e-02 9.975665000000000227e-01 4.004714000000000364e-03 7.378237120006153305e+01 -9.911278000000000032e-01 6.870026999999999384e-02 1.137800000000000061e-01 -1.009004845248576316e+03
8.347506000000000370e-02 -1.182121000000000040e-02 9.964397999999999866e-01 1.654507264488280271e+03 7.016374999999999695e-02 9.975176999999999516e-01 5.956142999999999681e-03 7.378237120006153305e+01 -9.940366999999999953e-01 6.941674000000000455e-02 8.409725999999999313e-02 -1.009004845248576316e+03
5.575868999999999964e-02 -1.119487000000000086e-02 9.983815000000000328e-01 1.654507264488280271e+03 7.276066000000000478e-02 9.973239999999999883e-01 7.119389000000000273e-03 7.378237120006153305e+01 -9.957894999999999941e-01 7.224590999999999652e-02 5.642401999999999834e-02 -1.009004845248576316e+03
3.022404999999999883e-02 -1.055358999999999985e-02 9.994874999999999732e-01 1.654507264488280271e+03 7.695768000000000053e-02 9.970006000000000146e-01 8.200162000000000423e-03 7.378237120006153305e+01 -9.965760999999999648e-01 7.667037999999999631e-02 3.094558000000000031e-02 -1.009004845248576316e+03
7.200764000000000123e-03 -1.011089000000000085e-02 9.999230000000000063e-01 1.654507264488280271e+03 8.125250000000000528e-02 9.966483000000000425e-01 9.492646999999999891e-03 7.378237120006153305e+01 -9.966675000000000395e-01 8.117786999999999920e-02 7.998164999999999789e-03 -1.009004845248576316e+03
-1.358780000000000057e-02 -9.968576999999999300e-03 9.998580000000000245e-01 1.654507264488280271e+03 8.719664000000000581e-02 9.961290999999999896e-01 1.111637000000000042e-02 7.378237120006153305e+01 -9.960984000000000504e-01 8.733528000000000124e-02 -1.266597000000000035e-02 -1.009004845248576316e+03
-3.162964000000000053e-02 -1.065186000000000084e-02 9.994429000000000229e-01 1.654507264488280271e+03 9.165357000000000365e-02 9.956992000000000065e-01 1.351253999999999997e-02 7.378237120006153305e+01 -9.952885000000000204e-01 9.202989000000000308e-02 -3.051732000000000056e-02 -1.009004845248576316e+03
-4.749040999999999679e-02 -1.030236999999999993e-02 9.988186000000000009e-01 1.654507264488280271e+03 9.488928000000000640e-02 9.953781000000000434e-01 1.477853999999999973e-02 7.378237120006153305e+01 -9.943543999999999716e-01 9.547899999999999443e-02 -4.629333000000000059e-02 -1.009004845248576316e+03
-6.213431999999999983e-02 -1.086217000000000085e-02 9.980086999999999708e-01 1.654507264488280271e+03 9.737473000000000656e-02 9.951044000000000000e-01 1.689293999999999865e-02 7.378237120006153305e+01 -9.933062999999999754e-01 9.823044000000000220e-02 -6.077243000000000228e-02 -1.009004845248576316e+03
-7.560867999999999756e-02 -1.193509000000000063e-02 9.970662000000000136e-01 1.654507264488280271e+03 9.751630999999999494e-02 9.950466000000000033e-01 1.930569000000000035e-02 7.378237120006153305e+01 -9.923577000000000092e-01 9.868986999999999898e-02 -7.407028999999999697e-02 -1.009004845248576316e+03
-8.805538999999999727e-02 -1.198808999999999986e-02 9.960434999999999706e-01 1.654507264488280271e+03 9.729037000000000102e-02 9.950432999999999639e-01 2.057702000000000142e-02 7.378237120006153305e+01 -9.913530000000000397e-01 9.871733000000000591e-02 -8.645258999999999583e-02 -1.009004845248576316e+03
-9.947788000000000463e-02 -9.193596000000000060e-03 9.949972999999999734e-01 1.654507264488280271e+03 9.735338000000000325e-02 9.950698999999999517e-01 1.892746000000000012e-02 7.378237120006153305e+01 -9.902657999999999738e-01 9.874919999999999531e-02 -9.809239999999999626e-02 -1.009004845248576316e+03
-1.097966999999999971e-01 -5.360682000000000294e-03 9.939396000000000342e-01 1.654507264488280271e+03 9.798070999999999864e-02 9.950565999999999578e-01 1.619026000000000146e-02 7.378237120006153305e+01 -9.891128999999999616e-01 9.916453000000000073e-02 -1.087286999999999976e-01 -1.009004845248576316e+03
-1.194554000000000032e-01 -2.512059000000000080e-03 9.928363999999999523e-01 1.654507264488280271e+03 9.905113999999999586e-02 9.949776000000000176e-01 1.443503999999999968e-02 7.378237120006153305e+01 -9.878862000000000476e-01 1.000658999999999993e-01 -1.186066000000000065e-01 -1.009004845248576316e+03
-1.270884999999999931e-01 -1.278669999999999980e-03 9.918905999999999556e-01 1.654507264488280271e+03 9.888956999999999609e-02 9.950006000000000128e-01 1.395314999999999923e-02 7.378237120006153305e+01 -9.869495000000000351e-01 9.986090000000000244e-02 -1.263266000000000111e-01 -1.009004845248576316e+03
-1.329870999999999970e-01 -7.149781000000000452e-04 9.911174999999999846e-01 1.654507264488280271e+03 9.839198000000000388e-02 9.950504000000000016e-01 1.391994000000000044e-02 7.378237120006153305e+01 -9.862218000000000373e-01 9.936917000000000666e-02 -1.322585000000000011e-01 -1.009004845248576316e+03
-1.381591000000000069e-01 8.940047000000000228e-04 9.904096999999999484e-01 1.654507264488280271e+03 9.941083000000000558e-02 9.949618999999999547e-01 1.296938000000000084e-02 7.378237120006153305e+01 -9.854083000000000148e-01 1.002492999999999995e-01 -1.375519000000000047e-01 -1.009004845248576316e+03
-1.426852000000000120e-01 2.815812999999999910e-03 9.897641999999999829e-01 1.654507264488280271e+03 9.869169999999999332e-02 9.950527999999999595e-01 1.139660999999999973e-02 7.378237120006153305e+01 -9.848354000000000275e-01 9.930761000000000449e-02 -1.422570999999999974e-01 -1.009004845248576316e+03
-1.468252999999999919e-01 3.917605999999999693e-03 9.891547000000000534e-01 1.654507264488280271e+03 9.897322000000000064e-02 9.950320000000000276e-01 1.075020999999999963e-02 7.378237120006153305e+01 -9.841984000000000288e-01 9.947820000000000273e-02 -1.464835999999999916e-01 -1.009004845248576316e+03
-1.499193000000000053e-01 3.009372000000000175e-03 9.886937000000000086e-01 1.654507264488280271e+03 9.873932000000000542e-02 9.950415999999999705e-01 1.194350999999999920e-02 7.378237120006153305e+01 -9.837553999999999466e-01 9.941347999999999852e-02 -1.494730999999999976e-01 -1.009004845248576316e+03
-1.522300000000000042e-01 5.817953999999999964e-04 9.883450000000000291e-01 1.654507264488280271e+03 9.933371000000000561e-02 9.949453999999999798e-01 1.471420000000000020e-02 7.378237120006153305e+01 -9.833406000000000091e-01 1.004159000000000024e-01 -1.515182999999999947e-01 -1.009004845248576316e+03
-1.545075999999999949e-01 -3.897853000000000168e-04 9.879915999999999698e-01 1.654507264488280271e+03 9.937377999999999489e-02 9.949225999999999903e-01 1.593313999999999842e-02 7.378237120006153305e+01 -9.829812999999999468e-01 1.006422000000000011e-01 -1.536842999999999959e-01 -1.009004845248576316e+03
-1.565155000000000018e-01 3.425743999999999773e-04 9.876755000000000395e-01 1.654507264488280271e+03 1.016061000000000047e-01 9.946998999999999702e-01 1.575634000000000062e-02 7.378237120006153305e+01 -9.824353000000000113e-01 1.028199000000000057e-01 -1.557206999999999897e-01 -1.009004845248576316e+03
-1.575241000000000002e-01 8.739824999999999894e-04 9.875148000000000259e-01 1.654507264488280271e+03 1.013350999999999974e-01 9.947348999999999775e-01 1.528415999999999976e-02 7.378237120006153305e+01 -9.823020000000000085e-01 1.024774999999999991e-01 -1.567832999999999866e-01 -1.009004845248576316e+03
-1.580661999999999900e-01 1.736307999999999992e-03 9.874270000000000547e-01 1.654507264488280271e+03 1.033929999999999988e-01 9.945304000000000366e-01 1.480222999999999955e-02 7.378237120006153305e+01 -9.820003999999999955e-01 1.044328000000000062e-01 -1.573811999999999989e-01 -1.009004845248576316e+03
-1.581474999999999964e-01 2.246276000000000175e-03 9.874129999999999852e-01 1.654507264488280271e+03 1.029208999999999957e-01 9.945878000000000219e-01 1.422155999999999941e-02 7.378237120006153305e+01 -9.820370000000000488e-01 1.038744999999999946e-01 -1.575226999999999877e-01 -1.009004845248576316e+03
-1.576227000000000045e-01 3.491307999999999825e-03 9.874933000000000183e-01 1.654507264488280271e+03 1.029739999999999961e-01 9.946000999999999870e-01 1.292015999999999998e-02 7.378237120006153305e+01 -9.821157999999999832e-01 1.037225999999999981e-01 -1.571309999999999929e-01 -1.009004845248576316e+03
-1.564352999999999994e-01 3.535458000000000003e-03 9.876819000000000015e-01 1.654507264488280271e+03 1.033157999999999993e-01 9.945661999999999558e-01 1.280368999999999952e-02 7.378237120006153305e+01 -9.822697000000000234e-01 1.040459999999999996e-01 -1.559504999999999919e-01 -1.009004845248576316e+03
-1.549453000000000080e-01 2.303011000000000207e-03 9.879204000000000319e-01 1.654507264488280271e+03 1.024081000000000019e-01 9.946475000000000177e-01 1.374297000000000019e-02 7.378237120006153305e+01 -9.826008999999999993e-01 1.033004000000000006e-01 -1.543518000000000112e-01 -1.009004845248576316e+03
-1.538084000000000118e-01 3.054215999999999789e-03 9.880959999999999743e-01 1.654507264488280271e+03 1.033842999999999984e-01 9.945562999999999487e-01 1.301875000000000081e-02 7.378237120006153305e+01 -9.826772999999999758e-01 1.041559999999999986e-01 -1.532869000000000037e-01 -1.009004845248576316e+03
-1.525997000000000048e-01 3.933833999999999768e-03 9.882803000000000004e-01 1.654507264488280271e+03 1.033113999999999977e-01 9.945766999999999802e-01 1.199333999999999990e-02 7.378237120006153305e+01 -9.828732999999999498e-01 1.039308000000000037e-01 -1.521784999999999943e-01 -1.009004845248576316e+03
-1.516316000000000053e-01 4.600354000000000075e-03 9.884264000000000383e-01 1.654507264488280271e+03 1.043179000000000051e-01 9.944789000000000545e-01 1.137458000000000045e-02 7.378237120006153305e+01 -9.829168999999999823e-01 1.048353000000000063e-01 -1.512744000000000033e-01 -1.009004845248576316e+03
-1.505875999999999881e-01 4.530984000000000053e-03 9.885863000000000289e-01 1.654507264488280271e+03 1.038797999999999944e-01 9.945260000000000211e-01 1.126540000000000007e-02 7.378237120006153305e+01 -9.831237000000000448e-01 1.043906000000000001e-01 -1.502339000000000035e-01 -1.009004845248576316e+03
-1.496365000000000056e-01 2.801778999999999901e-03 9.887371000000000354e-01 1.654507264488280271e+03 1.056380999999999987e-01 9.943174000000000179e-01 1.316978000000000072e-02 7.378237120006153305e+01 -9.830815999999999999e-01 1.064189999999999997e-01 -1.490820999999999952e-01 -1.009004845248576316e+03
-1.489502000000000048e-01 1.053387999999999937e-03 9.888441999999999510e-01 1.654507264488280271e+03 1.069190000000000002e-01 9.941539000000000348e-01 1.504623000000000071e-02 7.378237120006153305e+01 -9.830472999999999573e-01 1.079674000000000050e-01 -1.481920999999999933e-01 -1.009004845248576316e+03
-1.481741000000000030e-01 1.587223000000000019e-03 9.889599999999999502e-01 1.654507264488280271e+03 1.084502999999999995e-01 9.939938000000000384e-01 1.465360999999999921e-02 7.378237120006153305e+01 -9.829968999999999513e-01 1.094243000000000021e-01 -1.474563000000000124e-01 -1.009004845248576316e+03
-1.471094000000000013e-01 3.907489000000000101e-03 9.891124999999999501e-01 1.654507264488280271e+03 1.108431000000000000e-01 9.937584999999999891e-01 1.255970000000000003e-02 7.378237120006153305e+01 -9.828898999999999830e-01 1.114839999999999998e-01 -1.466243000000000130e-01 -1.009004845248576316e+03
-1.464650000000000118e-01 3.603547999999999821e-03 9.892092999999999581e-01 1.654507264488280271e+03 1.101154000000000022e-01 9.938379000000000518e-01 1.268355999999999997e-02 7.378237120006153305e+01 -9.830678999999999945e-01 1.107848000000000027e-01 -1.459592000000000112e-01 -1.009004845248576316e+03
-1.462604000000000126e-01 3.233250000000000013e-03 9.892408999999999786e-01 1.654507264488280271e+03 1.105104999999999976e-01 9.937886999999999693e-01 1.309099000000000027e-02 7.378237120006153305e+01 -9.830539999999999834e-01 1.112361999999999934e-01 -1.457092000000000109e-01 -1.009004845248576316e+03
-1.460361000000000020e-01 1.690015000000000007e-03 9.892777999999999849e-01 1.654507264488280271e+03 1.098324999999999996e-01 9.938441000000000081e-01 1.451553000000000045e-02 7.378237120006153305e+01 -9.831634000000000206e-01 1.107746000000000008e-01 -1.453226999999999991e-01 -1.009004845248576316e+03
-1.456358000000000097e-01 1.966691000000000012e-03 9.893362999999999463e-01 1.654507264488280271e+03 1.116861999999999994e-01 9.936382000000000270e-01 1.446557000000000051e-02 7.378237120006153305e+01 -9.830138999999999960e-01 1.126019000000000048e-01 -1.449288999999999994e-01 -1.009004845248576316e+03
-1.456204000000000109e-01 2.152570999999999825e-03 9.893381999999999454e-01 1.654507264488280271e+03 1.123679000000000067e-01 9.935625999999999625e-01 1.437762000000000068e-02 7.378237120006153305e+01 -9.829385000000000483e-01 1.132635000000000031e-01 -1.449247999999999925e-01 -1.009004845248576316e+03
-1.456042999999999921e-01 3.177492000000000077e-03 9.893378000000000450e-01 1.654507264488280271e+03 1.128566000000000014e-01 9.935207000000000344e-01 1.341855999999999952e-02 7.378237120006153305e+01 -9.828848999999999503e-01 1.136071000000000025e-01 -1.450193999999999928e-01 -1.009004845248576316e+03
-1.459369000000000083e-01 3.866772000000000091e-03 9.892864000000000102e-01 1.654507264488280271e+03 1.123298999999999964e-01 9.935899000000000258e-01 1.268701000000000030e-02 7.378237120006153305e+01 -9.828959000000000445e-01 1.129779000000000061e-01 -1.454358000000000040e-01 -1.009004845248576316e+03
-1.470604000000000078e-01 4.142622000000000318e-03 9.891189000000000231e-01 1.654507264488280271e+03 1.112116999999999967e-01 9.937196999999999836e-01 1.237284999999999947e-02 7.378237120006153305e+01 -9.828556000000000514e-01 1.118211000000000066e-01 -1.465974999999999917e-01 -1.009004845248576316e+03
-1.482341000000000075e-01 4.952492000000000179e-03 9.889398999999999829e-01 1.654507264488280271e+03 1.106078000000000061e-01 9.937964000000000242e-01 1.160240000000000056e-02 7.378237120006153305e+01 -9.827474000000000487e-01 1.111043000000000031e-01 -1.478623000000000021e-01 -1.009004845248576316e+03
-1.492422999999999944e-01 4.338052999999999701e-03 9.887911999999999813e-01 1.654507264488280271e+03 1.094670999999999977e-01 9.939160000000000217e-01 1.216177000000000057e-02 7.378237120006153305e+01 -9.827226000000000017e-01 1.100551000000000029e-01 -1.488090999999999997e-01 -1.009004845248576316e+03
-1.502285999999999899e-01 3.835818999999999861e-03 9.886439000000000199e-01 1.654507264488280271e+03 1.096199000000000062e-01 9.938911000000000273e-01 1.280100999999999982e-02 7.378237120006153305e+01 -9.825551999999999619e-01 1.102980999999999961e-01 -1.497313000000000116e-01 -1.009004845248576316e+03
-1.506723000000000090e-01 2.811838000000000098e-03 9.885798000000000085e-01 1.654507264488280271e+03 1.070118000000000041e-01 9.941662999999999473e-01 1.348223999999999950e-02 7.378237120006153305e+01 -9.827747999999999484e-01 1.078211000000000030e-01 -1.500942000000000109e-01 -1.009004845248576316e+03
-1.520677000000000001e-01 3.896025999999999916e-03 9.883623999999999743e-01 1.654507264488280271e+03 1.068059999999999982e-01 9.942010999999999488e-01 1.251393999999999944e-02 7.378237120006153305e+01 -9.825821999999999612e-01 1.074660000000000060e-01 -1.516019999999999868e-01 -1.009004845248576316e+03
-1.546859999999999902e-01 5.230308999999999826e-03 9.879499000000000475e-01 1.654507264488280271e+03 1.057141999999999943e-01 9.943324999999999525e-01 1.128785000000000031e-02 7.378237120006153305e+01 -9.822914999999999841e-01 1.061864000000000002e-01 -1.543622000000000050e-01 -1.009004845248576316e+03
-1.584946999999999884e-01 5.190445000000000128e-03 9.873461999999999517e-01 1.654507264488280271e+03 1.064536999999999983e-01 9.942469000000000445e-01 1.186186000000000011e-02 7.378237120006153305e+01 -9.816042999999999852e-01 1.069867000000000040e-01 -1.581354000000000093e-01 -1.009004845248576316e+03
-1.632049000000000138e-01 4.742999999999999820e-03 9.865808000000000355e-01 1.654507264488280271e+03 1.041818999999999940e-01 9.944802999999999837e-01 1.245328000000000060e-02 7.378237120006153305e+01 -9.810759999999999481e-01 1.048163000000000011e-01 -1.627982000000000040e-01 -1.009004845248576316e+03
-1.680724000000000107e-01 3.613140999999999835e-03 9.857681000000000360e-01 1.654507264488280271e+03 1.019228999999999968e-01 9.946975000000000122e-01 1.373188000000000013e-02 7.378237120006153305e+01 -9.804914000000000129e-01 1.027803000000000050e-01 -1.675494999999999901e-01 -1.009004845248576316e+03
-1.727781999999999929e-01 4.875199999999999673e-03 9.849487000000000103e-01 1.654507264488280271e+03 1.009595999999999966e-01 9.948082999999999787e-01 1.278617999999999942e-02 7.378237120006153305e+01 -9.797727999999999993e-01 1.016491999999999951e-01 -1.723734000000000099e-01 -1.009004845248576316e+03
-1.774521000000000015e-01 6.239531000000000417e-03 9.841096999999999761e-01 1.654507264488280271e+03 1.014657999999999949e-01 9.947667999999999511e-01 1.198894000000000001e-02 7.378237120006153305e+01 -9.788847999999999994e-01 1.019808999999999993e-01 -1.771564999999999945e-01 -1.009004845248576316e+03
-1.820546000000000109e-01 7.979442999999999259e-03 9.832560999999999662e-01 1.654507264488280271e+03 1.011782999999999988e-01 9.948112000000000066e-01 1.066042000000000031e-02 7.378237120006153305e+01 -9.780689999999999662e-01 1.014248999999999984e-01 -1.819173000000000040e-01 -1.009004845248576316e+03
-1.868758000000000086e-01 8.786952000000000651e-03 9.823442999999999481e-01 1.654507264488280271e+03 1.001207000000000069e-01 9.949234999999999607e-01 1.014694000000000013e-02 7.378237120006153305e+01 -9.772682000000000313e-01 1.002491999999999966e-01 -1.868068999999999980e-01 -1.009004845248576316e+03
-1.918873000000000106e-01 7.633131999999999938e-03 9.813872999999999625e-01 1.654507264488280271e+03 9.794173999999999936e-02 9.951267000000000307e-01 1.141021000000000049e-02 7.378237120006153305e+01 -9.765175999999999856e-01 9.830822999999999645e-02 -1.916997000000000007e-01 -1.009004845248576316e+03
-1.972643000000000035e-01 7.480826000000000316e-03 9.803218000000000210e-01 1.654507264488280271e+03 9.606301999999999897e-02 9.953060999999999714e-01 1.173501000000000058e-02 7.378237120006153305e+01 -9.756323999999999552e-01 9.648755000000000526e-02 -1.970570000000000099e-01 -1.009004845248576316e+03
-2.028928999999999871e-01 6.576712000000000183e-03 9.791788999999999632e-01 1.654507264488280271e+03 9.508165000000000366e-02 9.953843999999999470e-01 1.301603999999999955e-02 7.378237120006153305e+01 -9.745736999999999872e-01 9.574278999999999429e-02 -2.025817000000000034e-01 -1.009004845248576316e+03
-2.084031000000000078e-01 6.469212999999999700e-03 9.780216000000000465e-01 1.654507264488280271e+03 9.502286999999999539e-02 9.953813000000000244e-01 1.366404000000000056e-02 7.378237120006153305e+01 -9.734159999999999480e-01 9.578203000000000411e-02 -2.080552999999999986e-01 -1.009004845248576316e+03
-2.138450000000000073e-01 7.858297999999999672e-03 9.768360000000000376e-01 1.654507264488280271e+03 9.558616000000000335e-02 9.953372999999999804e-01 1.291819999999999947e-02 7.378237120006153305e+01 -9.721798000000000384e-01 9.613446999999999965e-02 -2.135990999999999862e-01 -1.009004845248576316e+03
-2.195382999999999918e-01 8.856305999999999554e-03 9.755637000000000336e-01 1.654507264488280271e+03 9.521901000000000670e-02 9.953792000000000195e-01 1.239164000000000064e-02 7.378237120006153305e+01 -9.709459999999999757e-01 9.561263000000000400e-02 -2.193671000000000093e-01 -1.009004845248576316e+03
-2.254576000000000080e-01 8.853206000000000617e-03 9.742127999999999899e-01 1.654507264488280271e+03 9.566882000000000164e-02 9.953271000000000202e-01 1.309511000000000008e-02 7.378237120006153305e+01 -9.695443999999999729e-01 9.615416000000000241e-02 -2.252510000000000068e-01 -1.009004845248576316e+03
-2.310452000000000061e-01 9.190854000000000038e-03 9.728995999999999755e-01 1.654507264488280271e+03 9.472619999999999651e-02 9.954172000000000020e-01 1.309209000000000067e-02 7.378237120006153305e+01 -9.683207000000000342e-01 9.518392000000000519e-02 -2.308570000000000066e-01 -1.009004845248576316e+03
-2.362092000000000080e-01 9.550856999999999403e-03 9.716552999999999995e-01 1.654507264488280271e+03 9.420288999999999746e-02 9.954665999999999793e-01 1.311579000000000043e-02 7.378237120006153305e+01 -9.671250999999999598e-01 9.463079000000000629e-02 -2.360381000000000007e-01 -1.009004845248576316e+03
-2.414041000000000103e-01 9.719217999999999955e-03 9.703760000000000163e-01 1.654507264488280271e+03 9.294890000000000096e-02 9.955840000000000245e-01 1.315153999999999976e-02 7.378237120006153305e+01 -9.659630000000000161e-01 9.337020000000000042e-02 -2.412413999999999947e-01 -1.009004845248576316e+03
-2.458159000000000038e-01 9.821942000000000172e-03 9.692667999999999839e-01 1.654507264488280271e+03 9.457506000000000246e-02 9.954207000000000471e-01 1.389821999999999932e-02 7.378237120006153305e+01 -9.646917000000000408e-01 9.508484999999999854e-02 -2.456191000000000069e-01 -1.009004845248576316e+03
-2.497010000000000063e-01 8.595702999999999677e-03 9.682849000000000039e-01 1.654507264488280271e+03 9.625854999999999828e-02 9.952279000000000542e-01 1.598822999999999911e-02 7.378237120006153305e+01 -9.635266999999999582e-01 9.719795999999999991e-02 -2.493367999999999973e-01 -1.009004845248576316e+03
-2.532928999999999875e-01 9.879225999999999633e-03 9.673391999999999546e-01 1.654507264488280271e+03 9.768543999999999838e-02 9.950978999999999797e-01 1.541572000000000081e-02 7.378237120006153305e+01 -9.624449000000000476e-01 9.839963000000000182e-02 -2.530163000000000273e-01 -1.009004845248576316e+03
-2.563419000000000114e-01 1.033139999999999926e-02 9.665310000000000290e-01 1.654507264488280271e+03 9.797856000000000620e-02 9.950700999999999574e-01 1.534925000000000005e-02 7.378237120006153305e+01 -9.616074999999999484e-01 9.863394999999999802e-02 -2.560903999999999958e-01 -1.009004845248576316e+03
-2.597613999999999757e-01 1.013190999999999918e-02 9.656196999999999697e-01 1.654507264488280271e+03 9.708426000000000555e-02 9.951527000000000012e-01 1.567485000000000059e-02 7.378237120006153305e+01 -9.607801999999999731e-01 9.781816999999999596e-02 -2.594858999999999916e-01 -1.009004845248576316e+03
-2.637027000000000121e-01 1.035060999999999967e-02 9.645485000000000309e-01 1.654507264488280271e+03 9.579548999999999703e-02 9.952801999999999483e-01 1.550960000000000012e-02 7.378237120006153305e+01 -9.598354000000000052e-01 9.648930000000000007e-02 -2.634496000000000060e-01 -1.009004845248576316e+03
-2.681714000000000042e-01 1.125920000000000046e-02 9.633055000000000367e-01 1.654507264488280271e+03 9.446872000000000602e-02 9.954197999999999658e-01 1.466427000000000008e-02 7.378237120006153305e+01 -9.587282000000000304e-01 9.493474999999999830e-02 -2.680066999999999866e-01 -1.009004845248576316e+03
-2.726489000000000273e-01 1.108767000000000086e-02 9.620497000000000076e-01 1.654507264488280271e+03 9.357614999999999683e-02 9.954984000000000055e-01 1.504668999999999972e-02 7.378237120006153305e+01 -9.575521000000000171e-01 9.412735999999999326e-02 -2.724590000000000067e-01 -1.009004845248576316e+03
-2.772300999999999793e-01 1.132109000000000067e-02 9.607369000000000048e-01 1.654507264488280271e+03 9.373713000000000184e-02 9.954790999999999501e-01 1.531828000000000009e-02 7.378237120006153305e+01 -9.562199999999999589e-01 9.430339000000000083e-02 -2.770379000000000036e-01 -1.009004845248576316e+03
-2.817308000000000034e-01 1.185781999999999982e-02 9.594203000000000037e-01 1.654507264488280271e+03 9.322616999999999710e-02 9.955308999999999964e-01 1.507145000000000012e-02 7.378237120006153305e+01 -9.549537000000000164e-01 9.368914000000000408e-02 -2.815771000000000246e-01 -1.009004845248576316e+03
-2.862852000000000174e-01 1.239652999999999936e-02 9.580642999999999798e-01 1.654507264488280271e+03 9.286516000000000215e-02 9.955677000000000554e-01 1.486782000000000034e-02 7.378237120006153305e+01 -9.536335000000000228e-01 9.322721000000000480e-02 -2.861674000000000162e-01 -1.009004845248576316e+03
-2.904966999999999966e-01 1.139403999999999938e-02 9.568081999999999976e-01 1.654507264488280271e+03 9.253121999999999736e-02 9.955773999999999457e-01 1.623768999999999907e-02 7.378237120006153305e+01 -9.523914999999999464e-01 9.325160999999999867e-02 -2.902661999999999742e-01 -1.009004845248576316e+03
-2.947361000000000009e-01 1.147143999999999942e-02 9.555099000000000231e-01 1.654507264488280271e+03 9.310741000000000156e-02 9.955148000000000330e-01 1.676812999999999915e-02 7.378237120006153305e+01 -9.510317999999999827e-01 9.390719999999999623e-02 -2.944822000000000273e-01 -1.009004845248576316e+03
-2.986659999999999870e-01 1.208825000000000004e-02 9.542812000000000516e-01 1.654507264488280271e+03 9.410158999999999885e-02 9.954201000000000299e-01 1.684205000000000077e-02 7.378237120006153305e+01 -9.497069999999999679e-01 9.482949999999999713e-02 -2.984357000000000260e-01 -1.009004845248576316e+03
-3.022573000000000065e-01 1.327702000000000049e-02 9.531338999999999784e-01 1.654507264488280271e+03 9.424427000000000498e-02 9.954201999999999773e-01 1.602063000000000098e-02 7.378237120006153305e+01 -9.485559999999999548e-01 9.466974000000000222e-02 -3.021243000000000123e-01 -1.009004845248576316e+03
-3.058439000000000019e-01 1.542536000000000081e-02 9.519566999999999890e-01 1.654507264488280271e+03 9.475529000000000590e-02 9.953977000000000519e-01 1.431362000000000086e-02 7.378237120006153305e+01 -9.473546999999999940e-01 9.458065000000000222e-02 -3.058979000000000004e-01 -1.009004845248576316e+03
-3.092558000000000251e-01 1.602771999999999877e-02 9.508438000000000168e-01 1.654507264488280271e+03 9.539849000000000245e-02 9.953370999999999746e-01 1.425001000000000045e-02 7.378237120006153305e+01 -9.461817999999999618e-01 9.511593999999999605e-02 -3.093427999999999733e-01 -1.009004845248576316e+03
-3.126265999999999767e-01 1.689295999999999853e-02 9.497259000000000118e-01 1.654507264488280271e+03 9.518253000000000130e-02 9.953665000000000429e-01 1.362698000000000034e-02 7.378237120006153305e+01 -9.450952000000000242e-01 9.465745000000000409e-02 -3.127859000000000056e-01 -1.009004845248576316e+03
-3.161339000000000232e-01 1.703661999999999885e-02 9.485616000000000048e-01 1.654507264488280271e+03 9.503047000000000577e-02 9.953788000000000080e-01 1.379400000000000071e-02 7.378237120006153305e+01 -9.439429999999999765e-01 9.450298999999999505e-02 -3.162920000000000176e-01 -1.009004845248576316e+03
-3.201364999999999905e-01 1.695748999999999868e-02 9.472196999999999978e-01 1.654507264488280271e+03 9.501387000000000027e-02 9.953733000000000164e-01 1.429273999999999996e-02 7.378237120006153305e+01 -9.425947999999999549e-01 9.457461000000000340e-02 -3.202665000000000095e-01 -1.009004845248576316e+03
-3.239253000000000271e-01 1.718207999999999888e-02 9.459265999999999508e-01 1.654507264488280271e+03 9.640571000000000557e-02 9.952299999999999480e-01 1.493574999999999937e-02 7.378237120006153305e+01 -9.411578999999999917e-01 9.603077999999999614e-02 -3.240366000000000080e-01 -1.009004845248576316e+03
-3.271324999999999927e-01 1.815461000000000158e-02 9.448041000000000356e-01 1.654507264488280271e+03 9.878847000000000322e-02 9.949940999999999924e-01 1.508584999999999961e-02 7.378237120006153305e+01 -9.398005999999999860e-01 9.827080000000000537e-02 -3.272882999999999765e-01 -1.009004845248576316e+03
-3.298961000000000254e-01 1.768240000000000089e-02 9.438516999999999602e-01 1.654507264488280271e+03 9.945701999999999321e-02 9.949111999999999956e-01 1.612335000000000157e-02 7.378237120006153305e+01 -9.387634000000000256e-01 9.919168999999999903e-02 -3.299758999999999887e-01 -1.009004845248576316e+03
-3.325870000000000215e-01 1.703682000000000113e-02 9.429186999999999985e-01 1.654507264488280271e+03 9.930237999999999565e-02 9.949111999999999956e-01 1.704978000000000049e-02 7.378237120006153305e+01 -9.378298999999999941e-01 9.930458000000000340e-02 -3.325864000000000043e-01 -1.009004845248576316e+03
-3.353594999999999771e-01 1.698544000000000095e-02 9.419370999999999716e-01 1.654507264488280271e+03 9.814417000000000280e-02 9.950269999999999948e-01 1.699965000000000157e-02 7.378237120006153305e+01 -9.369640999999999664e-01 9.814660999999999524e-02 -3.353588000000000124e-01 -1.009004845248576316e+03
-3.383517999999999804e-01 1.880924999999999958e-02 9.408317000000000485e-01 1.654507264488280271e+03 9.724016000000000604e-02 9.951467000000000507e-01 1.507537999999999934e-02 7.378237120006153305e+01 -9.359819999999999807e-01 9.658738999999999519e-02 -3.385386000000000228e-01 -1.009004845248576316e+03
-3.416161999999999810e-01 2.028947000000000042e-02 9.396206000000000280e-01 1.654507264488280271e+03 9.708226999999999829e-02 9.951805999999999708e-01 1.380681999999999916e-02 7.378237120006153305e+01 -9.348119000000000289e-01 9.593711000000000599e-02 -3.419395000000000073e-01 -1.009004845248576316e+03
-3.448184999999999722e-01 2.159975999999999910e-02 9.384208000000000549e-01 1.654507264488280271e+03 9.545937000000000172e-02 9.953589999999999938e-01 1.216579999999999918e-02 7.378237120006153305e+01 -9.338028000000000439e-01 9.377604000000000495e-02 -3.452800999999999787e-01 -1.009004845248576316e+03
-3.481356999999999924e-01 2.308833000000000066e-02 9.371597999999999873e-01 1.654507264488280271e+03 9.427365000000000050e-02 9.954910000000000148e-01 1.049532000000000069e-02 7.378237120006153305e+01 -9.326917999999999598e-01 9.200324999999999476e-02 -3.487425000000000108e-01 -1.009004845248576316e+03
