1.000000000000000000e+00 0.000000000000000000e+00 0.000000000000000000e+00 2.549569079729426164e+02 0.000000000000000000e+00 1.000000000000000000e+00 0.000000000000000000e+00 -2.271336205794450507e+03 0.000000000000000000e+00 0.000000000000000000e+00 1.000000000000000000e+00 8.195514332535333324e+02
9.999988899141000198e-01 -4.271000310175415357e-04 -1.427499958415910913e-03 2.549569079729426164e+02 4.282492254706536617e-04 9.999995844245570531e-01 8.048312332314801285e-04 -2.271336205794450507e+03 1.427155621737306434e-03 -8.054416655512272507e-04 9.999986572443758659e-01 8.195514332535333324e+02
9.999958599172357188e-01 7.040572108068055088e-04 -2.790063051656118797e-03 2.549569079729426164e+02 -7.016766458838605367e-04 9.999993890669817143e-01 8.541168233174895215e-04 -2.271336205794450507e+03 2.790662694222805721e-03 -8.521555651192600379e-04 9.999957430072489162e-01 8.195514332535333324e+02
9.999883728680019068e-01 1.779045137112510080e-03 -4.482089602638530956e-03 2.549569079729426164e+02 -1.774567888795093411e-03 9.999979227497902690e-01 1.002698814403374600e-03 -2.271336205794450507e+03 4.483864138666717597e-03 -9.947333836083606037e-04 9.999894526783177362e-01 8.195514332535333324e+02
9.999801491799078512e-01 1.785181054968755726e-03 -6.042712530803595085e-03 2.549569079729426164e+02 -1.777990932088245038e-03 9.999977053037081287e-01 1.195046260014947029e-03 -2.271336205794450507e+03 6.044832038556747188e-03 -1.184278649281653162e-03 9.999810285648955688e-01 8.195514332535333324e+02
9.999679642325103313e-01 2.182890298708965813e-03 -7.701006338945253632e-03 2.549569079729426164e+02 -2.169705306631981596e-03 9.999961668922865421e-01 1.720052213316600404e-03 -2.271336205794450507e+03 7.704731505448175755e-03 -1.703288195803808998e-03 9.999688674762585716e-01 8.195514332535333324e+02
9.999594210955038420e-01 -1.444126477905126717e-03 -8.892168524080062975e-03 2.549569079729426164e+02 1.451505091594325943e-03 9.999986075798400487e-01 8.233901565976454572e-04 -2.271336205794450507e+03 8.890967062918553668e-03 -8.362637722151351110e-04 9.999601248887824978e-01 8.195514332535333324e+02
9.999429919633806563e-01 -2.557264299016215065e-03 -1.036692927666368544e-02 2.549569079729426164e+02 2.567462443458729329e-03 9.999962330973825031e-01 9.705295701930056898e-04 -2.271336205794450507e+03 1.036440832482966347e-02 -9.970909437795551136e-04 9.999457909555528046e-01 8.195514332535333324e+02
9.999308233932290291e-01 -1.975400858347286029e-03 -1.159509463470669369e-02 2.549569079729426164e+02 1.986042227487848366e-03 9.999976171212028309e-01 9.063046874777695109e-04 -2.271336205794450507e+03 1.159327668994396959e-02 -9.292703399710348835e-04 9.999323639087924764e-01 8.195514332535333324e+02
9.999188832827154982e-01 -1.192793995021378594e-03 -1.268085553630210124e-02 2.549569079729426164e+02 1.204787983747354976e-03 9.999988340977135071e-01 9.382372448687374515e-04 -2.271336205794450507e+03 1.267972162791205018e-02 -9.534388805171729831e-04 9.999191545388756985e-01 8.195514332535333324e+02
9.999092523024767365e-01 1.317412319229973195e-03 -1.340714677637268662e-02 2.549569079729426164e+02 -1.293584033496179972e-03 9.999975687777477029e-01 1.785799244507097969e-03 -2.271336205794450507e+03 1.340946681454349004e-02 -1.768293916332764866e-03 9.999085254843942394e-01 8.195514332535333324e+02
9.998936936753761717e-01 3.347585010334987784e-03 -1.419137142110628129e-02 2.549569079729426164e+02 -3.315739267865526474e-03 9.999919333579612157e-01 2.266956575220221808e-03 -2.271336205794450507e+03 1.419884577424327700e-02 -2.219660695912801379e-03 9.998967276099440804e-01 8.195514332535333324e+02
9.998813254149701013e-01 4.261996386841054515e-03 -1.480440722222781634e-02 2.549569079729426164e+02 -4.218089939139387304e-03 9.999866165738405810e-01 2.995728703969542835e-03 -2.271336205794450507e+03 1.481697687344919745e-02 -2.932926865949734424e-03 9.998859210611633630e-01 8.195514332535333324e+02
9.998758991877210178e-01 4.100470734847080044e-03 -1.521092907415922194e-02 2.549569079729426164e+02 -4.061856189800226724e-03 9.999884516616556196e-01 2.568631467904818229e-03 -2.271336205794450507e+03 1.522128601136648815e-02 -2.506528092240719457e-03 9.998810078049703565e-01 8.195514332535333324e+02
9.998646202478956857e-01 5.026653940601082116e-03 -1.566760756123872222e-02 2.549569079729426164e+02 -4.986817880350185271e-03 9.999842359338479980e-01 2.580606755438339967e-03 -2.271336205794450507e+03 1.568033239315304653e-02 -2.502125888006813924e-03 9.998739253236285096e-01 8.195514332535333324e+02
9.998561041054588872e-01 5.831686389412524783e-03 -1.592992520100005097e-02 2.549569079729426164e+02 -5.782847284617759730e-03 9.999784423830716529e-01 3.110216456850917622e-03 -2.271336205794450507e+03 1.594771959675441234e-02 -3.017648584778874141e-03 9.998682733423849278e-01 8.195514332535333324e+02
9.998453767577718532e-01 7.364366980745900952e-03 -1.596836482180753053e-02 2.549569079729426164e+02 -7.296072054352649786e-03 9.999640045100763874e-01 4.330937167588629587e-03 -2.271336205794450507e+03 1.599968464336515989e-02 -4.213761163711790547e-03 9.998631177857137953e-01 8.195514332535333324e+02
9.998377229901609375e-01 8.128717451109223474e-03 -1.607643114780901022e-02 2.549569079729426164e+02 -8.078573995837898605e-03 9.999623064700986497e-01 3.181553267548762384e-03 -2.271336205794450507e+03 1.610168711793838470e-02 -3.051162335981291024e-03 9.998657040224729897e-01 8.195514332535333324e+02
9.998339892975217635e-01 9.198899907034673029e-03 -1.572813040076987204e-02 2.549569079729426164e+02 -9.182009891258073944e-03 9.999571880592506012e-01 1.145749969758184071e-03 -2.271336205794450507e+03 1.573799668827334172e-02 -1.001143914089973113e-03 9.998756488539478626e-01 8.195514332535333324e+02
9.998571129608558872e-01 7.338144407669558271e-03 -1.522843715666920110e-02 2.549569079729426164e+02 -7.329165985020607080e-03 9.999729330849477238e-01 6.453088024415730775e-04 -2.271336205794450507e+03 1.523276033903415115e-02 -5.336048525637736165e-04 9.998838323917008664e-01 8.195514332535333324e+02
9.998678714645785615e-01 6.198451932827275281e-03 -1.502726876480899205e-02 2.549569079729426164e+02 -6.152586359479047910e-03 9.999762784996515386e-01 3.096468807575057831e-03 -2.271336205794450507e+03 1.504610560851299579e-02 -3.003603106863943564e-03 9.998822896093289003e-01 8.195514332535333324e+02
9.998758248246754077e-01 4.326640123493225715e-03 -1.515305633914247260e-02 2.549569079729426164e+02 -4.265022669004637536e-03 9.999825148152592380e-01 4.096296544748652575e-03 -2.271336205794450507e+03 1.517051458614122189e-02 -4.031159757615877456e-03 9.998767950293677709e-01 8.195514332535333324e+02
9.998817420271922662e-01 3.947287154833392479e-03 -1.486340757649269942e-02 2.549569079729426164e+02 -3.894883259072010832e-03 9.999861029521304179e-01 3.552996905292435306e-03 -2.271336205794450507e+03 1.487722571805151842e-02 -3.494685497738575595e-03 9.998832208454175863e-01 8.195514332535333324e+02
9.998832782237694339e-01 5.200652269896011842e-03 -1.436604136343738909e-02 2.549569079729426164e+02 -5.179146278598092436e-03 9.999854118434013950e-01 1.533800576216429266e-03 -2.271336205794450507e+03 1.437380855282453448e-02 -1.459217718623155406e-03 9.998956267087762972e-01 8.195514332535333324e+02
9.998841565476769278e-01 6.319127378273101982e-03 -1.384709767851588676e-02 2.549569079729426164e+02 -6.310798206901294984e-03 9.999798786184734833e-01 6.451233794629865825e-04 -2.271336205794450507e+03 1.385089567258998046e-02 -5.576624069431688341e-04 9.999039162348084542e-01 8.195514332535333324e+02
9.998943768273558241e-01 6.328058452782160843e-03 -1.308399271065713819e-02 2.549569079729426164e+02 -6.337734247209144030e-03 9.999796726262552005e-01 -6.981825685536419829e-04 -2.271336205794450507e+03 1.307930860734270520e-02 7.810316929882337019e-04 9.999141571534270190e-01 8.195514332535333324e+02
9.999067042959755014e-01 7.090648898268120219e-03 -1.167499045663386754e-02 2.549569079729426164e+02 -7.087501294455295607e-03 9.999748349994388441e-01 3.109553764389264919e-04 -2.271336205794450507e+03 1.167690153088982510e-02 -2.281798556640145356e-04 9.999317966264456015e-01 8.195514332535333324e+02
9.999213197056432412e-01 7.235100939217599912e-03 -1.024732709171012959e-02 2.549569079729426164e+02 -7.211432413282020844e-03 9.999712481716019896e-01 2.344796937279653749e-03 -2.271336205794450507e+03 1.026399730484323092e-02 -2.270714541227758856e-03 9.999447455808737617e-01 8.195514332535333324e+02
9.999386320866584521e-01 6.982595258733423002e-03 -8.600896704142808533e-03 2.549569079729426164e+02 -6.954271668639126422e-03 9.999703120111802512e-01 3.318614443037065913e-03 -2.271336205794450507e+03 8.623813902293126638e-03 -3.258597814318998313e-03 9.999575047841098296e-01 8.195514332535333324e+02
9.999480702760361606e-01 7.690730477185232089e-03 -6.686509998431859093e-03 2.549569079729426164e+02 -7.663728826320115491e-03 9.999624133763967970e-01 4.054515375327426979e-03 -2.271336205794450507e+03 6.717440860064568912e-03 -4.003061226040716993e-03 9.999694252771491598e-01 8.195514332535333324e+02
9.999628729768699209e-01 7.849397208630832373e-03 -3.555225914879063531e-03 2.549569079729426164e+02 -7.837462045874795183e-03 9.999636461412358956e-01 3.358658155369417895e-03 -2.271336205794450507e+03 3.581460110647773781e-03 -3.330669510218019821e-03 9.999880398205217569e-01 8.195514332535333324e+02
9.999748902407606943e-01 7.086457513442679865e-03 -3.174726972781564369e-05 2.549569079729426164e+02 -7.086405124955404145e-03 9.999738771950723581e-01 1.424004866291024140e-03 -2.271336205794450507e+03 4.183759038398041124e-05 -1.423744135856771587e-03 9.999989856006112898e-01 8.195514332535333324e+02
9.999741877675800694e-01 6.388789764089733945e-03 3.287425119952209693e-03 2.549569079729426164e+02 -6.387526625003417217e-03 9.999795216916459450e-01 -3.945896116322876088e-04 -2.271336205794450507e+03 -3.289878749118734045e-03 3.735809109121234384e-04 9.999945185525364044e-01 8.195514332535333324e+02
9.999447390386563272e-01 7.634749731389410543e-03 7.226995603487090108e-03 2.549569079729426164e+02 -7.635248179998491667e-03 9.999708502115175479e-01 4.138217466179146362e-05 -2.271336205794450507e+03 -7.226468995547012664e-03 -9.655979287141734679e-05 9.999738840700104214e-01 8.195514332535333324e+02
9.998972111917762140e-01 8.101872601522732212e-03 1.182906214614689623e-02 2.549569079729426164e+02 -8.094326160253028507e-03 9.999670053088726140e-01 -6.856949878898750857e-04 -2.271336205794450507e+03 -1.183422726333045565e-02 5.898762189384508395e-04 9.999297990914792766e-01 8.195514332535333324e+02
9.997800917472456916e-01 1.015859452901689448e-02 1.834587427909063068e-02 2.549569079729426164e+02 -1.012780130610193251e-02 9.999471448851540156e-01 -1.770614789448921814e-03 -2.271336205794450507e+03 -1.836289156351176774e-02 1.584422047158918958e-03 9.998301324826147640e-01 8.195514332535333324e+02
9.996022259732171289e-01 1.137539927778812195e-02 2.580678439210232905e-02 2.549569079729426164e+02 -1.131484543680481500e-02 9.999328817260797475e-01 -2.491247823581317546e-03 -2.271336205794450507e+03 -2.583339122397168217e-02 2.198257093285234474e-03 9.996638452818131793e-01 8.195514332535333324e+02
9.993204771846312395e-01 1.342299320947047507e-02 3.432793516626672647e-02 2.549569079729426164e+02 -1.336591824674729888e-02 9.999088829090495567e-01 -1.891589013804563556e-03 -2.271336205794450507e+03 -3.435019809116348494e-02 1.431479260900421968e-03 9.994088326396877164e-01 8.195514332535333324e+02
9.988543412983049707e-01 1.653427130341821386e-02 4.490682288911309467e-02 2.549569079729426164e+02 -1.648177420492977913e-02 9.998629818266869806e-01 -1.539055458127088242e-03 -2.271336205794450507e+03 -4.492611699876726539e-02 7.971481107299616771e-04 9.989899942273209321e-01 8.195514332535333324e+02
9.981239141008655391e-01 1.938406249259585004e-02 5.807676145629368791e-02 2.549569079729426164e+02 -1.931039465955620288e-02 9.998118631749058904e-01 -1.829456972602539876e-03 -2.271336205794450507e+03 -5.810129738706604208e-02 7.045395699032361595e-04 9.983104441334540446e-01 8.195514332535333324e+02
9.970792307553442146e-01 2.197779085663697368e-02 7.314358690543652786e-02 2.549569079729426164e+02 -2.192695541743979598e-02 9.997584531128864693e-01 -1.498017172496539763e-03 -2.271336205794450507e+03 -7.315884240782404013e-02 -1.101743591359916898e-04 9.973202954112374563e-01 8.195514332535333324e+02
9.956842679816956254e-01 2.468783974844093385e-02 8.946143896847545685e-02 2.549569079729426164e+02 -2.476050921140518501e-02 9.996933673089654082e-01 -2.975601666817956348e-04 -2.271336205794450507e+03 -8.944135328441137067e-02 -1.918834806901421235e-03 9.959902421186851429e-01 8.195514332535333324e+02
9.939100095295617665e-01 2.524501091976205994e-02 1.072640777735377332e-01 2.549569079729426164e+02 -2.546399914877472623e-02 9.996755137924457912e-01 6.722136264725569457e-04 -2.271336205794450507e+03 -1.072123020193935794e-01 -3.399492237012707689e-03 9.942303383764915514e-01 8.195514332535333324e+02
9.916994414344865172e-01 2.526117296987665656e-02 1.260717692376586985e-01 2.549569079729426164e+02 -2.545052034589854323e-02 9.996760771193872186e-01 -1.088545579948375626e-04 -2.271336205794450507e+03 -1.260336815008214484e-01 -3.100641123665376885e-03 9.920211172913466768e-01 8.195514332535333324e+02
9.889374674830780920e-01 2.461435620599655358e-02 1.462765151236529171e-01 2.549569079729426164e+02 -2.477615931129294527e-02 9.996927675014447567e-01 -7.159155554343114109e-04 -2.271336205794450507e+03 -1.462491960249265310e-01 -2.916174525881424021e-03 9.892434829647336336e-01 8.195514332535333324e+02
9.856696078103521774e-01 2.214084830230911988e-02 1.672280092431905063e-01 2.549569079729426164e+02 -2.237978243737471368e-02 9.997494373830535519e-01 -4.558402377325163437e-04 -2.271336205794450507e+03 -1.671962008451216841e-01 -3.293218595947901371e-03 9.859181432219599195e-01 8.195514332535333324e+02
9.817956017281307401e-01 1.809359684585988559e-02 1.890767520888725628e-01 2.549569079729426164e+02 -1.889373932738763404e-02 9.998185441368564463e-01 2.430105817473334363e-03 -2.271336205794450507e+03 -1.889984736486679529e-01 -5.958234070165512909e-03 9.819593048620900433e-01 8.195514332535333324e+02
9.771054746987394291e-01 1.348842866386838410e-02 2.123274678555052419e-01 2.549569079729426164e+02 -1.482147437723235588e-02 9.998791669969997464e-01 4.687782276247956514e-03 -2.271336205794450507e+03 -2.122385808731201140e-01 -7.727463850720588980e-03 9.771873265098152128e-01 8.195514332535333324e+02
9.716754213403645535e-01 8.601495251268720041e-03 2.361628460246598393e-01 2.549569079729426164e+02 -1.014921530151128085e-02 9.999342434489377762e-01 5.338745823004600877e-03 -2.271336205794450507e+03 -2.361013955735721259e-01 -7.584395667519032089e-03 9.716988257431262710e-01 8.195514332535333324e+02
9.653000083329306147e-01 2.150939076918417965e-03 2.611345771312780784e-01 2.549569079729426164e+02 -3.558826854307937503e-03 9.999815705232611984e-01 4.918675152070994643e-03 -2.271336205794450507e+03 -2.611191847870720784e-01 -5.677329910964245066e-03 9.652898731786309083e-01 8.195514332535333324e+02
9.578243827325170212e-01 -9.567556409613332683e-04 2.873526343392664995e-01 2.549569079729426164e+02 -7.817763249556851672e-04 9.999820799703175167e-01 5.935365533290238964e-03 -2.271336205794450507e+03 -2.873531636659851785e-01 -5.909683314655662413e-03 9.578064705222398834e-01 8.195514332535333324e+02
9.492727556189175520e-01 -2.865170665512597505e-03 3.144408151571997379e-01 2.549569079729426164e+02 2.654376220311508035e-04 9.999654335935010963e-01 8.310304508789287739e-03 -2.271336205794450507e+03 -3.144537565088635356e-01 -7.805281238845853536e-03 9.492407031950574892e-01 8.195514332535333324e+02
9.396501376780267423e-01 -6.217819754767884774e-03 3.420803377558589431e-01 2.549569079729426164e+02 2.448619069115571308e-03 9.999314576219501260e-01 1.144920620370575015e-02 -2.271336205794450507e+03 -3.421280798565352055e-01 -9.920623747417728344e-03 9.396009568950761670e-01 8.195514332535333324e+02
9.286954680710562959e-01 -9.519559111366850124e-03 3.707210616873645170e-01 2.549569079729426164e+02 5.624964291369047471e-03 9.999170676092468124e-01 1.158523545052008059e-02 -2.271336205794450507e+03 -3.708006032371070071e-01 -8.673862925384289227e-03 9.286719963156795377e-01 8.195514332535333324e+02
9.165184265773530514e-01 -1.017997061049031107e-02 3.998629039340139690e-01 2.549569079729426164e+02 7.837743322259706213e-03 9.999412150734587890e-01 7.492407959217889553e-03 -2.271336205794450507e+03 -3.999156705154067737e-01 -3.732907148929827390e-03 9.165443371056473110e-01 8.195514332535333324e+02
9.034579375503275500e-01 -1.341357311484576986e-02 4.284668378458254545e-01 2.549569079729426164e+02 1.330944202523748517e-02 9.999061794940915515e-01 3.238975533184158557e-03 -2.271336205794450507e+03 -4.284700851054658588e-01 2.776376383059301397e-03 9.035517018432840386e-01 8.195514332535333324e+02
8.892233285409529842e-01 -1.653095749928949407e-02 4.571745830891138507e-01 2.549569079729426164e+02 1.766308580334859449e-02 9.998423791745717493e-01 1.797833817032362756e-03 -2.271336205794450507e+03 -4.571322427683831569e-01 6.476438117268118987e-03 8.893751561466407551e-01 8.195514332535333324e+02
8.735136543827733968e-01 -1.535833573065854135e-02 4.865573112495967800e-01 2.549569079729426164e+02 1.580703978793692940e-02 9.998699947996209092e-01 3.182922013919312672e-03 -2.271336205794450507e+03 -4.865429406537466472e-01 4.910704938039938371e-03 8.736428628890735570e-01 8.195514332535333324e+02
8.557240106937100688e-01 -1.096463075367161248e-02 5.173163388050938671e-01 2.549569079729426164e+02 9.865452970779991365e-03 9.999394522941160712e-01 4.874893170381288006e-03 -2.271336205794450507e+03 -5.173384678911403523e-01 9.319968760356803434e-04 8.557803696170360741e-01 8.195514332535333324e+02
8.358237581572177666e-01 -9.265151828277314039e-03 5.489196683136282617e-01 2.549569079729426164e+02 7.007128620689494214e-03 9.999561757732733369e-01 6.208597376365222568e-03 -2.271336205794450507e+03 -5.489531359309626213e-01 -1.342942473698821452e-03 8.358520509378886132e-01 8.195514332535333324e+02
8.147470063344016689e-01 -5.329556473101812984e-03 5.797921278328381778e-01 2.549569079729426164e+02 7.218468093061460901e-03 9.999734936055135748e-01 -9.517377640660274873e-04 -2.271336205794450507e+03 -5.797716872938173394e-01 4.960636469457734878e-03 8.147638815621972563e-01 8.195514332535333324e+02
7.924641357550104015e-01 -2.362424275740946690e-03 6.099139385959345683e-01 2.549569079729426164e+02 9.819812501735244309e-03 9.999123022174766229e-01 -8.885896498069307051e-03 -2.271336205794450507e+03 -6.098394582383918072e-01 1.303099480795788870e-02 7.924178369710137559e-01 8.195514332535333324e+02
7.698272830265665556e-01 -1.072199632770041034e-03 6.382513648210096369e-01 2.549569079729426164e+02 1.087394167687318058e-02 9.998754808230096991e-01 -1.143591891196244111e-02 -2.271336205794450507e+03 -6.381596286982923472e-01 1.574399050115651844e-02 7.697430838031332767e-01 8.195514332535333324e+02
7.464070176214877561e-01 -1.469873501242747842e-03 6.654880941964972374e-01 2.549569079729426164e+02 1.004358312655275094e-02 9.999085507251987970e-01 -9.056303032172927439e-03 -2.271336205794450507e+03 -6.654139241730487875e-01 1.344357313071429562e-02 7.463535220377159884e-01 8.195514332535333324e+02
7.221995954135845830e-01 -9.471138357638076311e-04 6.916840661456907791e-01 2.549569079729426164e+02 1.031490638022413558e-02 9.999026088722049455e-01 -9.400823204561229926e-03 -2.271336205794450507e+03 -6.916077986046873516e-01 1.392392710187429286e-02 7.221390289710424293e-01 8.195514332535333324e+02
6.969423719261124139e-01 -1.072499688531398541e-03 7.171263347266100263e-01 2.549569079729426164e+02 1.322818030183224754e-02 9.998479651261295009e-01 -1.136054043776619886e-02 -2.271336205794450507e+03 -7.170051223386807449e-01 1.740391845401496537e-02 6.968505995997561486e-01 8.195514332535333324e+02
6.706917724096710387e-01 -2.531216112160320289e-04 7.417361271715322557e-01 2.549569079729426164e+02 1.548313318549358192e-02 9.997868300099360672e-01 -1.365895769966459471e-02 -2.271336205794450507e+03 -7.415745539112936768e-01 2.064534979434578046e-02 6.705527201668299853e-01 8.195514332535333324e+02
6.435489247856019945e-01 2.519312378273145560e-03 7.654008325527453804e-01 2.549569079729426164e+02 1.588877603138779890e-02 9.997351286804474491e-01 -1.664990325831636545e-02 -2.271336205794450507e+03 -7.652400461316173352e-01 2.287630974234208803e-02 6.433384383425668762e-01 8.195514332535333324e+02
6.153470690482257810e-01 3.700996963355177981e-03 7.882476052835396541e-01 2.549569079729426164e+02 1.702951433146350849e-02 9.996931683832230853e-01 -1.798790509049979711e-02 -2.271336205794450507e+03 -7.880723191785081738e-01 2.449227856667451214e-02 6.150952349313235645e-01 8.195514332535333324e+02
5.866598366800513942e-01 6.298029209969187130e-03 8.098089718289155359e-01 2.549569079729426164e+02 2.169307742772596040e-02 9.994887176919995397e-01 -2.348858442125882628e-02 -2.271336205794450507e+03 -8.095428626195465549e-01 3.134705782797308354e-02 5.862232642494494828e-01 8.195514332535333324e+02
5.563133082782635297e-01 9.382325784726483833e-03 8.309196561613899634e-01 2.549569079729426164e+02 2.885568484430777597e-02 9.991150780231135009e-01 -3.060082219535126269e-02 -2.271336205794450507e+03 -8.304714639797441400e-01 4.100040036066437271e-02 5.555502809697838718e-01 8.195514332535333324e+02
5.254864851208466137e-01 1.321555992026646892e-02 8.506993022986040209e-01 2.549569079729426164e+02 3.506905944610243936e-02 9.986931550410904634e-01 -3.717718579499983134e-02 -2.271336205794450507e+03 -8.500788875303889602e-01 4.936933309316668406e-02 5.243362985003348076e-01 8.195514332535333324e+02
4.937707847393304483e-01 1.889916720992455487e-02 8.693866997008159458e-01 2.549569079729426164e+02 3.626454683041645949e-02 9.984465349880541352e-01 -4.230129328437606112e-02 -2.271336205794450507e+03 -8.688355970959580343e-01 5.241505746555631673e-02 4.923183593669773761e-01 8.195514332535333324e+02
4.611477698141767667e-01 2.422362908110338442e-02 8.869926438193000973e-01 2.549569079729426164e+02 3.259469446014016253e-02 9.984901876707655832e-01 -4.421460186688503519e-02 -2.271336205794450507e+03 -8.867244895053145726e-01 4.930071925781772529e-02 4.596619614370988094e-01 8.195514332535333324e+02
4.282091968505172264e-01 3.205534180620997486e-02 9.031109227521953997e-01 2.549569079729426164e+02 2.641294795903017384e-02 9.984997425879855726e-01 -4.796478116115901469e-02 -2.271336205794450507e+03 -9.032935513512471148e-01 4.439278222201611251e-02 4.267200967541138201e-01 8.195514332535333324e+02
3.939576516270056339e-01 3.922718205440758887e-02 9.182911286256690842e-01 2.549569079729426164e+02 2.376279924811804459e-02 9.983202025158591786e-01 -5.284035030717918607e-02 -2.271336205794450507e+03 -9.188213635394140155e-01 4.263802805902409260e-02 3.923637349027169208e-01 8.195514332535333324e+02
3.594879318161489090e-01 4.877503139323368514e-02 9.318741455750001457e-01 2.549569079729426164e+02 2.095629642844671139e-02 9.979591881580833768e-01 -6.031825934872572792e-02 -2.271336205794450507e+03 -9.329143907768550070e-01 4.121231713269864899e-02 3.577321405716895608e-01 8.195514332535333324e+02
3.237740313185132335e-01 5.595075964324034562e-02 9.444786335005691535e-01 2.549569079729426164e+02 1.925911971074937071e-02 9.976533486448411203e-01 -6.570298505927950339e-02 -2.271336205794450507e+03 -9.459384033602425967e-01 3.946274740913536389e-02 3.219366841712784644e-01 8.195514332535333324e+02
2.879316287720059542e-01 6.051486195620467412e-02 9.557370604068468056e-01 2.549569079729426164e+02 1.653302741279980698e-02 9.975386015595023581e-01 -6.814247869925119105e-02 -2.271336205794450507e+03 -9.575082433886753508e-01 3.542160189957217070e-02 2.862224204383734261e-01 8.195514332535333324e+02
2.519738220580173826e-01 6.329462192261041398e-02 9.656619407604029037e-01 2.549569079729426164e+02 1.548226341989090461e-02 9.974674323241251583e-01 -6.941916862158303836e-02 -2.271336205794450507e+03 -9.676101965754965173e-01 3.244244578308586036e-02 2.503557372914388401e-01 8.195514332535333324e+02
2.157094204477930377e-01 6.527463973983406442e-02 9.742734048186431073e-01 2.549569079729426164e+02 1.507794329454376428e-02 9.974215197635012409e-01 -7.016386205641717000e-02 -2.271336205794450507e+03 -9.763411809178609291e-01 2.982504517180617487e-02 2.141690106537732508e-01 8.195514332535333324e+02
1.797665211545518837e-01 6.528071611962649179e-02 9.815408427441512096e-01 2.549569079729426164e+02 1.452757456996410859e-02 9.975106329484693113e-01 -6.900352695229448885e-02 -2.271336205794450507e+03 -9.836020269647188785e-01 2.666393177403935527e-02 1.783706458284133045e-01 8.195514332535333324e+02
1.461533650975308796e-01 5.961461787939884016e-02 9.874640708429652802e-01 2.549569079729426164e+02 1.716394874400212558e-02 9.978795465920325958e-01 -6.278383037686097179e-02 -2.271336205794450507e+03 -9.891130333456235046e-01 2.612485078178309814e-02 1.448202314507489874e-01 8.195514332535333324e+02
1.143535683934856911e-01 5.904592593755753072e-02 9.916838407606793915e-01 2.549569079729426164e+02 2.231706662829852084e-02 9.978275341004333443e-01 -6.198516538781173590e-02 -2.271336205794450507e+03 -9.931894129181925157e-01 2.921969919801965798e-02 1.127874073023793361e-01 8.195514332535333324e+02
8.114242271758838332e-02 6.070235699797493084e-02 9.948523162210611837e-01 2.549569079729426164e+02 2.713016861986154021e-02 9.976393188080453500e-01 -6.308520840002665442e-02 -2.271336205794450507e+03 -9.963332079109766815e-01 3.210939773815926768e-02 7.930400614543149651e-02 8.195514332535333324e+02
5.143202510854916892e-02 5.601099855181044390e-02 9.971045656471855256e-01 2.549569079729426164e+02 3.181162348451457844e-02 9.978274384626719673e-01 -5.769249225245605406e-02 -2.271336205794450507e+03 -9.981697087191698792e-01 3.468675672716175357e-02 4.953848507208976487e-02 8.195514332535333324e+02
2.563213788541456734e-02 5.596582536921154011e-02 9.981036118049898542e-01 2.549569079729426164e+02 3.003086764930410629e-02 9.979379284435455633e-01 -5.672775301413533755e-02 -2.271336205794450507e+03 -9.992202662554701131e-01 3.142797105359605020e-02 2.389858028840324833e-02 8.195514332535333324e+02
5.101006613043995719e-03 5.586554643060301362e-02 9.984252703400208206e-01 2.549569079729426164e+02 2.821959335368887101e-02 9.980325778692044070e-01 -5.598774921981303915e-02 -2.271336205794450507e+03 -9.995887325707937254e-01 2.846074900206192054e-02 3.514467776991054681e-03 8.195514332535333324e+02
-1.255903167260882629e-02 5.671144296367492538e-02 9.983116161602167971e-01 2.549569079729426164e+02 2.660798030335762010e-02 9.980557703818225823e-01 -5.636217341196526204e-02 -2.271336205794450507e+03 -9.995670493306699766e-01 2.585520149838615653e-02 -1.404359098860764703e-02 8.195514332535333324e+02
-2.950080932462731051e-02 5.673234993205204107e-02 9.979534772324705205e-01 2.549569079729426164e+02 2.996790496047311778e-02 9.979894134960071161e-01 -5.584850241656941217e-02 -2.271336205794450507e+03 -9.991154222218129322e-01 2.825899893981908412e-02 -3.114164506649028802e-02 8.195514332535333324e+02
-4.339824616639680749e-02 5.639692782966984619e-02 9.974647756994006187e-01 2.549569079729426164e+02 3.608986772676436167e-02 9.978422783223841463e-01 -5.484805411184704577e-02 -2.271336205794450507e+03 -9.984057860795604311e-01 3.361806246300419465e-02 -4.533996249544164359e-02 8.195514332535333324e+02
-5.592602738586754940e-02 5.372060158000384333e-02 9.969886541113280876e-01 2.549569079729426164e+02 4.096783018338737842e-02 9.978339919224002985e-01 -5.146806246858511708e-02 -2.271336205794450507e+03 -9.975940639112182984e-01 3.796605760528112827e-02 -5.800570764168064275e-02 8.195514332535333324e+02
-6.555848023962078386e-02 4.880913436511364473e-02 9.966542801148244868e-01 2.549569079729426164e+02 4.324212217216812093e-02 9.980036488723660337e-01 -4.603081258774735507e-02 -2.271336205794450507e+03 -9.969113323353878675e-01 4.007973602669191726e-02 -6.753821304500241818e-02 8.195514332535333324e+02
-7.113846649539563860e-02 4.528874050359577713e-02 9.964377795769694401e-01 2.549569079729426164e+02 4.811490115460526767e-02 9.979616340604114955e-01 -4.192294396096160614e-02 -2.271336205794450507e+03 -9.963053120763561976e-01 4.496117132670494204e-02 -7.317252354104389345e-02 8.195514332535333324e+02
-7.460822092815937168e-02 4.387454776642326498e-02 9.962472772500943208e-01 2.549569079729426164e+02 5.239106694928933466e-02 9.978244021954549847e-01 -4.002047584919405515e-02 -2.271336205794450507e+03 -9.958357241402064908e-01 4.920860129665009103e-02 -7.674453781590750978e-02 8.195514332535333324e+02
-7.726303982323419473e-02 4.148008305035137677e-02 9.961474917839270304e-01 2.549569079729426164e+02 5.622061989633603957e-02 9.977256642130973852e-01 -3.718522379929210808e-02 -2.271336205794450507e+03 -9.954243640657709502e-01 5.313098606903201432e-02 -7.941935370920155668e-02 8.195514332535333324e+02
-8.198064973640434294e-02 4.288352774614533069e-02 9.957108898253760332e-01 2.549569079729426164e+02 6.039329187991925724e-02 9.974516065200075277e-01 -3.798608885580757183e-02 -2.271336205794450507e+03 -9.948024041812038032e-01 5.702013415189407380e-02 -8.436160819114409126e-02 8.195514332535333324e+02
-8.576141797664857402e-02 3.909438071923584251e-02 9.955483959018835982e-01 2.549569079729426164e+02 6.327184732494989250e-02 9.974265875461599817e-01 -3.371758876475191430e-02 -2.271336205794450507e+03 -9.943046075135738571e-01 6.009851788688402169e-02 -8.801429216369940911e-02 8.195514332535333324e+02
-8.841460035655292204e-02 3.832449389469989171e-02 9.953462169574492924e-01 2.549569079729426164e+02 6.667483256246964363e-02 9.972461268020824665e-01 -3.247505628955496548e-02 -2.271336205794450507e+03 -9.938497497844214212e-01 6.349327323392786604e-02 -9.072639697179689378e-02 8.195514332535333324e+02
-9.094361285205809775e-02 3.598675793414123081e-02 9.952056131949839068e-01 2.549569079729426164e+02 6.867506093641356779e-02 9.971944179989575829e-01 -2.978302733266989175e-02 -2.271336205794450507e+03 -9.934852768344352159e-01 6.563723002312167598e-02 -9.315985588276168294e-02 8.195514332535333324e+02
-9.320629432005565762e-02 3.612162383436361146e-02 9.949913642794551150e-01 2.549569079729426164e+02 6.737908227491902491e-02 9.972795357070576294e-01 -2.989292444214030828e-02 -2.271336205794450507e+03 -9.933643067731557919e-01 6.425539628297793904e-02 -9.538657178871970399e-02 8.195514332535333324e+02
-9.652620321537976056e-02 3.669801841679039972e-02 9.946536822116045506e-01 2.549569079729426164e+02 6.725825442954136424e-02 9.972763876185334331e-01 -3.026770406915640921e-02 -2.271336205794450507e+03 -9.930553958888264088e-01 6.397704387362583567e-02 -9.873154791290285337e-02 8.195514332535333324e+02
-9.831698247205312990e-02 3.689273412459521950e-02 9.944710639965355092e-01 2.549569079729426164e+02 6.900166760935702581e-02 9.971602158774267588e-01 -3.017074308680226316e-02 -2.271336205794450507e+03 -9.927600620616833238e-01 6.565386538577853981e-02 -1.005834436435153606e-01 8.195514332535333324e+02
-9.816936463275886815e-02 3.934917190655238400e-02 9.943914815191592371e-01 2.549569079729426164e+02 7.070454986661116326e-02 9.969686563772540699e-01 -3.247098442441822413e-02 -2.271336205794450507e+03 -9.926548455912356239e-01 6.712034618205933723e-02 -1.006539450426070098e-01 8.195514332535333324e+02
-9.943947378009819482e-02 4.182218053526238349e-02 9.941643205575285691e-01 2.549569079729426164e+02 7.424672806076082487e-02 9.966429498238494888e-01 -3.450005708235304169e-02 -2.271336205794450507e+03 -9.922697286658542781e-01 7.038278043449328059e-02 -1.022108105422380453e-01 8.195514332535333324e+02
-1.011997969667809416e-01 4.498355436965524590e-02 9.938486207316251653e-01 2.549569079729426164e+02 7.868017969343853169e-02 9.962101166062401481e-01 -3.707873912079680256e-02 -2.271336205794450507e+03 -9.917499838252028521e-01 7.444382719643137525e-02 -1.043555756778586779e-01 8.195514332535333324e+02
-1.020131554972126542e-01 4.904686705989175916e-02 9.935732086449946543e-01 2.549569079729426164e+02 8.386538033185594876e-02 9.956521507167467311e-01 -4.053878087594917773e-02 -2.271336205794450507e+03 -9.912416022783215874e-01 7.919090607338924448e-02 -1.056829518322654760e-01 8.195514332535333324e+02
-1.050943908790073350e-01 5.159934307675521914e-02 9.931226897014371335e-01 2.549569079729426164e+02 8.664804475922410765e-02 9.953301264067601073e-01 -4.254475063394966977e-02 -2.271336205794450507e+03 -9.906802134620301681e-01 8.158092461567689746e-02 -1.090745955467050665e-01 8.195514332535333324e+02
-1.078747455976377390e-01 5.468221352238297750e-02 9.926595059669438559e-01 2.549569079729426164e+02 8.589800648575653119e-02 9.952648405046359281e-01 -4.549098522842692088e-02 -2.271336205794450507e+03 -9.904466526492063938e-01 8.036014422319388839e-02 -1.120610346035122579e-01 8.195514332535333324e+02
-1.111905751088494154e-01 5.889780645632817363e-02 9.920522689866677624e-01 2.549569079729426164e+02 8.294679699324603028e-02 9.953091724995339895e-01 -4.979437726141993509e-02 -2.271336205794450507e+03 -9.903315025159628027e-01 7.675089271744185704e-02 -1.155543836968167259e-01 8.195514332535333324e+02
-1.134484182963664822e-01 5.898062945868644269e-02 9.917916826303342370e-01 2.549569079729426164e+02 8.127398402670943378e-02 9.954418272018260572e-01 -4.990098373293287010e-02 -2.271336205794450507e+03 -9.902141161922903834e-01 7.494567369598702233e-02 -1.177248915386026606e-01 8.195514332535333324e+02
-1.157871083358574388e-01 5.995778248794003673e-02 9.914627627209956495e-01 2.549569079729426164e+02 8.235031143371523976e-02 9.953194044695193865e-01 -5.057380046239081522e-02 -2.271336205794450507e+03 -9.898544194728789991e-01 7.579147317191073374e-02 -1.201826977748501474e-01 8.195514332535333324e+02
-1.173920992529807333e-01 5.935166515260595355e-02 9.913104835905809376e-01 2.549569079729426164e+02 8.525678197345015752e-02 9.951294408326838425e-01 -4.948410972787037343e-02 -2.271336205794450507e+03 -9.894192115380161523e-01 7.870689824685796199e-02 -1.218804660634705550e-01 8.195514332535333324e+02
-1.181504472541356210e-01 5.940604172438108260e-02 9.912171275862261544e-01 2.549569079729426164e+02 8.754261361703714883e-02 9.949453144651717595e-01 -4.919463410674848602e-02 -2.271336205794450507e+03 -9.891292951959038682e-01 8.096136998865444134e-02 -1.227537940546617051e-01 8.195514332535333324e+02
-1.179400342156088355e-01 6.075900259559888911e-02 9.911601747108331750e-01 2.549569079729426164e+02 8.873655176066945482e-02 9.947780964038415163e-01 -5.042185336512119281e-02 -2.271336205794450507e+03 -9.890480133496284409e-01 8.200538103524512845e-02 -1.227157071055582777e-01 8.195514332535333324e+02
-1.173178158697659734e-01 6.348691268503506291e-02 9.910630363388953645e-01 2.549569079729426164e+02 8.798837841537902882e-02 9.946942977071241421e-01 -5.330384013147212996e-02 -2.271336205794450507e+03 -9.891888471588120568e-01 8.094853937318567672e-02 -1.222814729628655395e-01 8.195514332535333324e+02
-1.159599677977055515e-01 6.716854567729602099e-02 9.909801573896180882e-01 2.549569079729426164e+02 8.733328375032732571e-02 9.945361608219982497e-01 -5.719022964478685800e-02 -2.271336205794450507e+03 -9.894069857332420392e-01 7.991377408829858364e-02 -1.211924308413047241e-01 8.195514332535333324e+02
-1.156648107864907543e-01 7.060879434213074290e-02 9.907754789594239719e-01 2.549569079729426164e+02 8.849209158500183359e-02 9.942363441289007175e-01 -6.052472007459261394e-02 -2.271336205794450507e+03 -9.893385675655411715e-01 8.067521412891823229e-02 -1.212464785163519937e-01 8.195514332535333324e+02
-1.164399252136622126e-01 7.497156182100007948e-02 9.903640788792555938e-01 2.549569079729426164e+02 8.930651131592905190e-02 9.938979831991097136e-01 -6.473906107844254465e-02 -2.271336205794450507e+03 -9.891744491508130954e-01 8.090774938694324236e-02 -1.224248554678540463e-01 8.195514332535333324e+02
-1.166702985651545260e-01 7.869430839459609639e-02 9.900481035076090786e-01 2.549569079729426164e+02 8.933951704186569864e-02 9.936461838453113371e-01 -6.845226091499154175e-02 -2.271336205794450507e+03 -9.891443232043763967e-01 8.046407369717285818e-02 -1.229595084432757585e-01 8.195514332535333324e+02
-1.176025522809250878e-01 7.803828073364250939e-02 9.899897304705483903e-01 2.549569079729426164e+02 8.410569430127805279e-02 9.941084031461409065e-01 -6.837188735385153759e-02 -2.271336205794450507e+03 -9.894927346287653025e-01 7.522306517528368208e-02 -1.234731492370820388e-01 8.195514332535333324e+02
-1.205009431838453687e-01 7.509404289575870306e-02 9.898688839504821146e-01 2.549569079729426164e+02 7.434083977321047365e-02 9.950175155104409308e-01 -6.643480540530975753e-02 -2.271336205794450507e+03 -9.899257357163806503e-01 6.558222738667436602e-02 -1.254831033142908281e-01 8.195514332535333324e+02
-1.210015802946555752e-01 6.940349594638355046e-02 9.902230921951959974e-01 2.549569079729426164e+02 6.806217642132508794e-02 9.957852144002402595e-01 -6.147639321445143301e-02 -2.271336205794450507e+03 -9.903161907729209901e-01 5.995799806769520207e-02 -1.252153375618410003e-01 8.195514332535333324e+02
-1.191482083633854383e-01 5.944492208630802743e-02 9.910953565030699020e-01 2.549569079729426164e+02 6.855152423170099429e-02 9.963165644595031178e-01 -5.151690896318794621e-02 -2.271336205794450507e+03 -9.905071392823504572e-01 6.180294994386303226e-02 -1.227843736349643472e-01 8.195514332535333324e+02
-1.188829871989171977e-01 5.461337254933455038e-02 9.914051719117914496e-01 2.549569079729426164e+02 7.305707036092337625e-02 9.962607996685668432e-01 -4.612031563232315418e-02 -2.271336205794450507e+03 -9.902168953441166099e-01 6.694623650761556688e-02 -1.224283528947653077e-01 8.195514332535333324e+02
-1.185370741223328028e-01 5.198553202524363454e-02 9.915878511350209035e-01 2.549569079729426164e+02 7.838758170822486548e-02 9.960017989374870817e-01 -4.284627810235410589e-02 -2.271336205794450507e+03 -9.898506700974915029e-01 7.264930125844469566e-02 -1.221381592059040538e-01 8.195514332535333324e+02
-1.179541021848200394e-01 5.100784065733587197e-02 9.917081374927040338e-01 2.549569079729426164e+02 8.333366396717852009e-02 9.956655257634917655e-01 -4.129965200716937540e-02 -2.271336205794450507e+03 -9.895162101893927309e-01 7.777120931028227990e-02 -1.216935034208393024e-01 8.195514332535333324e+02
-1.176663056215364739e-01 5.426372760777169180e-02 9.915695075926286295e-01 2.549569079729426164e+02 8.160720165034091034e-02 9.956570311695444042e-01 -4.480335837242294117e-02 -2.271336205794450507e+03 -9.896943493625594002e-01 7.564736709732010345e-02 -1.215835954850138789e-01 8.195514332535333324e+02
-1.178140767219919560e-01 5.564185470477835127e-02 9.914755808042658991e-01 2.549569079729426164e+02 7.745625133679651109e-02 9.959020591916004639e-01 -4.668637517284002225e-02 -2.271336205794450507e+03 -9.900102890652174858e-01 7.129566959458680242e-02 -1.216410910920478067e-01 8.195514332535333324e+02
-1.174988280603195684e-01 5.832574476698103305e-02 9.913587306832112311e-01 2.549569079729426164e+02 7.678684925220363722e-02 9.958186599802744121e-01 -4.948713183250839226e-02 -2.271336205794450507e+03 -9.900998965692152654e-01 7.030863341344138762e-02 -1.214861756792247754e-01 8.195514332535333324e+02
-1.169170850915938614e-01 6.043630600966466704e-02 9.913010885344525347e-01 2.549569079729426164e+02 7.810967159325085674e-02 9.956143785549494973e-01 -5.148677906253573688e-02 -2.271336205794450507e+03 -9.900652879569505904e-01 7.141051834671155452e-02 -1.211249910306474858e-01 8.195514332535333324e+02
