1.000000000000000000e+00 0.000000000000000000e+00 0.000000000000000000e+00 9.598209275747339575e+01 0.000000000000000000e+00 1.000000000000000000e+00 0.000000000000000000e+00 -3.367300525374445783e+02 0.000000000000000000e+00 0.000000000000000000e+00 1.000000000000000000e+00 8.750865577161512192e+02
9.999945788897691701e-01 -3.012508716979905680e-03 -1.329278865843496653e-03 9.598209275747339575e+01 3.016351438390655389e-03 9.999912505314441091e-01 2.898358942330358460e-03 -3.367300525374445783e+02 1.320535903781143525e-03 -2.902352802226054653e-03 9.999949162536468927e-01 8.750865577161512192e+02
9.999921144398926653e-01 -3.192580919307606586e-03 -2.361881687603064467e-03 9.598209275747339575e+01 3.201480089934662619e-03 9.999877548041400388e-01 3.773694079914048215e-03 -3.367300525374445783e+02 2.349804942184361822e-03 -3.781225839420204824e-03 9.999900903248416517e-01 8.750865577161512192e+02
9.999876230676493227e-01 -3.114088615447620917e-03 -3.880227262420670245e-03 9.598209275747339575e+01 3.126783594870329811e-03 9.999897652714886398e-01 3.269950553676217054e-03 -3.367300525374445783e+02 3.870004633555797907e-03 -3.282042712667936589e-03 9.999871255470084153e-01 8.750865577161512192e+02
9.999850676598389665e-01 -1.781194252449726538e-03 -5.166411170419655044e-03 9.598209275747339575e+01 1.797749473167024620e-03 9.999932591517535219e-01 3.201522744721570918e-03 -3.367300525374445783e+02 5.160673810513989428e-03 -3.210762851454716880e-03 9.999815290532784173e-01 8.750865577161512192e+02
9.999802893830322947e-01 -1.828109148213925145e-03 -6.006568268891170938e-03 9.598209275747339575e+01 1.849214930363804292e-03 9.999921297318700164e-01 3.510110889882125766e-03 -3.367300525374445783e+02 6.000104129759322238e-03 -3.521149139153955613e-03 9.999757998367618805e-01 8.750865577161512192e+02
9.999693118832453376e-01 -1.710020693345826312e-03 -7.645333280981343911e-03 9.598209275747339575e+01 1.739221527094242598e-03 9.999912126282702873e-01 3.814416694504198669e-03 -3.367300525374445783e+02 7.638743367115170650e-03 -3.827596565463453355e-03 9.999634988859857909e-01 8.750865577161512192e+02
9.999584127433903680e-01 -3.499027859861229134e-03 -8.421970538668126574e-03 9.598209275747339575e+01 3.523148346288787827e-03 9.999897299436482090e-01 2.850865300038834659e-03 -3.367300525374445783e+02 8.411908787446581090e-03 -2.880418591947787703e-03 9.999604707083608046e-01 8.750865577161512192e+02
9.999404585463050887e-01 -5.071374136488704040e-03 -9.662325112147469516e-03 9.598209275747339575e+01 5.101427649192536926e-03 9.999822188309240856e-01 3.088277500545621394e-03 -3.367300525374445783e+02 9.646491494068444236e-03 -3.137385272496387347e-03 9.999485496841858945e-01 8.750865577161512192e+02
9.999351988309727046e-01 -4.884945703334440947e-03 -1.028277415577901963e-02 9.598209275747339575e+01 4.916057502335874872e-03 9.999834084749616991e-01 3.002524509410003668e-03 -3.367300525374445783e+02 1.026793637967279849e-02 -3.052880651345069463e-03 9.999426230550587658e-01 8.750865577161512192e+02
9.999398598676717542e-01 -3.560324340970452955e-03 -1.037307757648891354e-02 9.598209275747339575e+01 3.588249038838239868e-03 9.999899852553846280e-01 2.674669656164989709e-03 -3.367300525374445783e+02 1.036345100128515870e-02 -2.711729986821586214e-03 9.999426210557396111e-01 8.750865577161512192e+02
9.999376589805415438e-01 -2.740096866731471775e-03 -1.082451022795705153e-02 9.598209275747339575e+01 2.775147640277563985e-03 9.999909508553603832e-01 3.224401179430328238e-03 -3.367300525374445783e+02 1.081557710382946916e-02 -3.254239780989929762e-03 9.999362145733891039e-01 8.750865577161512192e+02
9.999335342067294796e-01 -2.718252372097273127e-03 -1.120438632327965672e-02 9.598209275747339575e+01 2.776562356328761416e-03 9.999826670561321462e-01 5.191944605355483175e-03 -3.367300525374445783e+02 1.119007910254133688e-02 -5.222709195929554557e-03 9.999237498121210654e-01 8.750865577161512192e+02
9.999344545281753094e-01 -1.406862415092471506e-03 -1.136254309499569459e-02 9.598209275747339575e+01 1.468344749055309649e-03 9.999843178869229909e-01 5.404437428779908063e-03 -3.367300525374445783e+02 1.135476160641701350e-02 -5.420767322868027399e-03 9.999208392020303426e-01 8.750865577161512192e+02
9.999197197754081667e-01 -1.648186454153623397e-03 -1.256333895434068836e-02 9.598209275747339575e+01 1.717897567643349339e-03 9.999831784603584461e-01 5.540002189954856132e-03 -3.367300525374445783e+02 1.255399666307124330e-02 -5.561139966765855404e-03 9.999057310017047673e-01 8.750865577161512192e+02
9.999136745672522197e-01 -6.663534141321105029e-04 -1.312247638759632754e-02 9.598209275747339575e+01 7.380926939450447449e-04 9.999848063089937789e-01 5.462817069785097859e-03 -3.367300525374445783e+02 1.311863684193990097e-02 -5.472031093685604877e-03 9.998989740184350827e-01 8.750865577161512192e+02
9.999103407008335109e-01 -4.397960431040854614e-04 -1.338346513366346115e-02 9.598209275747339575e+01 5.232691451617356394e-04 9.999804304673410860e-01 6.234169692250734508e-03 -3.367300525374445783e+02 1.338046146234303513e-02 -6.240613895324913923e-03 9.998910030544650995e-01 8.750865577161512192e+02
9.999091289146805339e-01 2.354480266215691793e-04 -1.347881587201511452e-02 9.598209275747339575e+01 -1.257205291556388578e-04 9.999668535604933073e-01 8.141005753230090916e-03 -3.367300525374445783e+02 1.348028588099979032e-02 -8.138571407337766642e-03 9.998760150878780451e-01 8.750865577161512192e+02
9.999057103478939945e-01 1.668599784700400680e-04 -1.373108048993324989e-02 9.598209275747339575e+01 -7.363407063996916851e-05 9.999769474617062892e-01 6.789633509245213486e-03 -3.367300525374445783e+02 1.373189687177590879e-02 -6.787982241712833473e-03 9.998826722697965463e-01 8.750865577161512192e+02
9.999047057029194496e-01 7.039336906134283263e-04 -1.378709507168801932e-02 9.598209275747339575e+01 -6.342667506492120346e-04 9.999870132809013379e-01 5.056775180944720477e-03 -3.367300525374445783e+02 1.379047565697320496e-02 -5.047548603116230360e-03 9.998921667031169802e-01 8.750865577161512192e+02
9.998846905055763790e-01 2.687132499314488689e-04 -1.518332920527311510e-02 9.598209275747339575e+01 -1.804942725436777407e-04 9.999830978236637913e-01 5.811324186945915869e-03 -3.367300525374445783e+02 1.518463415377483902e-02 -5.807913582132207507e-03 9.998678387794254219e-01 8.750865577161512192e+02
9.998961242799272453e-01 -6.661874566977104076e-04 -1.439780692504399537e-02 9.598209275747339575e+01 7.892363494128898068e-04 9.999632018150774737e-01 8.542372136765964338e-03 -3.367300525374445783e+02 1.439158629071496040e-02 -8.552848064286121613e-03 9.998598556968005813e-01 8.750865577161512192e+02
9.999032924770320241e-01 -2.456240611204329929e-03 -1.368841026739936288e-02 9.598209275747339575e+01 2.591987707916915649e-03 9.999475548444622941e-01 9.908035138371499087e-03 -3.367300525374445783e+02 1.366335585831038833e-02 -9.942557147989710201e-03 9.998572189388086340e-01 8.750865577161512192e+02
9.999025493120984320e-01 -3.509193441420161135e-03 -1.351212198564905216e-02 9.598209275747339575e+01 3.636234514147906015e-03 9.999493114531872173e-01 9.388946844828402125e-03 -3.367300525374445783e+02 1.347848944513220515e-02 -9.437165129823194692e-03 9.998646259552292914e-01 8.750865577161512192e+02
9.999094717773171492e-01 -3.152613302288579007e-03 -1.308087456442416641e-02 9.598209275747339575e+01 3.252935339753926583e-03 9.999654076222714849e-01 7.655192388141935159e-03 -3.367300525374445783e+02 1.305628820451647590e-02 -7.697050616326112961e-03 9.998851377784004901e-01 8.750865577161512192e+02
9.999196253115225641e-01 -2.177532374671658100e-03 -1.249004682210537107e-02 9.598209275747339575e+01 2.265700952056183722e-03 9.999725865640441969e-01 7.049306321252616497e-03 -3.367300525374445783e+02 1.247435433427390716e-02 -7.077038446429009984e-03 9.998971477160895072e-01 8.750865577161512192e+02
9.999312933053136065e-01 -1.637419019001420213e-03 -1.160721877603825697e-02 9.598209275747339575e+01 1.707659713726338924e-03 9.999802759361240412e-01 6.044140717755606615e-03 -3.367300525374445783e+02 1.159709304354956255e-02 -6.063546624716813389e-03 9.999143667511080080e-01 8.750865577161512192e+02
9.999556541430060230e-01 -7.296817225790197666e-04 -9.389212534208265376e-03 9.598209275747339575e+01 7.991094483225380518e-04 9.999723536696737414e-01 7.392788406470221160e-03 -3.367300525374445783e+02 9.383558574358597318e-03 -7.399963575381069900e-03 9.999285921342406791e-01 8.750865577161512192e+02
9.999700164784406375e-01 -4.691558998730630447e-05 -7.743638875234643178e-03 9.598209275747339575e+01 1.212924715801481717e-04 9.999538663485272316e-01 9.604710446873179763e-03 -3.367300525374445783e+02 7.742831022240995870e-03 -9.605361708928556244e-03 9.999238899007273362e-01 8.750865577161512192e+02
9.999822199272024870e-01 -1.009149970024601859e-03 -5.877197103853729239e-03 9.598209275747339575e+01 1.073052019977827022e-03 9.999402364473227722e-01 1.087989398084977105e-02 -3.367300525374445783e+02 5.865866416991041485e-03 -1.088600707376679612e-02 9.999235403075419359e-01 8.750865577161512192e+02
9.999958696499212651e-01 -2.940590074216859016e-07 -2.874140394417628620e-03 9.598209275747339575e+01 3.492242924599858376e-05 9.999274170727289190e-01 1.204821010296300808e-02 -3.367300525374445783e+02 2.873928238010406075e-03 -1.204826071160194217e-02 9.999232870327146028e-01 8.750865577161512192e+02
9.999997687600692409e-01 -5.307032349930461716e-04 4.252456702575783194e-04 9.598209275747339575e+01 5.257609608085273651e-04 9.999332831544414102e-01 1.153918608013729252e-02 -3.367300525374445783e+02 -4.313411825890750605e-04 -1.153895983424445965e-02 9.999333309529834235e-01 8.750865577161512192e+02
9.999906268446401292e-01 -1.505917872338791543e-03 4.059363770483967286e-03 9.598209275747339575e+01 1.467720017708429173e-03 9.999547754745780059e-01 9.396425040201982284e-03 -3.367300525374445783e+02 -4.073330432087333801e-03 -9.390378956585091960e-03 9.999476130089233195e-01 8.750865577161512192e+02
9.999697765504813596e-01 -9.349192657245918373e-04 7.718284235603668254e-03 9.598209275747339575e+01 8.775210250133033078e-04 9.999719623462730578e-01 7.436698070787049232e-03 -3.367300525374445783e+02 -7.725020545321921277e-03 -7.429700351424481548e-03 9.999425601554637888e-01 8.750865577161512192e+02
9.999297281435746143e-01 -6.768324521343110434e-04 1.183556811240336383e-02 9.598209275747339575e+01 5.844649082639989841e-04 9.999693622863330411e-01 7.805952180060669182e-03 -3.367300525374445783e+02 -1.184048881941095720e-02 -7.798486167078658507e-03 9.998994881676959157e-01 8.750865577161512192e+02
9.998367141483406328e-01 3.715936125286246417e-05 1.807051909121861269e-02 9.598209275747339575e+01 -1.719789075967100120e-04 9.999721646274309927e-01 7.459248862156780784e-03 -3.367300525374445783e+02 -1.806973891066334867e-02 -7.461138620486453855e-03 9.998088897115224860e-01 8.750865577161512192e+02
9.996914729430611546e-01 8.528709935643307826e-04 2.482401127931808948e-02 9.598209275747339575e+01 -1.016683251982789232e-03 9.999777881778864064e-01 6.587071126808507170e-03 -3.367300525374445783e+02 -2.481784197089807742e-02 -6.610276993654498959e-03 9.996701350735530678e-01 8.750865577161512192e+02
9.994844019834216997e-01 1.633806321932798145e-03 3.206650696191930966e-02 9.598209275747339575e+01 -1.857354113931934062e-03 9.999741733329589044e-01 6.942831033715352561e-03 -3.367300525374445783e+02 -3.205433554968508542e-02 -6.998810182429997598e-03 9.994616231894546399e-01 8.750865577161512192e+02
9.991739576688327684e-01 2.909013651075890473e-03 4.053319572861503045e-02 9.598209275747339575e+01 -3.224406428289720069e-03 9.999650180199384231e-01 7.717897354247288226e-03 -3.367300525374445783e+02 -4.050932632840831965e-02 -7.842217541191503355e-03 9.991483844276863868e-01 8.750865577161512192e+02
9.987175427873192790e-01 4.938230153430779416e-03 5.038733582761756313e-02 9.598209275747339575e+01 -5.367574029833671080e-03 9.999504047276809304e-01 8.389114016536967575e-03 -3.367300525374445783e+02 -5.034340947817789180e-02 -8.648813091979287021e-03 9.986945174347424681e-01 8.750865577161512192e+02
9.979434365481538727e-01 7.261808556823841181e-03 6.368801760881405427e-02 9.598209275747339575e+01 -7.819851728227085463e-03 9.999331509744334712e-01 8.517247283506742747e-03 -3.367300525374445783e+02 -6.362190950769182340e-02 -8.997761878598903654e-03 9.979335112680460806e-01 8.750865577161512192e+02
9.968226626179409466e-01 1.051465771538053796e-02 7.895581843286131329e-02 9.598209275747339575e+01 -1.124709910611900072e-02 9.998976944119305488e-01 8.837616839460925647e-03 -3.367300525374445783e+02 -7.885481629533754033e-02 -9.697560664027909949e-03 9.968389414866356546e-01 8.750865577161512192e+02
9.954127185649420673e-01 1.211407993329969082e-02 9.490399773727453692e-02 9.598209275747339575e+01 -1.314255378591447712e-02 9.998614087256572081e-01 1.021942371794801706e-02 -3.367300525374445783e+02 -9.476704595549556576e-02 -1.141982524001039327e-02 9.954339729948727955e-01 8.750865577161512192e+02
9.935321989064052062e-01 1.337148687020944977e-02 1.127606894049441727e-01 9.598209275747339575e+01 -1.466735434755684839e-02 9.998354921085524927e-01 1.067040001549851222e-02 -3.367300525374445783e+02 -1.125994602679839945e-01 -1.225528697858665854e-02 9.935648793553604197e-01 8.750865577161512192e+02
9.912417751913493724e-01 1.262246447816851164e-02 1.314549980259218931e-01 9.598209275747339575e+01 -1.408485522492522284e-02 9.998487692049936593e-01 1.020076333178704386e-02 -3.367300525374445783e+02 -1.313063592092562348e-01 -1.196294736909582490e-02 9.912696544944038513e-01 8.750865577161512192e+02
9.885472456813482189e-01 1.181820069197105083e-02 1.504482408944012861e-01 9.598209275747339575e+01 -1.349203570212435636e-02 9.998578688852785001e-01 1.010974781094293312e-02 -3.367300525374445783e+02 -1.503073784896391263e-01 -1.202381639051031993e-02 9.885661939450389735e-01 8.750865577161512192e+02
9.852268291312438198e-01 9.135539974502969451e-03 1.710106343750714686e-01 9.598209275747339575e+01 -1.105329579567034849e-02 9.998862160034016622e-01 1.026546143393199627e-02 -3.367300525374445783e+02 -1.708973955683439905e-01 -1.200403914407546617e-02 9.852157039106639314e-01 8.750865577161512192e+02
9.811923433385923987e-01 4.083058300394635902e-03 1.929894142398297929e-01 9.598209275747339575e+01 -6.791896770531716081e-03 9.998874609060037777e-01 1.337668349040117138e-02 -3.367300525374445783e+02 -1.929130776074420572e-01 -1.443586359936849771e-02 9.811096525517247757e-01 8.750865577161512192e+02
9.767924996463366316e-01 -2.227880614052569867e-03 2.141762105898441515e-01 9.598209275747339575e+01 -1.382303100485096029e-03 9.998595080067148588e-01 1.670489409448518842e-02 -3.367300525374445783e+02 -2.141833370568159700e-01 -1.661327169882893112e-02 9.766521885147588788e-01 8.750865577161512192e+02
9.709003737760055763e-01 -6.828664891594493462e-03 2.393863687376657501e-01 9.598209275747339575e+01 2.865536516835250937e-03 9.998530869195989546e-01 1.689950525367860459e-02 -3.367300525374445783e+02 -2.394666008070383822e-01 -1.572176558617683489e-02 9.707773035999432976e-01 8.750865577161512192e+02
9.646554707891827896e-01 -1.416371108996630594e-02 2.631334489658331832e-01 9.598209275747339575e+01 1.024796207920271145e-02 9.998154767874465332e-01 1.624781983879057534e-02 -3.367300525374445783e+02 -2.633150241625368815e-01 -1.297696668911586630e-02 9.646226186368598299e-01 8.750865577161512192e+02
9.567854638602262263e-01 -1.851788313801226368e-02 2.902045212429560928e-01 9.598209275747339575e+01 1.382882579665346140e-02 9.997387211945544250e-01 1.820035497902070670e-02 -3.367300525374445783e+02 -2.904657289988813451e-01 -1.340064731135440571e-02 9.567915566772030589e-01 8.750865577161512192e+02
9.482005391230181601e-01 -2.113215792335036355e-02 3.169687200786763248e-01 9.598209275747339575e+01 1.535407409889930595e-02 9.996674902858079248e-01 2.071620800823465933e-02 -3.367300525374445783e+02 -3.173011030793566611e-01 -1.477635838687294152e-02 9.482097179513858665e-01 8.750865577161512192e+02
9.389798989862556677e-01 -2.552950265811064837e-02 3.430233137758768591e-01 9.598209275747339575e+01 1.826345457272226386e-02 9.995355163947128307e-01 2.439667380251505507e-02 -3.367300525374445783e+02 -3.434868200190854814e-01 -1.664319559415773989e-02 9.390100151295468489e-01 8.750865577161512192e+02
9.280743174671882700e-01 -2.981820207602681877e-02 3.711993212315440882e-01 9.598209275747339575e+01 2.200371203794366723e-02 9.994384625639992636e-01 2.527046110109779781e-02 -3.367300525374445783e+02 -3.717443986321197769e-01 -1.528510296542558849e-02 9.282092801265139359e-01 8.750865577161512192e+02
9.164974871405433543e-01 -3.367551305606088924e-02 3.986205161371823569e-01 9.598209275747339575e+01 2.676709467514548288e-02 9.993796947786525164e-01 2.288554798951971184e-02 -3.367300525374445783e+02 -3.991439323198006095e-01 -1.030463412933218040e-02 9.168303746101282847e-01 8.750865577161512192e+02
9.035586405167984614e-01 -3.797116458593088190e-02 4.267786004562748037e-01 9.598209275747339575e+01 3.315184573093755277e-02 9.992750085500511359e-01 1.871930586130472057e-02 -3.367300525374445783e+02 -4.271799834637147186e-01 -2.765492231869366626e-03 9.041623824184773506e-01 8.750865577161512192e+02
8.893868807993042802e-01 -4.178333772980582367e-02 4.552418356766378404e-01 9.598209275747339575e+01 3.794715114191326427e-02 9.991253300179818719e-01 1.756669111339546896e-02 -3.367300525374445783e+02 -4.555776442959964534e-01 1.651546129232934730e-03 8.901945194243189308e-01 8.750865577161512192e+02
8.744062466403137446e-01 -4.270275136722866127e-02 4.833116912118530784e-01 9.598209275747339575e+01 3.737831276987617357e-02 9.990878214314768968e-01 2.064913561834793437e-02 -3.367300525374445783e+02 -4.837525995494688091e-01 9.642387044946716242e-06 8.752047887986879049e-01 8.750865577161512192e+02
8.571375919373915853e-01 -3.960013617292681282e-02 5.135630221334570589e-01 9.598209275747339575e+01 3.236025590580860617e-02 9.992107106826914054e-01 2.303843516177393400e-02 -3.367300525374445783e+02 -5.140699974959370699e-01 -3.128078016572886574e-03 8.577425329330762294e-01 8.750865577161512192e+02
8.375608911491574382e-01 -3.795121575952574433e-02 5.450242736243937625e-01 9.598209275747339575e+01 2.940587758908671384e-02 9.992698930381791467e-01 2.439211410851892595e-02 -3.367300525374445783e+02 -5.455520579932198189e-01 -4.402963756466856358e-03 8.380653709165658549e-01 8.750865577161512192e+02
8.161123022284103579e-01 -3.447296764556404686e-02 5.768642168250226465e-01 9.598209275747339575e+01 2.961593148075948589e-02 9.994024094917011158e-01 1.782471611864718669e-02 -3.367300525374445783e+02 -5.771339591065174357e-01 2.537401011030954254e-03 8.166455503106259117e-01 8.750865577161512192e+02
7.943235006508220231e-01 -3.211641565959463818e-02 6.066454583683943413e-01 9.598209275747339575e+01 3.244254720844142598e-02 9.994191696042302731e-01 1.043094234573809648e-02 -3.367300525374445783e+02 -6.066281047268122784e-01 1.139558128274550421e-02 7.949040717487757535e-01 8.750865577161512192e+02
7.719192932492409120e-01 -3.027790521207955610e-02 6.349990969801110330e-01 9.598209275747339575e+01 3.289457861922866211e-02 9.994294175377517186e-01 7.667206637058538062e-03 -3.367300525374445783e+02 -6.348689245876257825e-01 1.496956299027297869e-02 7.724748285716696028e-01 8.750865577161512192e+02
7.494650025781963709e-01 -3.097973172690559468e-02 6.613187326339626804e-01 9.598209275747339575e+01 3.183975397679000147e-02 9.994353322400036932e-01 1.073530330316255568e-02 -3.367300525374445783e+02 -6.612778840828983373e-01 1.301049162952084594e-02 7.500281908904498085e-01 8.750865577161512192e+02
7.241330439652713391e-01 -3.150681353996025169e-02 6.889402407597819966e-01 9.598209275747339575e+01 3.267466540900536981e-02 9.994014661785858289e-01 1.136114609106937158e-02 -3.367300525374445783e+02 -6.888858402362423305e-01 1.428391055176038253e-02 7.247291004377799384e-01 8.750865577161512192e+02
6.972667471659719229e-01 -3.170033270193988589e-02 7.161104469306175391e-01 9.598209275747339575e+01 3.605836587784837927e-02 9.993080046347954104e-01 9.127218801077571775e-03 -3.367300525374445783e+02 -7.159042376930012663e-01 1.945766634026914466e-02 6.979273040036412246e-01 8.750865577161512192e+02
6.712727064215230355e-01 -3.104959192230891118e-02 7.405598398880264277e-01 9.598209275747339575e+01 3.842288965257901340e-02 9.992365770315034812e-01 7.067154527104918711e-03 -3.367300525374445783e+02 -7.402139117608249608e-01 2.371046106303505846e-02 6.719532564635077865e-01 8.750865577161512192e+02
6.446505432530783564e-01 -2.935934199905224085e-02 7.639134153298341445e-01 9.598209275747339575e+01 3.980456371384590714e-02 9.991958989726597018e-01 4.811671618994900479e-03 -3.367300525374445783e+02 -7.634404192804139511e-01 2.730539348921199802e-02 6.453008148881739237e-01 8.750865577161512192e+02
6.169844574970233531e-01 -2.885599696256864813e-02 7.864461269828965095e-01 9.598209275747339575e+01 4.152277468181932163e-02 9.991292103191397045e-01 4.084148598553457785e-03 -3.367300525374445783e+02 -7.858791499905182221e-01 3.013556912267880555e-02 6.176453748582827474e-01 8.750865577161512192e+02
5.879678966621235681e-01 -2.502860580633616341e-02 8.084969519955581552e-01 9.598209275747339575e+01 4.551708928492120138e-02 9.989611883756737143e-01 -2.176856010407637876e-03 -3.367300525374445783e+02 -8.076025922926076683e-01 3.808034940033821342e-02 5.884963380615072515e-01 8.750865577161512192e+02
5.582191976658886778e-01 -2.094847870111902349e-02 8.294290135975219691e-01 9.598209275747339575e+01 5.178513243562555407e-02 9.986118104339841706e-01 -9.630790226427458564e-03 -3.367300525374445783e+02 -8.280758584911585007e-01 4.832818330817671704e-02 5.585291033440044073e-01 8.750865577161512192e+02
5.278397119948943228e-01 -1.728400802946397294e-02 8.491681232285998027e-01 9.598209275747339575e+01 5.736133027087523401e-02 9.982356637458114079e-01 -1.533745140222676426e-02 -3.367300525374445783e+02 -8.474048124896952361e-01 5.680512910289586825e-02 5.278998589476066039e-01 8.750865577161512192e+02
4.936718763842300461e-01 -1.057188183549098541e-02 8.695839889175330795e-01 9.598209275747339575e+01 5.712432316290655399e-02 9.981607703253168040e-01 -2.029503108523667346e-02 -3.367300525374445783e+02 -8.677700675700024124e-01 5.969348287733319131e-02 4.933678120140408963e-01 8.750865577161512192e+02
4.585244628019770063e-01 -2.322355607052111609e-03 8.886787516738497983e-01 9.598209275747339575e+01 5.292113083764608816e-02 9.982932623020721596e-01 -2.469648463145267953e-02 -3.367300525374445783e+02 -8.871046561274585907e-01 5.835382683869536069e-02 4.578647835008255451e-01 8.750865577161512192e+02
4.256486586629077418e-01 4.755749582134790980e-03 9.048760148353909294e-01 9.598209275747339575e+01 4.646432596703414797e-02 9.985521542212972834e-01 -2.710464374302191254e-02 -3.367300525374445783e+02 -9.036947968152135857e-01 5.358150936580900053e-02 4.248114123504527773e-01 8.750865577161512192e+02
3.926151466432780124e-01 1.155584474964991247e-02 9.196302567219060142e-01 9.598209275747339575e+01 4.309397415412966059e-02 9.985916341799621065e-01 -3.094604235433619233e-02 -3.367300525374445783e+02 -9.186926885623256656e-01 5.178040747149943029e-02 3.915642136153483222e-01 8.750865577161512192e+02
3.610297779456363432e-01 2.103783413750930781e-02 9.323169573548082401e-01 9.598209275747339575e+01 4.049487957187891674e-02 9.984488269467129973e-01 -3.821131634990315717e-02 -3.367300525374445783e+02 -9.316746557489783420e-01 5.154948596771260355e-02 3.596178337228035371e-01 8.750865577161512192e+02
3.278700011202318465e-01 2.743545020259793507e-02 9.443243925884790002e-01 9.598209275747339575e+01 3.772947220531476520e-02 9.984004974404914190e-01 -4.210621851566011958e-02 -3.367300525374445783e+02 -9.439691463668297144e-01 4.943422683485904773e-02 3.263104471583968547e-01 8.750865577161512192e+02
2.921543244892855773e-01 3.263290138936305457e-02 9.558142834406280208e-01 9.598209275747339575e+01 3.509861955946028123e-02 9.983785656196266789e-01 -4.481435725654652619e-02 -3.367300525374445783e+02 -9.557269158013825816e-01 4.664047017568161840e-02 2.905352456321994015e-01 8.750865577161512192e+02
2.569042973281551734e-01 3.651317065336633777e-02 9.657468459089914026e-01 9.598209275747339575e+01 3.375636016473771567e-02 9.983372544900535051e-01 -4.672509438932014730e-02 -3.367300525374445783e+02 -9.658471360224395452e-01 4.460397590013636532e-02 2.552445791219572491e-01 8.750865577161512192e+02
2.212853004246220778e-01 3.872210489845848147e-02 9.744400517262298278e-01 9.598209275747339575e+01 3.299581371215015019e-02 9.983419985702084443e-01 -4.716492519144940831e-02 -3.367300525374445783e+02 -9.746507539080094817e-01 4.258934706090430206e-02 2.196407417203562751e-01 8.750865577161512192e+02
1.863308356722048476e-01 3.734129088401575564e-02 9.817771884051963438e-01 9.598209275747339575e+01 3.105954525011511702e-02 9.985541360145271383e-01 -4.387416206764573751e-02 -3.367300525374445783e+02 -9.819959899747794374e-01 3.866866229127709914e-02 1.849016231136153821e-01 8.750865577161512192e+02
1.515662858159798343e-01 3.140046274600498399e-02 9.879482131889733010e-01 9.598209275747339575e+01 3.300399234467238374e-02 9.987772076474352723e-01 -3.680796073277243369e-02 -3.367300525374445783e+02 -9.878959446688982959e-01 3.818508116174128275e-02 1.503446110886908493e-01 8.750865577161512192e+02
1.181349142641419381e-01 3.128147688397436843e-02 9.925047159765846283e-01 9.598209275747339575e+01 3.698637266598389650e-02 9.986714983682686286e-01 -3.587821879484980048e-02 -3.367300525374445783e+02 -9.923084955137743135e-01 4.094761959912904953e-02 1.168209834762061611e-01 8.750865577161512192e+02
8.532265953390318070e-02 3.254456193985324347e-02 9.958217186114213249e-01 9.598209275747339575e+01 4.144060062614766948e-02 9.984856129734367425e-01 -3.618227887800373049e-02 -3.367300525374445783e+02 -9.954911955360525866e-01 4.435461839768144177e-02 8.384478181133225849e-02 8.750865577161512192e+02
5.487618048133194315e-02 2.914336076925989200e-02 9.980677679090000920e-01 9.598209275747339575e+01 4.677868943892315307e-02 9.984013580706707636e-01 -3.172510704502590900e-02 -3.367300525374445783e+02 -9.973967911669611164e-01 4.842925485399988267e-02 5.342516489566216664e-02 8.750865577161512192e+02
2.976017281783853788e-02 2.972429161928785354e-02 9.991150076951025305e-01 9.598209275747339575e+01 4.563866604799517862e-02 9.984748863805553709e-01 -3.106466527579842749e-02 -3.367300525374445783e+02 -9.985146189591844745e-01 4.652276598686611725e-02 2.835820815423185579e-02 8.750865577161512192e+02
6.961616004806865307e-03 3.006186289276176204e-02 9.995237967662496947e-01 9.598209275747339575e+01 4.210931495236410610e-02 9.986525724630818113e-01 -3.032894833508663346e-02 -3.367300525374445783e+02 -9.990887555652088192e-01 4.230040085254440502e-02 5.686351279095090867e-03 8.750865577161512192e+02
-1.164400965943910606e-02 3.021782153968556595e-02 9.994755126067109696e-01 9.598209275747339575e+01 3.964491343791641531e-02 9.987713104908063633e-01 -2.973466292019594573e-02 -3.367300525374445783e+02 -9.991459842673364733e-01 3.927788947834039146e-02 -1.282768570614827193e-02 8.750865577161512192e+02
-2.805297707514417191e-02 2.950925203829030119e-02 9.991707734523478379e-01 9.598209275747339575e+01 4.338623759663009366e-02 9.986581511330929750e-01 -2.827598915407245062e-02 -3.367300525374445783e+02 -9.986644405727197471e-01 4.255703490108913439e-02 -2.929562963987411908e-02 8.750865577161512192e+02
-4.346051336347848265e-02 2.876555067942621752e-02 9.986409399139875021e-01 9.598209275747339575e+01 4.736449100723512384e-02 9.985207419824144726e-01 -2.670080190771690481e-02 -3.367300525374445783e+02 -9.979317555673844486e-01 4.613968925988013586e-02 -4.475868971711059741e-02 8.750865577161512192e+02
-5.520104293825080916e-02 2.450668676415906910e-02 9.981744672963603904e-01 9.598209275747339575e+01 5.256807920207014206e-02 9.983836105992154319e-01 -2.160470170773072171e-02 -3.367300525374445783e+02 -9.970904883246696215e-01 5.127951238767590458e-02 -5.640008600833141400e-02 8.750865577161512192e+02
-6.439458054583239999e-02 1.943528690615226387e-02 9.977352392389484681e-01 9.598209275747339575e+01 5.555134088319641644e-02 9.983298352475455939e-01 -1.586154408272504729e-02 -3.367300525374445783e+02 -9.963771306701089125e-01 5.440413290811728364e-02 -6.536668723524170777e-02 8.750865577161512192e+02
-7.059817597568351921e-02 1.610748771643495322e-02 9.973747772970655845e-01 9.598209275747339575e+01 6.025624042752759923e-02 9.981125501867073035e-01 -1.185422495689978165e-02 -3.367300525374445783e+02 -9.956832242427510193e-01 5.926116771759448731e-02 -7.143550211414402551e-02 8.750865577161512192e+02
-7.444957835689557102e-02 1.453592786310243037e-02 9.971188329801210504e-01 9.598209275747339575e+01 6.461260437737610662e-02 9.978630589508884485e-01 -9.722496425782151466e-03 -3.367300525374445783e+02 -9.951293743217747290e-01 6.370260891309287299e-02 -7.522968815309204194e-02 8.750865577161512192e+02
-7.605353121662680738e-02 1.064910259013673345e-02 9.970468680074701107e-01 9.598209275747339575e+01 6.741490574992262119e-02 9.977097914128386646e-01 -5.513855427888807517e-03 -3.367300525374445783e+02 -9.948221403206727320e-01 6.679647245906349118e-02 -7.659726101378555585e-02 8.750865577161512192e+02
-8.044497349495169369e-02 1.268014000310335385e-02 9.966783936099435914e-01 9.598209275747339575e+01 7.110840345320861011e-02 9.974443770972437617e-01 -6.950507566186444816e-03 -3.367300525374445783e+02 -9.942193928895806110e-01 7.031307592896668401e-02 -8.114105098945999239e-02 8.750865577161512192e+02
-8.283548638715911017e-02 1.248947048302337902e-02 9.964849699428769414e-01 9.598209275747339575e+01 7.452449565948428278e-02 9.971992614404046051e-01 -6.303374446381687299e-03 -3.367300525374445783e+02 -9.937728018725889845e-01 7.374039672909611653e-02 -8.353425733513283880e-02 8.750865577161512192e+02
-8.473200950348147575e-02 1.127457223966181477e-02 9.963399874472136375e-01 9.598209275747339575e+01 7.860456700596350765e-02 9.968952794640654202e-01 -4.596066586529103278e-03 -3.367300525374445783e+02 -9.932984489121587934e-01 7.792743934632027913e-02 -8.535517316260086973e-02 8.750865577161512192e+02
-8.769115079774815469e-02 1.044460927930556012e-02 9.960929535985930672e-01 9.598209275747339575e+01 8.065026952264302273e-02 9.967368272405423557e-01 -3.351305474223922019e-03 -3.367300525374445783e+02 -9.928775332827736166e-01 8.004128534361600045e-02 -8.824735997665394960e-02 8.750865577161512192e+02
-8.986828398341362156e-02 1.079096672632037963e-02 9.958951985881785429e-01 9.598209275747339575e+01 7.977089932586219068e-02 9.968067145541427143e-01 -3.602421479872104908e-03 -3.367300525374445783e+02 -9.927538945552484284e-01 7.911971218909941150e-02 -9.044211402047905302e-02 8.750865577161512192e+02
-9.104473580606091410e-02 1.057348737359363293e-02 9.957906694917180168e-01 9.598209275747339575e+01 7.977516681392757270e-02 9.968074515919282952e-01 -3.290472703990456223e-03 -3.367300525374445783e+02 -9.926463513466455835e-01 7.913978655243594784e-02 -9.159757279873315117e-02 8.750865577161512192e+02
-9.302932776285019467e-02 9.721470202538570402e-03 9.956159084672628889e-01 9.598209275747339575e+01 8.106796306276407849e-02 9.967062414838123718e-01 -2.157209323564973635e-03 -3.367300525374445783e+02 -9.923575613360539061e-01 8.051186995910275535e-02 -9.351101140957106261e-02 8.750865577161512192e+02
-9.426050522070100746e-02 9.738752680268131581e-03 9.954999316181647462e-01 9.598209275747339575e+01 8.365827262434084866e-02 9.964928273450234242e-01 -1.827148442647055738e-03 -3.367300525374445783e+02 -9.920263356267531307e-01 8.310957674150133700e-02 -9.474464458109339848e-02 8.750865577161512192e+02
-9.588852031964216482e-02 1.170228701771290278e-02 9.953232882583752383e-01 9.598209275747339575e+01 8.588297246845850996e-02 9.962992935308148112e-01 -3.439876448363685287e-03 -3.367300525374445783e+02 -9.916801433480885164e-01 8.515147789998703254e-02 -9.653869224593471243e-02 8.750865577161512192e+02
-9.805166435173723327e-02 1.431089627041983760e-02 9.950784237263872178e-01 9.598209275747339575e+01 8.970014047477144203e-02 9.959537150250361570e-01 -5.484735785232822472e-03 -3.367300525374445783e+02 -9.911305443364433199e-01 8.872088691939288008e-02 -9.893860878127698488e-02 8.750865577161512192e+02
-1.004645578613610063e-01 1.834682443475160046e-02 9.947714645318699311e-01 9.598209275747339575e+01 9.487193816420470827e-02 9.954507834392980481e-01 -8.777989465336658026e-03 -3.367300525374445783e+02 -9.904070819429163786e-01 9.349402004002962951e-02 -1.017481216242576841e-01 8.750865577161512192e+02
-1.039512542358699554e-01 1.949801557043749634e-02 9.943912530445973008e-01 9.598209275747339575e+01 9.558130902097665416e-02 9.953760487711583727e-01 -9.525486788164682500e-03 -3.367300525374445783e+02 -9.899789644778419495e-01 9.405503134616834127e-02 -1.053342345576401134e-01 8.750865577161512192e+02
-1.061972318407436028e-01 2.187039366479155006e-02 9.941045386830857922e-01 9.598209275747339575e+01 9.467115806204223771e-02 9.954388252086396882e-01 -1.178630978861150425e-02 -3.367300525374445783e+02 -9.898280253561977382e-01 9.286135443868542838e-02 -1.077833431994778685e-01 8.750865577161512192e+02
-1.079717566495514564e-01 2.516776465658849410e-02 9.938353401787447527e-01 9.598209275747339575e+01 9.085218843041902026e-02 9.957461449442848167e-01 -1.534583611268150981e-02 -3.367300525374445783e+02 -9.899939290841170969e-01 8.863519871237995895e-02 -1.097990069436060451e-01 8.750865577161512192e+02
-1.086177161563529475e-01 2.337671559158689683e-02 9.938086943195499900e-01 9.598209275747339575e+01 8.837040789649612538e-02 9.959925032528212929e-01 -1.376969398294526116e-02 -3.367300525374445783e+02 -9.901478994297665537e-01 8.632764697549688560e-02 -1.102482409042792183e-01 8.750865577161512192e+02
-1.112308898065935137e-01 2.482931629494174869e-02 9.934843703879592258e-01 9.598209275747339575e+01 8.937769672639991891e-02 9.958866078897624652e-01 -1.488259230457326943e-02 -3.367300525374445783e+02 -9.897673042087777873e-01 8.713994077428037499e-02 -1.129925406437815028e-01 8.750865577161512192e+02
-1.131804818664775142e-01 2.450921814668024362e-02 9.932721060969701421e-01 9.598209275747339575e+01 9.157869481057677452e-02 9.956975315975998830e-01 -1.413393884364376289e-02 -3.367300525374445783e+02 -9.893449960358908779e-01 8.936287705911177826e-02 -1.149380486281792180e-01 8.750865577161512192e+02
-1.139016683390871171e-01 2.425160136180819562e-02 9.931959875980979069e-01 9.598209275747339575e+01 9.400788151235731083e-02 9.954795608169366705e-01 -1.352635240096717803e-02 -3.367300525374445783e+02 -9.890343412456036321e-01 9.182757661565153773e-02 -1.156666244418166067e-01 8.750865577161512192e+02
-1.146111677068121781e-01 2.564293728229522645e-02 9.930794127381840086e-01 9.598209275747339575e+01 9.463703499028632005e-02 9.954021085157482851e-01 -1.478086501694039941e-02 -3.367300525374445783e+02 -9.888923661577747604e-01 9.228803893212164655e-02 -1.165109695476511942e-01 8.750865577161512192e+02
-1.142552643466998447e-01 2.849696989899214855e-02 9.930426261121126918e-01 9.598209275747339575e+01 9.387412885566709386e-02 9.954255708640493694e-01 -1.776459404461315159e-02 -3.367300525374445783e+02 -9.890062600917395308e-01 9.119131305423285039e-02 -1.164077399608306057e-01 8.750865577161512192e+02
-1.133956240716509495e-01 3.324457694789915985e-02 9.929935702435115363e-01 9.598209275747339575e+01 9.425240699349654583e-02 9.952927235729432942e-01 -2.255832836634355174e-02 -3.367300525374445783e+02 -9.890692171012740452e-01 9.103401840139532797e-02 -1.159952209203470586e-01 8.750865577161512192e+02
-1.113484571953540503e-01 3.766366039003721244e-02 9.930674547915855355e-01 9.598209275747339575e+01 9.732126460407895807e-02 9.948915648304244019e-01 -2.682062052099907362e-02 -3.367300525374445783e+02 -9.890045968225179562e-01 9.366014582142924427e-02 -1.144451158793162449e-01 8.750865577161512192e+02
-1.106718422734312701e-01 4.152651480088866837e-02 9.929890693740262009e-01 9.598209275747339575e+01 9.765684746365213553e-02 9.947460372318021049e-01 -3.071581929702282485e-02 -3.367300525374445783e+02 -9.890474626989644857e-01 9.357280577238726027e-02 -1.141457250562461917e-01 8.750865577161512192e+02
-1.101562104250760621e-01 4.522383401818641513e-02 9.928848947090893606e-01 9.598209275747339575e+01 9.836773294064524165e-02 9.945558603689101940e-01 -3.438647585860536704e-02 -3.367300525374445783e+02 -9.890345789813913546e-01 9.387995229308052081e-02 -1.140050706615432508e-01 8.750865577161512192e+02
-1.101252206699702280e-01 4.447695053488130018e-02 9.929220697736080847e-01 9.598209275747339575e+01 9.310520059665193526e-02 9.950671253920995163e-01 -3.424671642304540770e-02 -3.367300525374445783e+02 -9.895472992203259155e-01 8.867478127979827596e-02 -1.137230221667153707e-01 8.750865577161512192e+02
-1.112470376554728912e-01 4.332251540629925013e-02 9.928480529626628748e-01 9.598209275747339575e+01 8.421530496995068005e-02 9.958667356069123011e-01 -3.401804404209220201e-02 -3.367300525374445783e+02 -9.902180966947097263e-01 7.982859494254962440e-02 -1.144356430829019250e-01 8.750865577161512192e+02
-1.118882718136923748e-01 3.764158462797182608e-02 9.930076161526849576e-01 9.598209275747339575e+01 7.755606051498967202e-02 9.965650347595336189e-01 -2.903771637240089645e-02 -3.367300525374445783e+02 -9.906896951659153183e-01 7.376477886785257065e-02 -1.144232725044836418e-01 8.750865577161512192e+02
-1.123481415279712070e-01 2.945807485107224122e-02 9.932321566085530185e-01 9.598209275747339575e+01 7.790997260523142842e-02 9.967444466156384353e-01 -2.074956167092841322e-02 -3.367300525374445783e+02 -9.906098784404770985e-01 7.505151542075186311e-02 -1.142774639602430337e-01 8.750865577161512192e+02
-1.122331536173753197e-01 2.371964202181793893e-02 9.933987607257485086e-01 9.598209275747339575e+01 8.213409893415959950e-02 9.965155869614297224e-01 -1.451463865170122755e-02 -3.367300525374445783e+02 -9.902816311642692604e-01 7.996288842501651783e-02 -1.137902783780539440e-01 8.750865577161512192e+02
-1.119809242620502104e-01 2.005785687551893057e-02 9.935079038331680046e-01 9.598209275747339575e+01 8.698391541939126670e-02 9.961563940281872309e-01 -1.030713806396841951e-02 -3.367300525374445783e+02 -9.898959900210339002e-01 8.526500462861472118e-02 -1.132952246387819162e-01 8.750865577161512192e+02
-1.116732866271303165e-01 1.965882748467609464e-02 9.935505057901283799e-01 9.598209275747339575e+01 9.127418869091703801e-02 9.957810176433793403e-01 -9.443907026711686331e-03 -3.367300525374445783e+02 -9.895443898748067513e-01 8.963088420316377147e-02 -1.129964825304231590e-01 8.750865577161512192e+02
-1.116345362259006657e-01 2.344199590754243029e-02 9.934727994009180385e-01 9.598209275747339575e+01 8.961275267479842932e-02 9.958861418216795602e-01 -1.342933675106876799e-02 -3.367300525374445783e+02 -9.897006036573217092e-01 8.752865448182051145e-02 -1.132759893575309568e-01 8.750865577161512192e+02
-1.105884891249779706e-01 2.663818636285952141e-02 9.935092315123953410e-01 9.598209275747339575e+01 8.749361780086077622e-02 9.960205841344336175e-01 -1.696652069863409384e-02 -3.367300525374445783e+02 -9.900076024542262543e-01 8.504941509379622400e-02 -1.124790828333451370e-01 8.750865577161512192e+02
-1.100304205613937963e-01 2.929306556474107343e-02 9.934964634365341940e-01 9.598209275747339575e+01 8.628225255986476938e-02 9.960736963627864204e-01 -1.981323566128379357e-02 -3.367300525374445783e+02 -9.901760850698586580e-01 8.354105412306385425e-02 -1.121258794022491068e-01 8.750865577161512192e+02
