1.000000000000000000e+00 0.000000000000000000e+00 0.000000000000000000e+00 1.194969384562675572e+02 0.000000000000000000e+00 1.000000000000000000e+00 0.000000000000000000e+00 9.007898856972881063e+00 0.000000000000000000e+00 0.000000000000000000e+00 1.000000000000000000e+00 9.156955959011587538e+02
9.999966999999999606e-01 -2.220141000000000128e-03 -1.303942999999999899e-03 1.194969384562675572e+02 2.223603000000000211e-03 9.999940000000000495e-01 2.659560999999999956e-03 9.007898856972881063e+00 1.298029999999999930e-03 -2.662451000000000140e-03 9.999955999999999845e-01 9.156955959011587538e+02
9.999915000000000331e-01 -3.006968000000000054e-03 -2.825820000000000155e-03 1.194969384562675572e+02 3.016951999999999828e-03 9.999892000000000225e-01 3.535540000000000210e-03 9.007898856972881063e+00 2.815158999999999804e-03 -3.544035000000000067e-03 9.999896999999999814e-01 9.156955959011587538e+02
9.999888999999999584e-01 -2.128534999999999976e-03 -4.205819000000000397e-03 1.194969384562675572e+02 2.141749999999999991e-03 9.999928000000000150e-01 3.139850999999999927e-03 9.007898856972881063e+00 4.199104999999999852e-03 -3.148822999999999813e-03 9.999862000000000473e-01 9.156955959011587538e+02
9.999829999999999552e-01 -1.524540999999999917e-03 -5.643892999999999653e-03 1.194969384562675572e+02 1.542551999999999986e-03 9.999936999999999854e-01 3.188330000000000070e-03 9.007898856972881063e+00 5.638996999999999760e-03 -3.196981000000000215e-03 9.999789000000000039e-01 9.156955959011587538e+02
9.999746999999999941e-01 -1.625829000000000076e-03 -6.926311999999999573e-03 1.194969384562675572e+02 1.651080999999999990e-03 9.999919999999999920e-01 3.641708000000000011e-03 9.007898856972881063e+00 6.920334999999999681e-03 -3.653051000000000041e-03 9.999692999999999499e-01 9.156955959011587538e+02
9.999622999999999706e-01 -1.739691000000000024e-03 -8.516225000000000531e-03 1.194969384562675572e+02 1.772273999999999898e-03 9.999911000000000216e-01 3.819953999999999971e-03 9.007898856972881063e+00 8.509502999999999859e-03 -3.834900999999999935e-03 9.999563999999999675e-01 9.156955959011587538e+02
9.999409000000000214e-01 -3.535930999999999970e-03 -1.028736000000000060e-02 1.194969384562675572e+02 3.566679000000000117e-03 9.999892000000000225e-01 2.972015000000000160e-03 9.007898856972881063e+00 1.027673999999999949e-02 -3.008530000000000145e-03 9.999426000000000148e-01 9.156955959011587538e+02
9.999211999999999545e-01 -4.713043999999999567e-03 -1.163888000000000075e-02 1.194969384562675572e+02 4.751314999999999879e-03 9.999833999999999667e-01 3.262684000000000070e-03 9.007898856972881063e+00 1.162330999999999954e-02 -3.317725000000000101e-03 9.999268999999999519e-01 9.156955959011587538e+02
9.999054000000000553e-01 -4.749818000000000269e-03 -1.290980000000000079e-02 1.194969384562675572e+02 4.793737999999999645e-03 9.999827999999999495e-01 3.373207999999999936e-03 9.007898856972881063e+00 1.289355000000000015e-02 -3.434773999999999813e-03 9.999109000000000469e-01 9.156955959011587538e+02
9.998920000000000030e-01 -4.228781000000000033e-03 -1.407696999999999941e-02 1.194969384562675572e+02 4.271543000000000041e-03 9.999862999999999946e-01 3.009019999999999837e-03 9.007898856972881063e+00 1.406405999999999976e-02 -3.068823999999999944e-03 9.998962999999999601e-01 9.156955959011587538e+02
9.998907000000000211e-01 -2.623326999999999951e-03 -1.455504999999999993e-02 1.194969384562675572e+02 2.676639000000000188e-03 9.999898000000000398e-01 3.644477000000000133e-03 9.007898856972881063e+00 1.454534000000000035e-02 -3.683036000000000209e-03 9.998873999999999818e-01 9.156955959011587538e+02
9.998869999999999703e-01 -1.053197999999999981e-03 -1.499950000000000068e-02 1.194969384562675572e+02 1.118768000000000019e-03 9.999898000000000398e-01 4.363721000000000093e-03 9.007898856972881063e+00 1.499474999999999940e-02 -4.380008000000000339e-03 9.998778999999999861e-01 9.156955959011587538e+02
9.998787999999999565e-01 -2.451031999999999948e-05 -1.557320000000000058e-02 1.194969384562675572e+02 1.051712000000000003e-04 9.999865999999999477e-01 5.178666000000000172e-03 9.007898856972881063e+00 1.557285999999999913e-02 -5.179674999999999904e-03 9.998652999999999569e-01 9.156955959011587538e+02
9.998719000000000356e-01 -2.353867000000000006e-05 -1.600922000000000109e-02 1.194969384562675572e+02 1.097501999999999983e-04 9.999854999999999716e-01 5.384263000000000243e-03 9.007898856972881063e+00 1.600885999999999976e-02 -5.385327999999999990e-03 9.998572999999999489e-01 9.156955959011587538e+02
9.998635999999999635e-01 4.413865999999999797e-04 -1.651007000000000169e-02 1.194969384562675572e+02 -3.508675999999999744e-04 9.999848999999999544e-01 5.485152000000000083e-03 9.007898856972881063e+00 1.651224000000000094e-02 -5.478608999999999736e-03 9.998485999999999763e-01 9.156955959011587538e+02
9.998624999999999874e-01 1.119432000000000066e-03 -1.654724000000000125e-02 1.194969384562675572e+02 -1.019277000000000074e-03 9.999810999999999561e-01 6.059863000000000402e-03 9.007898856972881063e+00 1.655370999999999926e-02 -6.042162000000000227e-03 9.998447000000000306e-01 9.156955959011587538e+02
9.998614999999999586e-01 2.049949000000000129e-03 -1.651601000000000111e-02 1.194969384562675572e+02 -1.931135000000000056e-03 9.999721000000000304e-01 7.206627000000000172e-03 9.007898856972881063e+00 1.653032000000000112e-02 -7.173732000000000372e-03 9.998375999999999930e-01 9.156955959011587538e+02
9.998618000000000228e-01 2.377256999999999808e-03 -1.645374000000000142e-02 1.194969384562675572e+02 -2.272538000000000162e-03 9.999770000000000048e-01 6.380234999999999726e-03 9.007898856972881063e+00 1.646852999999999859e-02 -6.341959999999999785e-03 9.998441999999999608e-01 9.156955959011587538e+02
9.998620000000000285e-01 2.769091000000000000e-03 -1.638308999999999946e-02 1.194969384562675572e+02 -2.708306000000000168e-03 9.999892999999999699e-01 3.731266999999999917e-03 9.007898856972881063e+00 1.639325000000000157e-02 -3.686379999999999952e-03 9.998588000000000475e-01 9.156955959011587538e+02
9.998698999999999781e-01 1.170299000000000079e-03 -1.608932999999999891e-02 1.194969384562675572e+02 -1.111481000000000101e-03 9.999926000000000093e-01 3.664197000000000114e-03 9.007898856972881063e+00 1.609350000000000017e-02 -3.645835999999999955e-03 9.998637999999999693e-01 9.156955959011587538e+02
9.998749000000000109e-01 2.102192000000000015e-04 -1.582066999999999848e-02 1.194969384562675572e+02 -1.086559000000000044e-04 9.999793999999999627e-01 6.420244999999999772e-03 9.007898856972881063e+00 1.582168999999999937e-02 -6.417721000000000363e-03 9.998542000000000263e-01 9.156955959011587538e+02
9.998764999999999459e-01 -1.461066999999999921e-03 -1.565079999999999943e-02 1.194969384562675572e+02 1.586741999999999927e-03 9.999666000000000388e-01 8.020523999999999362e-03 9.007898856972881063e+00 1.563855999999999927e-02 -8.044364999999999502e-03 9.998453000000000479e-01 9.156955959011587538e+02
9.998783999999999450e-01 -2.448085999999999925e-03 -1.540410000000000043e-02 1.194969384562675572e+02 2.559861000000000081e-03 9.999704999999999844e-01 7.240647999999999702e-03 9.007898856972881063e+00 1.538592000000000085e-02 -7.279197000000000271e-03 9.998550999999999966e-01 9.156955959011587538e+02
9.998848999999999654e-01 -2.351353000000000037e-03 -1.499188000000000083e-02 1.194969384562675572e+02 2.434640000000000068e-03 9.999816999999999734e-01 5.539600999999999900e-03 9.007898856972881063e+00 1.497858000000000002e-02 -5.575461000000000306e-03 9.998721999999999888e-01 9.156955959011587538e+02
9.998958000000000013e-01 -1.558195000000000066e-03 -1.435594999999999927e-02 1.194969384562675572e+02 1.621393999999999960e-03 9.999890000000000168e-01 4.391700999999999591e-03 9.007898856972881063e+00 1.434893999999999926e-02 -4.414519000000000429e-03 9.998871999999999760e-01 9.156955959011587538e+02
9.999090999999999951e-01 -8.665701000000000263e-04 -1.345465000000000029e-02 1.194969384562675572e+02 9.187323000000000061e-04 9.999921000000000504e-01 3.871189000000000140e-03 9.007898856972881063e+00 1.345119000000000002e-02 -3.883197000000000124e-03 9.999019000000000101e-01 9.156955959011587538e+02
9.999242000000000408e-01 -3.144412000000000075e-04 -1.231113999999999993e-02 1.194969384562675572e+02 3.705383000000000027e-04 9.999894999999999756e-01 4.554591999999999669e-03 9.007898856972881063e+00 1.230958000000000052e-02 -4.558806999999999790e-03 9.999137999999999638e-01 9.156955959011587538e+02
9.999426999999999621e-01 3.341605000000000204e-04 -1.070505000000000068e-02 1.194969384562675572e+02 -2.610086000000000068e-04 9.999765999999999933e-01 6.834073000000000404e-03 9.007898856972881063e+00 1.070708000000000076e-02 -6.830885000000000082e-03 9.999192999999999554e-01 9.156955959011587538e+02
9.999590999999999896e-01 -2.712026999999999776e-04 -9.045792000000000416e-03 1.194969384562675572e+02 3.434903000000000001e-04 9.999679999999999680e-01 7.990690999999999419e-03 9.007898856972881063e+00 9.043334999999999568e-03 -7.993468999999999575e-03 9.999270999999999576e-01 9.156955959011587538e+02
9.999772000000000105e-01 6.777909999999999621e-05 -6.759562000000000209e-03 1.194969384562675572e+02 -1.046744000000000019e-05 9.999639999999999640e-01 8.478279000000000024e-03 9.007898856972881063e+00 6.759893000000000325e-03 -8.478012999999999522e-03 9.999411999999999745e-01 9.156955959011587538e+02
9.999943999999999500e-01 5.490954999999999675e-05 -3.365373000000000062e-03 1.194969384562675572e+02 -2.680498000000000030e-05 9.999651000000000511e-01 8.350575000000000706e-03 9.007898856972881063e+00 3.365714000000000119e-03 -8.350435999999999276e-03 9.999594000000000538e-01 9.156955959011587538e+02
9.999997000000000469e-01 -7.846738000000000020e-04 3.218970000000000251e-04 1.194969384562675572e+02 7.826664999999999577e-04 9.999805000000000499e-01 6.189642999999999881e-03 9.007898856972881063e+00 -3.267475999999999953e-04 -6.189387999999999661e-03 9.999806999999999446e-01 9.156955959011587538e+02
9.999921999999999978e-01 -1.100101000000000030e-03 3.803485000000000112e-03 1.194969384562675572e+02 1.082754999999999915e-03 9.999890000000000168e-01 4.559605000000000428e-03 9.007898856972881063e+00 -3.808459000000000150e-03 -4.555449999999999951e-03 9.999822999999999906e-01 9.156955959011587538e+02
9.999689000000000494e-01 -6.772934999999999893e-04 7.861748000000000000e-03 1.194969384562675572e+02 6.368231999999999712e-04 9.999865000000000004e-01 5.149118000000000271e-03 9.007898856972881063e+00 -7.865129000000000217e-03 -5.143950000000000432e-03 9.999557999999999502e-01 9.156955959011587538e+02
9.999133999999999523e-01 -2.620470999999999868e-04 1.315830999999999945e-02 1.194969384562675572e+02 1.937417000000000089e-04 9.999865000000000004e-01 5.192058000000000263e-03 9.007898856972881063e+00 -1.315948999999999938e-02 -5.189057999999999865e-03 9.998998999999999526e-01 9.156955959011587538e+02
9.998044000000000375e-01 1.185349000000000038e-03 1.974543999999999952e-02 1.194969384562675572e+02 -1.267193999999999916e-03 9.999905999999999517e-01 4.133010000000000329e-03 9.007898856972881063e+00 -1.974035000000000026e-02 -4.157221000000000007e-03 9.997964000000000295e-01 9.156955959011587538e+02
9.996268000000000375e-01 2.727086000000000093e-03 2.718144000000000116e-02 1.194969384562675572e+02 -2.833089999999999914e-03 9.999884999999999469e-01 3.862101000000000162e-03 9.007898856972881063e+00 -2.717059000000000141e-02 -3.937666999999999730e-03 9.996230000000000393e-01 9.156955959011587538e+02
9.993594000000000088e-01 3.728631999999999953e-03 3.559357999999999966e-02 1.194969384562675572e+02 -3.917025999999999668e-03 9.999786999999999981e-01 5.224638999999999672e-03 9.007898856972881063e+00 -3.557334000000000190e-02 -5.360712000000000116e-03 9.993526000000000353e-01 9.156955959011587538e+02
9.989329999999999599e-01 5.955695000000000433e-03 4.579893000000000158e-02 1.194969384562675572e+02 -6.221115000000000152e-03 9.999645999999999813e-01 5.654977999999999741e-03 9.007898856972881063e+00 -4.576362999999999959e-02 -5.933863000000000158e-03 9.989346000000000059e-01 9.156955959011587538e+02
9.982391999999999932e-01 8.248457000000000705e-03 5.874191000000000135e-02 1.194969384562675572e+02 -8.602115999999999929e-03 9.999462999999999546e-01 5.770220000000000383e-03 9.007898856972881063e+00 -5.869115999999999916e-02 -6.265363000000000356e-03 9.982564999999999911e-01 9.156955959011587538e+02
9.972444999999999782e-01 1.030551000000000036e-02 7.346689000000000691e-02 1.194969384562675572e+02 -1.079631999999999988e-02 9.999219000000000301e-01 6.286571000000000346e-03 9.007898856972881063e+00 -7.339637000000000244e-02 -7.062419000000000335e-03 9.972777999999999921e-01 9.156955959011587538e+02
9.958860999999999963e-01 1.264624999999999951e-02 8.972728000000000648e-02 1.194969384562675572e+02 -1.336115000000000046e-02 9.998835000000000361e-01 7.371202999999999783e-03 9.007898856972881063e+00 -8.962361000000000633e-02 -8.539735999999999161e-03 9.959390000000000187e-01 9.156955959011587538e+02
9.941349999999999909e-01 1.287819999999999937e-02 1.073772999999999950e-01 1.194969384562675572e+02 -1.390334000000000014e-02 9.998645999999999923e-01 8.803899999999999920e-03 9.007898856972881063e+00 -1.072493999999999947e-01 -1.024516999999999962e-02 9.941792999999999880e-01 9.156955959011587538e+02
9.919004999999999628e-01 1.254741000000000016e-02 1.263965999999999978e-01 1.194969384562675572e+02 -1.369398999999999963e-02 9.998725000000000529e-01 8.206430000000000669e-03 9.007898856972881063e+00 -1.262774999999999870e-01 -9.870833000000000731e-03 9.919457999999999886e-01 9.156955959011587538e+02
9.891307000000000293e-01 1.167644999999999968e-02 1.465751000000000137e-01 1.194969384562675572e+02 -1.282086999999999984e-02 9.998941999999999553e-01 6.865394000000000357e-03 9.007898856972881063e+00 -1.464794000000000096e-01 -8.669990000000000682e-03 9.891756999999999911e-01 9.156955959011587538e+02
9.858576999999999479e-01 9.109429999999999958e-03 1.673369000000000106e-01 1.194969384562675572e+02 -1.029132999999999958e-02 9.999278000000000333e-01 6.197188999999999649e-03 9.007898856972881063e+00 -1.672684000000000115e-01 -7.831664999999999807e-03 9.858801999999999843e-01 9.156955959011587538e+02
9.819655000000000467e-01 3.793580999999999863e-03 1.890225000000000100e-01 1.194969384562675572e+02 -5.471338000000000069e-03 9.999500999999999529e-01 8.354942000000000618e-03 9.007898856972881063e+00 -1.889813999999999938e-01 -9.238468999999999154e-03 9.819371999999999545e-01 9.156955959011587538e+02
9.773045999999999678e-01 -1.709231999999999982e-03 2.118321999999999983e-01 1.194969384562675572e+02 -4.745824000000000049e-04 9.999472999999999834e-01 1.025790000000000035e-02 9.007898856972881063e+00 -2.118385000000000129e-01 -1.012562000000000011e-02 9.772522000000000153e-01 9.156955959011587538e+02
9.718691999999999886e-01 -6.880932999999999668e-03 2.354210999999999943e-01 1.194969384562675572e+02 4.698978000000000356e-03 9.999405999999999572e-01 9.828065999999999885e-03 9.007898856972881063e+00 -2.354747000000000090e-01 -8.445354999999999876e-03 9.718436999999999770e-01 9.156955959011587538e+02
9.654652999999999707e-01 -1.331156000000000006e-02 2.601914000000000171e-01 1.194969384562675572e+02 1.166580000000000047e-02 9.999010000000000398e-01 7.868493000000000709e-03 9.007898856972881063e+00 -2.602703000000000100e-01 -4.561416000000000429e-03 9.655249999999999666e-01 9.156955959011587538e+02
9.580718000000000290e-01 -1.728533999999999973e-02 2.860064999999999968e-01 1.194969384562675572e+02 1.562877999999999837e-02 9.998451999999999895e-01 8.073843000000000686e-03 9.007898856972881063e+00 -2.861018000000000172e-01 -3.265386999999999804e-03 9.581935999999999787e-01 9.156955959011587538e+02
9.495605999999999769e-01 -2.005548999999999873e-02 3.129415999999999864e-01 1.194969384562675572e+02 1.762510999999999939e-02 9.997884999999999689e-01 1.059348000000000060e-02 9.007898856972881063e+00 -3.130878999999999746e-01 -4.543522000000000359e-03 9.497132000000000351e-01 9.156955959011587538e+02
9.399600000000000177e-01 -2.430701000000000042e-02 3.404181000000000012e-01 1.194969384562675572e+02 2.082729999999999998e-02 9.996867999999999865e-01 1.387286000000000075e-02 9.007898856972881063e+00 -3.406487000000000265e-01 -5.949941000000000257e-03 9.401718000000000020e-01 9.156955959011587538e+02
9.291719000000000506e-01 -2.800213999999999828e-02 3.685860000000000247e-01 1.194969384562675572e+02 2.471862999999999838e-02 9.996015000000000317e-01 1.362813000000000045e-02 9.007898856972881063e+00 -3.688207000000000013e-01 -3.551934999999999988e-03 9.294936999999999783e-01 9.156955959011587538e+02
9.172152999999999556e-01 -2.734521999999999994e-02 3.974523999999999835e-01 1.194969384562675572e+02 2.544891999999999987e-02 9.996256000000000030e-01 1.004610000000000052e-02 9.007898856972881063e+00 -3.975782999999999956e-01 9.002929000000000010e-04 9.175678000000000445e-01 9.156955959011587538e+02
9.041595000000000049e-01 -2.861150999999999972e-02 4.262360000000000038e-01 1.194969384562675572e+02 2.944808999999999968e-02 9.995555999999999885e-01 4.628970999999999954e-03 9.007898856972881063e+00 -4.261789999999999745e-01 8.366501999999999620e-03 9.046001000000000181e-01 9.156955959011587538e+02
8.900732999999999562e-01 -3.066895000000000038e-02 4.547844999999999804e-01 1.194969384562675572e+02 3.353669000000000094e-02 9.994359000000000437e-01 1.762471999999999954e-03 9.007898856972881063e+00 -4.545819999999999861e-01 1.368322999999999935e-02 8.905996999999999941e-01 9.156955959011587538e+02
8.745233999999999508e-01 -3.199557000000000095e-02 4.839267999999999903e-01 1.194969384562675572e+02 3.386511999999999856e-02 9.994144999999999834e-01 4.878839000000000266e-03 9.007898856972881063e+00 -4.837994999999999934e-01 1.212157999999999985e-02 8.750947999999999505e-01 9.156955959011587538e+02
8.569677999999999463e-01 -3.122428000000000009e-02 5.144231999999999694e-01 1.194969384562675572e+02 2.991533000000000039e-02 9.994937000000000404e-01 1.083157000000000043e-02 9.007898856972881063e+00 -5.145009999999999861e-01 6.106832000000000406e-03 8.574680000000000080e-01 9.156955959011587538e+02
8.375209000000000126e-01 -3.135402000000000328e-02 5.455050000000000177e-01 1.194969384562675572e+02 2.716620000000000146e-02 9.995070000000000343e-01 1.574009999999999992e-02 9.007898856972881063e+00 -5.457294999999999785e-01 1.636630999999999937e-03 8.379596999999999740e-01 9.156955959011587538e+02
8.164962000000000053e-01 -2.594617999999999924e-02 5.767676000000000469e-01 1.194969384562675572e+02 2.416207000000000077e-02 9.996500999999999859e-01 1.076493000000000068e-02 9.007898856972881063e+00 -5.768450000000000522e-01 5.146368999999999597e-03 8.168372999999999884e-01 9.156955959011587538e+02
7.946459000000000161e-01 -1.916752999999999860e-02 6.067706000000000488e-01 1.194969384562675572e+02 2.143010999999999874e-02 9.997641000000000444e-01 3.516416000000000073e-03 9.007898856972881063e+00 -6.066949000000000369e-01 1.020885000000000022e-02 7.948692000000000535e-01 9.156955959011587538e+02
7.722394999999999676e-01 -1.642356000000000024e-02 6.351193000000000533e-01 1.194969384562675572e+02 2.055807999999999941e-02 9.997882999999999631e-01 8.570305000000000067e-04 9.007898856972881063e+00 -6.349987999999999744e-01 1.239499999999999977e-02 7.724136000000000335e-01 9.156955959011587538e+02
7.490501999999999994e-01 -1.930170999999999970e-02 6.622320999999999902e-01 1.194969384562675572e+02 2.196145999999999862e-02 9.997496000000000160e-01 4.298553000000000096e-03 9.007898856972881063e+00 -6.621491999999999933e-01 1.132375000000000048e-02 7.492864000000000191e-01 9.156955959011587538e+02
7.247325000000000017e-01 -1.953834999999999947e-02 6.887533000000000127e-01 1.194969384562675572e+02 2.116675999999999974e-02 9.997574000000000183e-01 6.088352000000000000e-03 9.007898856972881063e+00 -6.887052000000000174e-01 1.016624999999999994e-02 7.249702000000000091e-01 9.156955959011587538e+02
6.994597000000000175e-01 -1.826382000000000005e-02 7.144386999999999821e-01 1.194969384562675572e+02 2.269946999999999937e-02 9.997367999999999810e-01 3.333599999999999931e-03 9.007898856972881063e+00 -7.143114000000000408e-01 1.388564999999999938e-02 6.996900999999999815e-01 9.156955959011587538e+02
6.733400999999999970e-01 -1.581716000000000025e-02 7.391636999999999791e-01 1.194969384562675572e+02 2.290920999999999930e-02 9.997373999999999983e-01 5.239927999999999817e-04 9.007898856972881063e+00 -7.389778000000000180e-01 1.658081999999999959e-02 6.735255999999999466e-01 9.156955959011587538e+02
6.464026999999999967e-01 -1.342373000000000004e-02 7.628783000000000092e-01 1.194969384562675572e+02 2.085704000000000030e-02 9.997823999999999600e-01 -8.027688999999999637e-05 9.007898856972881063e+00 -7.627112999999999809e-01 1.596327000000000162e-02 6.465419999999999501e-01 9.156955959011587538e+02
6.186203999999999592e-01 -1.239588999999999969e-02 7.855921999999999628e-01 1.194969384562675572e+02 2.120023999999999867e-02 9.997747999999999635e-01 -9.188053999999999969e-04 9.007898856972881063e+00 -7.854039000000000437e-01 1.722312999999999969e-02 6.187439000000000133e-01 9.156955959011587538e+02
5.901005999999999752e-01 -6.313377000000000225e-03 8.073050999999999977e-01 1.194969384562675572e+02 2.023865000000000039e-02 9.997707999999999595e-01 -6.974942999999999942e-03 9.007898856972881063e+00 -8.070760000000000156e-01 2.045467000000000118e-02 5.900931000000000370e-01 9.156955959011587538e+02
5.602449000000000456e-01 2.835353000000000092e-03 8.283222000000000085e-01 1.194969384562675572e+02 1.892332000000000042e-02 9.996893000000000029e-01 -1.622093999999999966e-02 9.007898856972881063e+00 -8.281108999999999831e-01 2.476230000000000098e-02 5.600171000000000454e-01 9.156955959011587538e+02
5.295973000000000486e-01 1.127181000000000016e-02 8.481743000000000476e-01 1.194969384562675572e+02 1.835654000000000105e-02 9.995252000000000026e-01 -2.474495999999999987e-02 9.007898856972881063e+00 -8.480505000000000404e-01 2.867439999999999919e-02 5.291390000000000260e-01 9.156955959011587538e+02
4.980180000000000162e-01 1.631845999999999991e-02 8.670132000000000394e-01 1.194969384562675572e+02 1.612194000000000127e-02 9.994758999999999727e-01 -2.807215999999999878e-02 9.007898856972881063e+00 -8.670168000000000319e-01 2.795836000000000154e-02 4.974938999999999889e-01 9.156955959011587538e+02
4.656619000000000175e-01 1.582818999999999893e-02 8.848211999999999744e-01 1.194969384562675572e+02 1.381362000000000041e-02 9.995882000000000378e-01 -2.515101999999999963e-02 9.007898856972881063e+00 -8.848548000000000524e-01 2.393444999999999948e-02 4.652514999999999845e-01 9.156955959011587538e+02
4.327520999999999729e-01 1.418518000000000036e-02 9.014014000000000193e-01 1.194969384562675572e+02 9.386122999999999689e-03 9.997511000000000037e-01 -2.023905999999999969e-02 9.007898856972881063e+00 -9.014640999999999904e-01 1.721914999999999904e-02 4.325111999999999846e-01 9.156955959011587538e+02
3.985676000000000219e-01 1.506852000000000018e-02 9.170152000000000303e-01 1.194969384562675572e+02 5.370068999999999884e-03 9.998095000000000176e-01 -1.876304000000000166e-02 9.007898856972881063e+00 -9.171232000000000273e-01 1.240277000000000046e-02 3.984108000000000094e-01 9.156955959011587538e+02
3.634390000000000120e-01 1.801940000000000139e-02 9.314438000000000439e-01 1.194969384562675572e+02 -1.324541999999999950e-03 9.998219000000000412e-01 -1.882539999999999908e-02 9.007898856972881063e+00 -9.316170000000000284e-01 5.608143999999999803e-03 3.633981000000000017e-01 9.156955959011587538e+02
3.276883999999999908e-01 2.019547999999999829e-02 9.445700000000000207e-01 1.194969384562675572e+02 -6.744494000000000183e-03 9.997960000000000180e-01 -1.903646000000000157e-02 9.007898856972881063e+00 -9.447617000000000376e-01 -1.326204999999999951e-04 3.277577999999999880e-01 9.156955959011587538e+02
2.915840000000000098e-01 1.934554999999999955e-02 9.563496000000000219e-01 1.194969384562675572e+02 -9.648340000000000041e-03 9.998040999999999734e-01 -1.728286999999999879e-02 9.007898856972881063e+00 -9.564964999999999717e-01 -4.187780999999999795e-03 2.917135000000000145e-01 9.156955959011587538e+02
2.554160999999999793e-01 1.898680000000000159e-02 9.666447999999999707e-01 1.194969384562675572e+02 -1.046187999999999979e-02 9.998029000000000499e-01 -1.687376000000000154e-02 9.007898856972881063e+00 -9.667746000000000395e-01 -5.803097000000000116e-03 2.555644000000000249e-01 9.156955959011587538e+02
2.195924999999999960e-01 1.816829000000000013e-02 9.754224999999999701e-01 1.194969384562675572e+02 -9.854781999999999431e-03 9.998169000000000084e-01 -1.640410000000000132e-02 9.007898856972881063e+00 -9.755418999999999619e-01 -6.010360000000000182e-03 2.197312999999999905e-01 9.156955959011587538e+02
1.842612999999999890e-01 1.726801999999999851e-02 9.827255999999999769e-01 1.194969384562675572e+02 -7.939293999999999518e-03 9.998392000000000390e-01 -1.608011999999999983e-02 9.007898856972881063e+00 -9.828451999999999744e-01 -4.839206000000000410e-03 1.843687999999999994e-01 9.156955959011587538e+02
1.497063999999999895e-01 1.548325000000000048e-02 9.886093000000000242e-01 1.194969384562675572e+02 -4.622690999999999953e-04 9.998782999999999976e-01 -1.558974999999999944e-02 9.007898856972881063e+00 -9.887302999999999509e-01 1.876878000000000010e-03 1.496954000000000062e-01 9.156955959011587538e+02
1.161094000000000015e-01 1.870304000000000064e-02 9.930603000000000069e-01 1.194969384562675572e+02 3.197353000000000001e-03 9.998105000000000464e-01 -1.920401000000000052e-02 9.007898856972881063e+00 -9.932311999999999808e-01 5.404927000000000342e-03 1.160275999999999946e-01 9.156955959011587538e+02
8.347085999999999395e-02 2.449840000000000004e-02 9.962090999999999585e-01 1.194969384562675572e+02 3.600780000000000040e-03 9.996838000000000113e-01 -2.488556000000000101e-02 9.007898856972881063e+00 -9.965036999999999923e-01 5.664345000000000317e-03 8.335625000000000673e-02 9.156955959011587538e+02
5.411487000000000241e-02 2.811233000000000135e-02 9.981389000000000511e-01 1.194969384562675572e+02 1.029632999999999937e-02 9.995346999999999982e-01 -2.870986999999999845e-02 9.007898856972881063e+00 -9.984815999999999692e-01 1.183079000000000075e-02 5.380023999999999917e-02 9.156955959011587538e+02
2.844833000000000084e-02 2.769309999999999827e-02 9.992115999999999776e-01 1.194969384562675572e+02 1.316382999999999963e-02 9.995190999999999937e-01 -2.807640999999999956e-02 9.007898856972881063e+00 -9.995085000000000219e-01 1.395217999999999979e-02 2.807010000000000061e-02 9.156955959011587538e+02
5.896435999999999691e-03 2.376380000000000159e-02 9.997002000000000388e-01 1.194969384562675572e+02 1.408032000000000034e-02 9.996165000000000189e-01 -2.384485999999999897e-02 9.007898856972881063e+00 -9.998833999999999778e-01 1.421669000000000058e-02 5.559572999999999945e-03 9.156955959011587538e+02
-1.322890999999999997e-02 2.055409999999999876e-02 9.997011999999999565e-01 1.194969384562675572e+02 1.436557999999999932e-02 9.996893999999999503e-01 -2.036376999999999979e-02 9.007898856972881063e+00 -9.998093000000000119e-01 1.409188999999999928e-02 -1.352007000000000035e-02 9.156955959011587538e+02
-2.974218000000000001e-02 2.343908999999999923e-02 9.992828000000000266e-01 1.194969384562675572e+02 1.629225999999999938e-02 9.996036000000000366e-01 -2.296170000000000155e-02 9.007898856972881063e+00 -9.994248000000000021e-01 1.559763999999999942e-02 -3.011225999999999833e-02 9.156955959011587538e+02
-4.451168999999999959e-02 2.917319000000000162e-02 9.985827999999999927e-01 1.194969384562675572e+02 1.897166999999999951e-02 9.994178999999999702e-01 -2.835193999999999909e-02 9.007898856972881063e+00 -9.988287000000000138e-01 1.768279000000000031e-02 -4.503924000000000122e-02 9.156955959011587538e+02
-5.644683000000000339e-02 3.313706999999999764e-02 9.978555999999999537e-01 1.194969384562675572e+02 2.335368999999999987e-02 9.992193999999999798e-01 -3.186129000000000044e-02 9.007898856972881063e+00 -9.981324000000000307e-01 2.150513000000000077e-02 -5.717664000000000080e-02 9.156955959011587538e+02
-6.558727999999999780e-02 3.696838000000000207e-02 9.971617999999999871e-01 1.194969384562675572e+02 2.936162000000000147e-02 9.989521999999999569e-01 -3.510353000000000084e-02 9.007898856972881063e+00 -9.974146999999999874e-01 2.697592999999999866e-02 -6.660401000000000515e-02 9.156955959011587538e+02
-7.133180999999999550e-02 4.201284000000000268e-02 9.965675000000000505e-01 1.194969384562675572e+02 3.294277000000000316e-02 9.986667000000000183e-01 -3.974338000000000176e-02 9.007898856972881063e+00 -9.969084999999999752e-01 2.999471999999999902e-02 -7.262071999999999972e-02 9.156955959011587538e+02
-7.497979999999999923e-02 4.736706999999999723e-02 9.960594999999999866e-01 1.194969384562675572e+02 3.484800999999999871e-02 9.983855000000000368e-01 -4.485447000000000045e-02 9.007898856972881063e+00 -9.965758999999999590e-01 3.134750000000000036e-02 -7.650938999999999657e-02 9.156955959011587538e+02
-7.772054000000000462e-02 5.100177000000000183e-02 9.956698000000000492e-01 1.194969384562675572e+02 3.710220000000000184e-02 9.981468000000000007e-01 -4.823252000000000095e-02 9.007898856972881063e+00 -9.962845000000000173e-01 3.319288000000000100e-02 -7.946878000000000275e-02 9.156955959011587538e+02
-8.041091999999999684e-02 5.455561999999999911e-02 9.952676999999999774e-01 1.194969384562675572e+02 3.755345999999999684e-02 9.979578999999999533e-01 -5.166902999999999774e-02 9.007898856972881063e+00 -9.960541000000000533e-01 3.322098999999999885e-02 -8.229546000000000083e-02 9.156955959011587538e+02
-8.277044000000000068e-02 5.712855000000000016e-02 9.949299000000000337e-01 1.194969384562675572e+02 3.843786999999999898e-02 9.977956999999999521e-01 -5.409539000000000014e-02 9.007898856972881063e+00 -9.958270000000000177e-01 3.376548000000000049e-02 -8.478388000000000591e-02 9.156955959011587538e+02
-8.466798000000000379e-02 6.126155999999999963e-02 9.945241999999999694e-01 1.194969384562675572e+02 3.950431000000000081e-02 9.975298000000000220e-01 -5.808354000000000295e-02 9.007898856972881063e+00 -9.956258000000000052e-01 3.437016999999999850e-02 -8.687891999999999837e-02 9.156955959011587538e+02
-8.668534999999999435e-02 6.295573000000000141e-02 9.942446000000000339e-01 1.194969384562675572e+02 4.222096999999999656e-02 9.973368000000000233e-01 -5.947041000000000133e-02 9.007898856972881063e+00 -9.953406000000000198e-01 3.682275000000000131e-02 -8.911252999999999536e-02 9.156955959011587538e+02
-8.870577000000000323e-02 6.205828000000000039e-02 9.941227999999999732e-01 1.194969384562675572e+02 4.252210000000000018e-02 9.973832999999999727e-01 -5.846757999999999816e-02 9.007898856972881063e+00 -9.951497999999999733e-01 3.708576000000000233e-02 -9.111249000000000431e-02 9.156955959011587538e+02
-9.119745999999999408e-02 6.078594999999999832e-02 9.939759000000000233e-01 1.194969384562675572e+02 4.136854000000000225e-02 9.975049000000000277e-01 -5.720619999999999872e-02 9.007898856972881063e+00 -9.949732000000000021e-01 3.590225999999999834e-02 -9.348452999999999624e-02 9.156955959011587538e+02
-9.318044000000000326e-02 6.236751000000000100e-02 9.936939999999999662e-01 1.194969384562675572e+02 4.189170999999999867e-02 9.973978999999999484e-01 -5.867174000000000000e-02 9.007898856972881063e+00 -9.947675000000000267e-01 3.616047000000000011e-02 -9.555065999999999560e-02 9.156955959011587538e+02
-9.565326000000000384e-02 6.425885000000000624e-02 9.933385000000000131e-01 1.194969384562675572e+02 4.068652999999999853e-02 9.973326000000000136e-01 -6.059934000000000154e-02 9.007898856972881063e+00 -9.945827999999999891e-01 3.461895999999999723e-02 -9.801256999999999331e-02 9.156955959011587538e+02
-9.826735000000000331e-02 6.680700000000000527e-02 9.929151000000000504e-01 1.194969384562675572e+02 3.932738000000000206e-02 9.972254000000000396e-01 -6.320485000000000686e-02 9.007898856972881063e+00 -9.943826000000000054e-01 3.283776000000000056e-02 -1.006220000000000031e-01 9.156955959011587538e+02
-1.008219000000000060e-01 7.017313999999999496e-02 9.924266999999999950e-01 1.194969384562675572e+02 3.714917999999999693e-02 9.970793999999999491e-01 -6.672810999999999326e-02 9.007898856972881063e+00 -9.942106000000000554e-01 3.014017000000000085e-02 -1.031342999999999982e-01 9.156955959011587538e+02
-1.030371000000000065e-01 7.454545999999999395e-02 9.918801999999999897e-01 1.194969384562675572e+02 3.383043000000000161e-02 9.968734000000000206e-01 -7.140641000000000349e-02 9.007898856972881063e+00 -9.941020000000000412e-01 2.619820999999999955e-02 -1.052368999999999943e-01 9.156955959011587538e+02
-1.055615000000000026e-01 7.713973000000000357e-02 9.914163000000000281e-01 1.194969384562675572e+02 3.158554000000000223e-02 9.967437000000000102e-01 -7.419117000000000073e-02 9.007898856972881063e+00 -9.939109999999999889e-01 2.348267999999999883e-02 -1.076542999999999944e-01 9.156955959011587538e+02
-1.082516000000000034e-01 7.568365999999999982e-02 9.912383999999999640e-01 1.194969384562675572e+02 2.980112999999999859e-02 9.968966999999999690e-01 -7.286115999999999426e-02 9.007898856972881063e+00 -9.936766999999999683e-01 2.165268000000000054e-02 -1.101711999999999969e-01 9.156955959011587538e+02
-1.113399000000000055e-01 7.123111000000000026e-02 9.912263000000000046e-01 1.194969384562675572e+02 2.642005999999999868e-02 9.972874999999999934e-01 -6.869904999999999762e-02 9.007898856972881063e+00 -9.934311000000000114e-01 1.853930000000000161e-02 -1.129199000000000036e-01 9.156955959011587538e+02
-1.139162999999999981e-01 6.959566000000000363e-02 9.910497000000000334e-01 1.194969384562675572e+02 2.627205999999999986e-02 9.974054999999999449e-01 -6.702215999999999729e-02 9.007898856972881063e+00 -9.931429000000000507e-01 1.840200000000000169e-02 -1.154490999999999989e-01 9.156955959011587538e+02
-1.158249999999999974e-01 6.985040000000000693e-02 9.908105999999999858e-01 1.194969384562675572e+02 2.598171000000000161e-02 9.973959000000000019e-01 -6.727742999999999918e-02 9.007898856972881063e+00 -9.929297000000000262e-01 1.795052999999999926e-02 -1.173382000000000036e-01 9.156955959011587538e+02
-1.171496999999999955e-01 7.263403999999999694e-02 9.904545999999999628e-01 1.194969384562675572e+02 2.737637999999999877e-02 9.971790000000000376e-01 -6.988914999999999711e-02 9.007898856972881063e+00 -9.927367999999999748e-01 1.892755999999999952e-02 -1.188075999999999993e-01 9.156955959011587538e+02
-1.177716000000000041e-01 7.541683000000000414e-02 9.901727999999999641e-01 1.194969384562675572e+02 2.790439999999999934e-02 9.969694999999999530e-01 -7.261555999999999567e-02 9.007898856972881063e+00 -9.926485000000000447e-01 1.907812000000000049e-02 -1.195192000000000060e-01 9.156955959011587538e+02
-1.182042999999999983e-01 7.659691000000000416e-02 9.900307000000000412e-01 1.194969384562675572e+02 2.708114000000000007e-02 9.968981999999999566e-01 -7.389492000000000282e-02 9.007898856972881063e+00 -9.926198999999999995e-01 1.807645999999999906e-02 -1.199119000000000018e-01 9.156955959011587538e+02
-1.180776000000000048e-01 7.482940000000000424e-02 9.901809000000000305e-01 1.194969384562675572e+02 2.374346999999999916e-02 9.970843000000000345e-01 -7.251973999999999920e-02 9.007898856972881063e+00 -9.927203999999999473e-01 1.494736999999999975e-02 -1.195100000000000051e-01 9.156955959011587538e+02
-1.183116000000000029e-01 7.450329999999999453e-02 9.901775999999999911e-01 1.194969384562675572e+02 1.999762000000000067e-02 9.971577999999999831e-01 -7.263909999999999811e-02 9.007898856972881063e+00 -9.927751000000000214e-01 1.120714000000000085e-02 -1.194651999999999936e-01 9.156955959011587538e+02
-1.184144000000000030e-01 7.536458999999999520e-02 9.901001000000000385e-01 1.194969384562675572e+02 1.629357999999999848e-02 9.971286999999999789e-01 -7.395092000000000332e-02 9.007898856972881063e+00 -9.928304999999999492e-01 7.375422000000000401e-03 -1.193023000000000000e-01 9.156955959011587538e+02
-1.187914999999999943e-01 7.570440000000000502e-02 9.900290000000000479e-01 1.194969384562675572e+02 1.225761000000000038e-02 9.971250000000000391e-01 -7.477625000000000244e-02 9.007898856972881063e+00 -9.928434999999999899e-01 3.252604000000000085e-03 -1.193778999999999951e-01 9.156955959011587538e+02
-1.192827000000000054e-01 7.481208999999999776e-02 9.900377999999999679e-01 1.194969384562675572e+02 8.649814999999999934e-03 9.971976000000000173e-01 -7.431097999999999870e-02 9.007898856972881063e+00 -9.928225999999999996e-01 -3.003721000000000104e-04 -1.195954999999999935e-01 9.156955959011587538e+02
-1.196760999999999936e-01 6.989088000000000245e-02 9.903499000000000052e-01 1.194969384562675572e+02 8.554825000000000276e-03 9.975545999999999580e-01 -6.936556000000000666e-02 9.007898856972881063e+00 -9.927761000000000502e-01 1.708706000000000103e-04 -1.199812999999999991e-01 9.156955959011587538e+02
-1.199739999999999973e-01 6.147785000000000055e-02 9.908717000000000219e-01 1.194969384562675572e+02 1.156217000000000009e-02 9.980995999999999757e-01 -6.052637000000000295e-02 9.007898856972881063e+00 -9.927097000000000282e-01 4.195034999999999736e-03 -1.204568000000000028e-01 9.156955959011587538e+02
-1.199893999999999961e-01 5.482826999999999840e-02 9.912600000000000300e-01 1.194969384562675572e+02 1.624665999999999957e-02 9.984484999999999610e-01 -5.325926999999999745e-02 9.007898856972881063e+00 -9.926422000000000301e-01 9.714108000000000812e-03 -1.206939999999999957e-01 9.156955959011587538e+02
-1.191900000000000043e-01 5.753559999999999924e-02 9.912029999999999452e-01 1.194969384562675572e+02 2.502528999999999865e-02 9.981765000000000221e-01 -5.493115999999999971e-02 9.007898856972881063e+00 -9.925559999999999938e-01 1.825788999999999884e-02 -1.204125000000000056e-01 9.156955959011587538e+02
-1.179477000000000025e-01 6.349043000000000048e-02 9.909881000000000384e-01 1.194969384562675572e+02 3.117512000000000061e-02 9.976987999999999968e-01 -6.020990999999999843e-02 9.007898856972881063e+00 -9.925302999999999765e-01 2.379254000000000091e-02 -1.196556000000000008e-01 9.156955959011587538e+02
-1.170727000000000018e-01 6.916152999999999884e-02 9.907122000000000428e-01 1.194969384562675572e+02 3.455185999999999674e-02 9.972518999999999689e-01 -6.553507999999999556e-02 9.007898856972881063e+00 -9.925220999999999627e-01 2.655857000000000009e-02 -1.191407000000000022e-01 9.156955959011587538e+02
-1.163451000000000068e-01 7.294952000000000381e-02 9.905262000000000233e-01 1.194969384562675572e+02 3.564819999999999794e-02 9.969630999999999910e-01 -6.923643000000000158e-02 9.007898856972881063e+00 -9.925688999999999762e-01 2.725514999999999882e-02 -1.185922999999999977e-01 9.156955959011587538e+02
-1.163708999999999993e-01 7.198807999999999596e-02 9.905935999999999630e-01 1.194969384562675572e+02 3.285757000000000261e-02 9.971029000000000142e-01 -6.860117000000000298e-02 9.007898856972881063e+00 -9.926620999999999917e-01 2.456532000000000160e-02 -1.183990999999999932e-01 9.156955959011587538e+02
-1.161346999999999935e-01 6.691418000000000366e-02 9.909769000000000494e-01 1.194969384562675572e+02 3.072070000000000009e-02 9.974927000000000099e-01 -6.375393000000000032e-02 9.007898856972881063e+00 -9.927582000000000351e-01 2.303944999999999951e-02 -1.178991000000000067e-01 9.156955959011587538e+02
-1.159474999999999950e-01 6.394350000000000034e-02 9.911950000000000482e-01 1.194969384562675572e+02 2.916130999999999932e-02 9.977144999999999486e-01 -6.095288000000000095e-02 9.007898856972881063e+00 -9.928270999999999624e-01 2.183720000000000105e-02 -1.175472000000000045e-01 9.156955959011587538e+02
