1.000000000000000000e+00 0.000000000000000000e+00 0.000000000000000000e+00 4.709841044397722953e+02 0.000000000000000000e+00 1.000000000000000000e+00 0.000000000000000000e+00 2.278832564441760766e+01 0.000000000000000000e+00 0.000000000000000000e+00 1.000000000000000000e+00 1.953639773949662413e+02
9.999979367992746226e-01 1.006393923657324194e-03 1.764530664087441986e-03 4.709841044397722953e+02 -9.981764476253483873e-04 9.999886823952162107e-01 -4.651744324326735798e-03 2.278832564441760766e+01 -1.769192181049168006e-03 4.649973413894462060e-03 9.999876237765530362e-01 1.953639773949662413e+02
9.999974506167176314e-01 -1.677335134052497468e-03 1.511723160529528012e-03 4.709841044397722953e+02 1.685227494079421118e-03 9.999848788138221423e-01 -5.234706486289805727e-03 2.278832564441760766e+01 -1.502919944376348085e-03 5.237240738450154101e-03 9.999851561603744221e-01 1.953639773949662413e+02
9.999919038957479911e-01 -3.476069030241257882e-03 2.027088319416205965e-03 4.709841044397722953e+02 3.477579634403228474e-03 9.999936777985445335e-01 -7.421609163437648199e-04 2.278832564441760766e+01 -2.024495701178821456e-03 7.492042687883333383e-04 9.999976700523454110e-01 1.953639773949662413e+02
9.999824658032466784e-01 -5.267697676168013078e-03 2.705447699242375086e-03 4.709841044397722953e+02 5.252108768037499174e-03 9.999697495826146421e-01 5.737183382860181792e-03 2.278832564441760766e+01 -2.735587605893968505e-03 -5.722873480375321835e-03 9.999798824374308559e-01 1.953639773949662413e+02
9.999599570090276224e-01 -8.836359837382378943e-03 1.415317395743063457e-03 4.709841044397722953e+02 8.827922772535289411e-03 9.999438595168079758e-01 5.860511423801584643e-03 2.278832564441760766e+01 -1.467023526912458568e-03 -5.847782438727348008e-03 9.999818254761037029e-01 1.953639773949662413e+02
9.999375879788806598e-01 -1.114426050347098150e-02 7.909518391655849176e-04 4.709841044397722953e+02 1.114172720151293539e-02 9.999330049435980472e-01 3.138078939319982347e-03 2.278832564441760766e+01 -8.258704184828103952e-04 -3.129070515849488848e-03 9.999947634141683750e-01 1.953639773949662413e+02
9.999357721932879972e-01 -1.131364217792135349e-02 -6.730444902707120782e-04 4.709841044397722953e+02 1.131340087134708947e-02 9.999359361726848361e-01 -3.612633063894532103e-04 2.278832564441760766e+01 6.770885762451247028e-04 3.536256811168858095e-04 9.999997082499260115e-01 1.953639773949662413e+02
9.999410937604193972e-01 -1.085393280932959829e-02 3.393802790885841724e-05 4.709841044397722953e+02 1.085393444265837781e-02 9.999410931511902856e-01 -4.831886927818129101e-05 2.278832564441760766e+01 -3.341157896624460504e-05 4.868438412528833682e-05 9.999999982567484569e-01 1.953639773949662413e+02
9.999376808226273505e-01 -1.102046131383704712e-02 -1.784349601038862738e-03 4.709841044397722953e+02 1.102324232074063971e-02 9.999380311182669567e-01 1.556294335271457899e-03 2.278832564441760766e+01 1.767087945374452200e-03 -1.575866666325927146e-03 9.999971970182930381e-01 1.953639773949662413e+02
9.999304416301323384e-01 -1.134464335939710383e-02 -3.226603232488656128e-03 4.709841044397722953e+02 1.136147258666882903e-02 9.999216942820399190e-01 5.246164769912353698e-03 2.278832564441760766e+01 3.166834702686478330e-03 -5.282458819416896607e-03 9.999810332135239399e-01 1.953639773949662413e+02
9.999185761464622901e-01 -1.205843528694925532e-02 -4.175549743937227547e-03 4.709841044397722953e+02 1.208739224468309732e-02 9.999025789107575113e-01 6.980518342989082241e-03 2.278832564441760766e+01 4.090968828624484514e-03 -7.030421469878048168e-03 9.999669180267910518e-01 1.953639773949662413e+02
9.999018704615479924e-01 -1.317678167850705809e-02 -4.756245588299905409e-03 4.709841044397722953e+02 1.321367393355984965e-02 9.998821916960037859e-01 7.810348927627508604e-03 2.278832564441760766e+01 4.652770000421245153e-03 -7.872429980043801553e-03 9.999581874146201699e-01 1.953639773949662413e+02
9.998897233647178195e-01 -1.382496156506069114e-02 -5.423241406531793991e-03 4.709841044397722953e+02 1.386733204154924452e-02 9.998729935479736541e-01 7.854544892051758612e-03 2.278832564441760766e+01 5.313963838638406656e-03 -7.928884608595226924e-03 9.999544462510207010e-01 1.953639773949662413e+02
9.998725392085506813e-01 -1.456637739965883742e-02 -6.536511768253235391e-03 4.709841044397722953e+02 1.460786137886707810e-02 9.998731721958541430e-01 6.344281593177209834e-03 2.278832564441760766e+01 6.443269556802780698e-03 -6.438957403836134165e-03 9.999585111918244396e-01 1.953639773949662413e+02
9.998351946216722519e-01 -1.511463899767767280e-02 -1.005640511380934653e-02 4.709841044397722953e+02 1.515722252923265220e-02 9.998764196670199000e-01 4.171810045950797609e-03 2.278832564441760766e+01 9.992106937105192654e-03 -4.323549679372008618e-03 9.999407306021331765e-01 1.953639773949662413e+02
9.998081420470860126e-01 -1.620618564516378840e-02 -1.100175636837787824e-02 4.709841044397722953e+02 1.623521147073390264e-02 9.998649380679945908e-01 2.554120354342236977e-03 2.278832564441760766e+01 1.095887790128457356e-02 -2.732246167229689538e-03 9.999362168788700211e-01 1.953639773949662413e+02
9.998107598540689755e-01 -1.444959488007356053e-02 -1.302511757458511485e-02 4.709841044397722953e+02 1.447393511425175069e-02 9.998936691764124252e-01 1.776384879028359426e-03 2.278832564441760766e+01 1.299806456125288459e-02 -1.964573422324768746e-03 9.999135916512634781e-01 1.953639773949662413e+02
9.998166053922789009e-01 -1.203533461034655624e-02 -1.489651981763553089e-02 4.709841044397722953e+02 1.205081766069672315e-02 9.999269349352524205e-01 9.500445772785629916e-04 2.278832564441760766e+01 1.488399729806811310e-02 -1.129385588327387786e-03 9.998885893501453515e-01 1.953639773949662413e+02
9.998109733781153086e-01 -1.056327599762784189e-02 -1.632282796893834431e-02 4.709841044397722953e+02 1.058015980311085430e-02 9.999435788272191816e-01 9.483568695304571026e-04 2.278832564441760766e+01 1.631188926048400198e-02 -1.120875733185223598e-03 9.998663240185381440e-01 1.953639773949662413e+02
9.997844326078838550e-01 -1.083128207730232537e-02 -1.771360052314344818e-02 4.709841044397722953e+02 1.086721008929627218e-02 9.999390812448121224e-01 1.933272912517609203e-03 2.278832564441760766e+01 1.769158160840165681e-02 -2.125353580240573002e-03 9.998412328026645701e-01 1.953639773949662413e+02
9.997834261671311173e-01 -1.064676556070057699e-02 -1.788147490023005159e-02 4.709841044397722953e+02 1.074165388887451424e-02 9.999286875557850118e-01 5.218876765666473697e-03 2.278832564441760766e+01 1.782463557113436042e-02 -5.409823107922998899e-03 9.998264930380158511e-01 1.953639773949662413e+02
9.997832229634056045e-01 -9.249476368840138518e-03 -1.865353231448724225e-02 4.709841044397722953e+02 9.362828329856538040e-03 9.999381755065431809e-01 5.998550684043008931e-03 2.278832564441760766e+01 1.859689561650122031e-02 -6.171900156807883647e-03 9.998080131314630581e-01 1.953639773949662413e+02
9.997560618392870024e-01 -9.427930455388927253e-03 -1.997325569176184798e-02 4.709841044397722953e+02 9.545748347858261026e-03 9.999375496030874499e-01 5.811676371746239689e-03 2.278832564441760766e+01 1.991721627335406655e-02 -6.000918354622487676e-03 9.997836233279789875e-01 1.953639773949662413e+02
9.997270814940757422e-01 -9.556049138071509574e-03 -2.131770278916638589e-02 4.709841044397722953e+02 9.669298449475701232e-03 9.999396486615654833e-01 5.215716832669892687e-03 2.278832564441760766e+01 2.126657459092725494e-02 -5.420420597550288343e-03 9.997591469177538048e-01 1.953639773949662413e+02
9.996719121674236819e-01 -9.291407324352726760e-03 -2.386918041027443968e-02 4.709841044397722953e+02 9.405900811059490427e-03 9.999447700020308583e-01 4.688920506591813704e-03 2.278832564441760766e+01 2.382429544515040146e-02 -4.911893272206032529e-03 9.997040943454345019e-01 1.953639773949662413e+02
9.996581423132661071e-01 -8.958992872071800881e-03 -2.456287754938573514e-02 4.709841044397722953e+02 9.117018020455157704e-03 9.999384095199136402e-01 6.329071748585103109e-03 2.278832564441760766e+01 2.450466260128256885e-02 -6.550848304009959308e-03 9.996782521878206929e-01 1.953639773949662413e+02
9.995927588393248575e-01 -1.208684170418311728e-02 -2.585004320311949308e-02 4.709841044397722953e+02 1.231463709862089598e-02 9.998865734208466360e-01 8.671217091411310973e-03 2.278832564441760766e+01 2.574230349278128563e-02 -8.986019715928633689e-03 9.996282235214004608e-01 1.953639773949662413e+02
9.995848460717746686e-01 -1.212900047436112939e-02 -2.613470587470161435e-02 4.709841044397722953e+02 1.239593719053652850e-02 9.998723974564242001e-01 1.007618707200003821e-02 2.278832564441760766e+01 2.600915694198014175e-02 -1.039596807587151416e-02 9.996076468309621488e-01 1.953639773949662413e+02
9.995702937491613982e-01 -1.146766757354717413e-02 -2.697629430880859810e-02 4.709841044397722953e+02 1.171066842736011651e-02 9.998921101076100326e-01 8.867265053804722005e-03 2.278832564441760766e+01 2.687169699139477230e-02 -9.179365172632595812e-03 9.995967442703236339e-01 1.953639773949662413e+02
9.995626968742489238e-01 -9.367704184920725569e-03 -2.804748002550284600e-02 4.709841044397722953e+02 9.544128505459185605e-03 9.999354617462483663e-01 6.162950055423437913e-03 2.278832564441760766e+01 2.798793719709404340e-02 -6.427943731718067412e-03 9.995875934158215959e-01 1.953639773949662413e+02
9.995810508531084437e-01 -8.482622382330566937e-03 -2.767251150353530753e-02 4.709841044397722953e+02 8.602590366067541100e-03 9.999540962289162893e-01 4.219108199862315993e-03 2.278832564441760766e+01 2.763545212925215197e-02 -4.455395888946566546e-03 9.996081388389577160e-01 1.953639773949662413e+02
9.995247371145421500e-01 -9.224851333578339488e-03 -2.941431647988360099e-02 4.709841044397722953e+02 9.330291899873064190e-03 9.999505223160997103e-01 3.449430796365610900e-03 2.278832564441760766e+01 2.938104064134857557e-02 -3.722235568724724386e-03 9.995613535012259909e-01 1.953639773949662413e+02
9.994789615720257592e-01 -1.107920217241114245e-02 -3.031594719166100238e-02 4.709841044397722953e+02 1.118309927681870701e-02 9.999321539069109255e-01 3.259735211139923837e-03 2.278832564441760766e+01 3.027777510765286215e-02 -3.597063010945054495e-03 9.995350506471626373e-01 1.953639773949662413e+02
9.994466778965118703e-01 -8.156592184452146968e-03 -3.224605472863836808e-02 4.709841044397722953e+02 8.195850021119853446e-03 9.999658243306993599e-01 1.085455228030309189e-03 2.278832564441760766e+01 3.223609908250605477e-02 -1.349138449989041198e-03 9.994793713435939919e-01 1.953639773949662413e+02
9.993727677386722297e-01 -8.639384063887900131e-03 -3.434286163589463092e-02 4.709841044397722953e+02 8.674703990305615911e-03 9.999619872027444289e-01 8.795795670774989071e-04 2.278832564441760766e+01 3.433395714196323112e-02 -1.176942025268033808e-03 9.994097228836846813e-01 1.953639773949662413e+02
9.992981629472247329e-01 -9.085470646813042367e-03 -3.634055246455464294e-02 4.709841044397722953e+02 9.179032621836939743e-03 9.999549710526175472e-01 2.408573702413630956e-03 2.278832564441760766e+01 3.631703306205579657e-02 -2.740454392712661242e-03 9.993365614342805126e-01 1.953639773949662413e+02
9.992407091963863008e-01 -8.738100475405836606e-03 -3.796907537439157126e-02 4.709841044397722953e+02 8.904535700931522774e-03 9.999514638301667535e-01 4.216542167643175590e-03 2.278832564441760766e+01 3.793038793178103718e-02 -4.551437573154850161e-03 9.992700186072646096e-01 1.953639773949662413e+02
9.992411604365436517e-01 -7.684682921066853835e-03 -3.818440699858785536e-02 4.709841044397722953e+02 7.903647854475923801e-03 9.999531591093762106e-01 5.586764516677685151e-03 2.278832564441760766e+01 3.813968589309067736e-02 -5.884321165179525089e-03 9.992550921183249724e-01 1.953639773949662413e+02
9.991689932230993776e-01 -6.174591346943121041e-03 -4.028892407645755236e-02 4.709841044397722953e+02 6.414443825904649933e-03 9.999624511856393116e-01 5.826759751825470734e-03 2.278832564441760766e+01 4.025143341478218395e-02 -6.080348715278881440e-03 9.991710821814031585e-01 1.953639773949662413e+02
9.991074045813559401e-01 -3.891097942776843618e-03 -4.206249478464954561e-02 4.709841044397722953e+02 4.111602773185231777e-03 9.999782494103062191e-01 5.157075617876189129e-03 2.278832564441760766e+01 4.204151321425644849e-02 -5.325416706009698103e-03 9.991016720552335917e-01 1.953639773949662413e+02
9.990428675881887211e-01 -2.885906855082412577e-03 -4.364653780993599241e-02 4.709841044397722953e+02 3.107916102433886957e-03 9.999825724651093539e-01 5.019524236024547163e-03 2.278832564441760766e+01 4.363129127897341641e-02 -5.150369664361323027e-03 9.990344258901443508e-01 1.953639773949662413e+02
9.989547982753658184e-01 -3.018322476053776193e-03 -4.560921762160939641e-02 4.709841044397722953e+02 3.316916346804118891e-03 9.999735518859430572e-01 6.472526133795191219e-03 2.278832564441760766e+01 4.558847517271319427e-02 -6.617042997811428164e-03 9.989383893280869842e-01 1.953639773949662413e+02
9.988411016321332436e-01 -1.536274020740637306e-03 -4.810502627003952064e-02 4.709841044397722953e+02 1.931737372760591485e-03 9.999647148133934405e-01 8.175421633411202385e-03 2.278832564441760766e+01 4.809076918734686568e-02 -8.258873427687014185e-03 9.988088250154155689e-01 1.953639773949662413e+02
9.988416466729275189e-01 2.272567014258864294e-04 -4.811770179577506273e-02 4.709841044397722953e+02 1.926949647864439950e-04 9.999619373223953556e-01 8.722773359770440507e-03 2.278832564441760766e+01 4.811785261590555141e-02 -8.721941345080910443e-03 9.988035842941329623e-01 1.953639773949662413e+02
9.988863196147720336e-01 3.339160331722028190e-03 -4.706347304157150468e-02 4.709841044397722953e+02 -2.997441093652467286e-03 9.999686462397230358e-01 7.329521429133262211e-03 2.278832564441760766e+01 4.708647187192657735e-02 -7.180288696779636541e-03 9.988650097089624147e-01 1.953639773949662413e+02
9.989460616595245979e-01 5.400589804964483001e-03 -4.558069245507687800e-02 4.709841044397722953e+02 -5.198881495520641695e-03 9.999761675208919121e-01 4.542688787335933016e-03 2.278832564441760766e+01 4.560413935292816079e-02 -4.300932454896324968e-03 9.989503313247847238e-01 1.953639773949662413e+02
9.990503704387841966e-01 6.098700629076500394e-03 -4.314120045578657275e-02 4.709841044397722953e+02 -5.989761680012270148e-03 9.999785393276374723e-01 2.653985526447638719e-03 2.278832564441760766e+01 4.315646047981790134e-02 -2.393059714016815189e-03 9.990654599094390687e-01 1.953639773949662413e+02
9.991940134229266857e-01 7.108803849175880998e-03 -3.950681520472321129e-02 4.709841044397722953e+02 -6.978484170379362604e-03 9.999697482849870811e-01 3.435589255994083314e-03 2.278832564441760766e+01 3.953004298593569554e-02 -3.157122532641065855e-03 9.992133947655245096e-01 1.953639773949662413e+02
9.993039935349107283e-01 1.308438464978082215e-02 -3.493318456020664403e-02 4.709841044397722953e+02 -1.285124858554843007e-02 9.998936810313479029e-01 6.889995890131028235e-03 2.278832564441760766e+01 3.501962185651425613e-02 -6.436265369778917597e-03 9.993658992446743383e-01 1.953639773949662413e+02
9.994067210517433297e-01 1.661873042062265993e-02 -3.016659934117736294e-02 4.709841044397722953e+02 -1.632901839867024682e-02 9.998184014357227589e-01 9.824831227257300667e-03 2.278832564441760766e+01 3.032439735164177072e-02 -9.326411406052536809e-03 9.994965977808752955e-01 1.953639773949662413e+02
9.994214058393169342e-01 2.143513531495077826e-02 -2.640811474139422368e-02 4.709841044397722953e+02 -2.115401459155448124e-02 9.997170370326780020e-01 1.087904100808302806e-02 2.278832564441760766e+01 2.663383593899075127e-02 -1.031410881390696678e-02 9.995920457579431373e-01 1.953639773949662413e+02
9.994587044933402886e-01 2.492923839054858939e-02 -2.146697663301080222e-02 4.709841044397722953e+02 -2.469112756541592263e-02 9.996314134265195106e-01 1.128651896908895377e-02 2.278832564441760766e+01 2.174042851563046802e-02 -1.075036576859564157e-02 9.997058484393287481e-01 1.953639773949662413e+02
9.994681621414582828e-01 2.861032423698936164e-02 -1.564743469810504425e-02 4.709841044397722953e+02 -2.839598981855214269e-02 9.995021431881868645e-01 1.375258246433803434e-02 2.278832564441760766e+01 1.603311035955375108e-02 -1.330094392395689620e-02 9.997829885844878861e-01 1.953639773949662413e+02
9.993946479596651500e-01 3.343707072085528448e-02 -9.607285318289247519e-03 4.709841044397722953e+02 -3.328553301231299000e-02 9.993253361791860634e-01 1.552242772363421168e-02 2.278832564441760766e+01 1.011982814402315189e-02 -1.519324757772010266e-02 9.998333632692888440e-01 1.953639773949662413e+02
9.993309775948873153e-01 3.641092045552785789e-02 -3.441233910933109465e-03 4.709841044397722953e+02 -3.635350229478380435e-02 9.992189537359353890e-01 1.548887877666004463e-02 2.278832564441760766e+01 4.002510481125302715e-03 -1.535341546485038955e-02 9.998741183486111739e-01 1.953639773949662413e+02
9.992169300169084778e-01 3.937055455874760579e-02 3.935251113071379370e-03 4.709841044397722953e+02 -3.942809415171280585e-02 9.990973891293130071e-01 1.580608827464383137e-02 2.278832564441760766e+01 -3.309404651860809853e-03 -1.594887045276268886e-02 9.998673318856514669e-01 1.953639773949662413e+02
9.989521722719573171e-01 4.438052642172009288e-02 1.117704735924060326e-02 4.709841044397722953e+02 -4.455973806704860429e-02 9.988732370544776140e-01 1.633052478328715640e-02 2.278832564441760766e+01 -1.043969618981087366e-02 -1.681145950929656407e-02 9.998041746125246876e-01 1.953639773949662413e+02
9.986852940730159833e-01 4.781925627460714007e-02 1.846624302987495345e-02 4.709841044397722953e+02 -4.806679842142185660e-02 9.987568704763858385e-01 1.320214246711048402e-02 2.278832564441760766e+01 -1.781197046396590725e-02 -1.407239871347816529e-02 9.997423174511715915e-01 1.953639773949662413e+02
9.984322563156106112e-01 4.937613309058747763e-02 2.636336529239258555e-02 4.709841044397722953e+02 -4.966428820242962949e-02 9.987119320280509749e-01 1.038919160164163309e-02 2.278832564441760766e+01 -2.581642937870065949e-02 -1.168222178398969739e-02 9.995984382082254704e-01 1.953639773949662413e+02
9.981780831607688365e-01 5.005294153705051874e-02 3.369298652512901782e-02 4.709841044397722953e+02 -5.044549027718304296e-02 9.986673030925279360e-01 1.090276316278416570e-02 2.278832564441760766e+01 -3.310236861900463928e-02 -1.258255845914653046e-02 9.993727594918889734e-01 1.953639773949662413e+02
9.978851145447151794e-01 4.968799861659315559e-02 4.190943764307802216e-02 4.709841044397722953e+02 -5.026746643915798451e-02 9.986526401211309745e-01 1.288744338009138214e-02 2.278832564441760766e+01 -4.121261927941069492e-02 -1.496686916373856681e-02 9.990382939805487750e-01 1.953639773949662413e+02
9.973471848569830378e-01 5.162501235748136880e-02 5.131716045283350042e-02 4.709841044397722953e+02 -5.245478542060998811e-02 9.985113060715572475e-01 1.495550513165004938e-02 2.278832564441760766e+01 -5.046868677040899226e-02 -1.760766158111385510e-02 9.985704191038881072e-01 1.953639773949662413e+02
9.966360291646211289e-01 5.485399202575120398e-02 6.089059804121359915e-02 4.709841044397722953e+02 -5.589709115521096505e-02 9.983152767902900848e-01 1.556031257734679513e-02 2.278832564441760766e+01 -5.993446897540485180e-02 -1.891157544885238226e-02 9.980231519071478541e-01 1.953639773949662413e+02
9.958965500530743142e-01 5.958315436043790103e-02 6.811687976446359483e-02 4.709841044397722953e+02 -6.076961085589005496e-02 9.980317946195161882e-01 1.547873783496389426e-02 2.278832564441760766e+01 -6.706053972948443354e-02 -1.955465788502059113e-02 9.975572662089077225e-01 1.953639773949662413e+02
9.949333913991709188e-01 6.365530419843223875e-02 7.781740760492475428e-02 4.709841044397722953e+02 -6.510113351938252857e-02 9.977474276869480185e-01 1.618372511389628080e-02 2.278832564441760766e+01 -7.661193832189200359e-02 -2.116772995566130675e-02 9.968362644462159805e-01 1.953639773949662413e+02
9.941858221410586616e-01 6.304253504382380247e-02 8.729369867841314801e-02 4.709841044397722953e+02 -6.480084835665078646e-02 9.977455523976909157e-01 1.745459030964043728e-02 2.278832564441760766e+01 -8.599651798746031639e-02 -2.300981194767637641e-02 9.960296920514792873e-01 1.953639773949662413e+02
9.932049413337669108e-01 6.086629547939551022e-02 9.919293616384859680e-02 4.709841044397722953e+02 -6.283707365492216534e-02 9.978813156558073993e-01 1.686363067412237002e-02 2.278832564441760766e+01 -9.795635091547774675e-02 -2.298203515014191414e-02 9.949253134661317777e-01 1.953639773949662413e+02
9.919182718465530124e-01 5.896929381419537680e-02 1.123421753572755311e-01 4.709841044397722953e+02 -6.081356686102048353e-02 9.980637234914448985e-01 1.305809848426625966e-02 2.278832564441760766e+01 -1.113546229960384187e-01 -1.978449487451780855e-02 9.935837768904889344e-01 1.953639773949662413e+02
9.902504373873284305e-01 5.937875050132161020e-02 1.260088697001450209e-01 4.709841044397722953e+02 -6.109301063495492512e-02 9.980841607901238532e-01 9.780185653824437567e-03 2.278832564441760766e+01 -1.251867217629868967e-01 -1.738309433811872917e-02 9.919809034076548793e-01 1.953639773949662413e+02
9.875999787995578538e-01 6.142506047156303522e-02 1.444757551327533196e-01 4.709841044397722953e+02 -6.330175878394513067e-02 9.979588747390784054e-01 8.424468194684302594e-03 2.278832564441760766e+01 -1.436633885510626429e-01 -1.746557401200986293e-02 9.894724778964072431e-01 1.953639773949662413e+02
9.850714719067510394e-01 6.243071198605972677e-02 1.604263115463993861e-01 4.709841044397722953e+02 -6.453047252037878712e-02 9.978844107534686758e-01 7.907015333908700913e-03 2.278832564441760766e+01 -1.595932747698513288e-01 -1.814136092215357099e-02 9.870161486379670501e-01 1.953639773949662413e+02
9.822075156601351997e-01 6.302812031521902447e-02 1.769063374508587361e-01 4.709841044397722953e+02 -6.547670063256399997e-02 9.978217735808001532e-01 8.031801935487976885e-03 2.278832564441760766e+01 -1.760147660141623827e-01 -1.947213952260339054e-02 9.841949186657033000e-01 1.953639773949662413e+02
9.791437937824588600e-01 6.134319541645096019e-02 1.936864566080815087e-01 4.709841044397722953e+02 -6.426644359161048925e-02 9.978936246711754832e-01 8.839574011241267681e-03 2.278832564441760766e+01 -1.927362325183862024e-01 -2.110275377085006274e-02 9.810236584598273080e-01 1.953639773949662413e+02
9.755973943731118814e-01 5.973933550591518926e-02 2.112840171089809260e-01 4.709841044397722953e+02 -6.348441019628327242e-02 9.979224210412043217e-01 1.098049385418699460e-02 2.278832564441760766e+01 -2.101890904743307087e-01 -2.412578240313913505e-02 9.773630302344203935e-01 1.953639773949662413e+02
9.710922591979950225e-01 5.964479051071937959e-02 2.311326958495226180e-01 4.709841044397722953e+02 -6.393036235643123621e-02 9.978927441618248295e-01 1.108963110967299028e-02 2.278832564441760766e+01 -2.299842014024242043e-01 -2.554545192604279827e-02 9.728590324354202679e-01 1.953639773949662413e+02
9.655633612347951367e-01 6.107576755339750446e-02 2.528975010922987487e-01 4.709841044397722953e+02 -6.568907487268783874e-02 9.977917166496017565e-01 9.830342201656367546e-03 2.278832564441760766e+01 -2.517386360560019964e-01 -2.610442114268657007e-02 9.674431344081509954e-01 1.953639773949662413e+02
9.593982502125926182e-01 6.125654144371056598e-02 2.753227807853393383e-01 4.709841044397722953e+02 -6.625161223766072582e-02 9.977635217564425618e-01 8.870091774148769481e-03 2.278832564441760766e+01 -2.741636762317861686e-01 -2.675052864012753689e-02 9.613109215298371035e-01 1.953639773949662413e+02
9.518303353747654683e-01 6.178016793767033416e-02 3.003368500699774568e-01 4.709841044397722953e+02 -6.756833692044506012e-02 9.976748308324376868e-01 8.913572194237688248e-03 2.278832564441760766e+01 -2.990878340992292328e-01 -2.877746988618123947e-02 9.537915520284190318e-01 1.953639773949662413e+02
9.431522824539788630e-01 6.435332183169506504e-02 3.260711917221107425e-01 4.709841044397722953e+02 -7.109209382136402744e-02 9.974311197973383392e-01 8.779262834192919085e-03 2.278832564441760766e+01 -3.246685791664256082e-01 -3.146126553468413245e-02 9.453044496208663494e-01 1.953639773949662413e+02
9.330572152777673045e-01 6.600218183257115789e-02 3.536211885781727626e-01 4.709841044397722953e+02 -7.384918007521036609e-02 9.972312354932379996e-01 8.727059002848612523e-03 2.278832564441760766e+01 -3.520660898472310341e-01 -3.425748020448157738e-02 9.353480065888416517e-01 1.953639773949662413e+02
9.215348292598234403e-01 6.657830273877489435e-02 3.825452758373750761e-01 4.709841044397722953e+02 -7.558159996608297682e-02 9.971030777957948787e-01 8.536626775820814125e-03 2.278832564441760766e+01 -3.808687178118418393e-01 -3.678018290556574199e-02 9.238973091950185568e-01 1.953639773949662413e+02
9.087900613754813506e-01 6.360228460115388560e-02 4.123777076160449195e-01 4.709841044397722953e+02 -7.408203812966535073e-02 9.972072972891066200e-01 9.458216528481397725e-03 2.278832564441760766e+01 -4.106244950946123518e-01 -3.914531423885660166e-02 9.109638677804048346e-01 1.953639773949662413e+02
8.928297381691551182e-01 6.005418456343095818e-02 4.463726621974296038e-01 4.709841044397722953e+02 -7.199862241187997280e-02 9.973563067328786724e-01 9.828315772980383488e-03 2.278832564441760766e+01 -4.446023583063757334e-01 -4.091322935877184097e-02 8.947931887603104428e-01 1.953639773949662413e+02
8.751230877104907435e-01 5.685727089251159383e-02 4.805484700867477810e-01 4.709841044397722953e+02 -6.991896923559035026e-02 9.975092648996782829e-01 9.306136702480727677e-03 2.278832564441760766e+01 -4.788224296094441557e-01 -4.174346878193588989e-02 8.769187896931844861e-01 1.953639773949662413e+02
8.553701957555943647e-01 5.538700846774232550e-02 5.150476749836190304e-01 4.709841044397722953e+02 -6.865319512916367994e-02 9.976178522023515516e-01 6.734965902892729207e-03 2.278832564441760766e+01 -5.134477256854826921e-01 -4.112055763423690113e-02 8.571350726275608345e-01 1.953639773949662413e+02
8.338083505675911722e-01 5.447533730255025436e-02 5.493596928693691428e-01 4.709841044397722953e+02 -6.816731195805446342e-02 9.976636040101056757e-01 4.533300560216360804e-03 2.278832564441760766e+01 -5.478292180088315533e-01 -4.122827742374827326e-02 8.355736813929109941e-01 1.953639773949662413e+02
8.094425998805530043e-01 5.510883317432298950e-02 5.846072989663890773e-01 4.709841044397722953e+02 -6.921753751508233354e-02 9.975999699936530796e-01 1.797879028038251465e-03 2.278832564441760766e+01 -5.831051448915203217e-01 -4.192035752252293301e-02 8.113144110800833975e-01 1.953639773949662413e+02
7.820503184930264196e-01 5.840274383149242354e-02 6.204727382068533359e-01 4.709841044397722953e+02 -7.323283680130882045e-02 9.973136352126896753e-01 -1.569914925163831991e-03 2.278832564441760766e+01 -6.188976094306639641e-01 -4.421122630953239901e-02 7.842264446632849495e-01 1.953639773949662413e+02
7.516027889793193140e-01 6.242686232609315211e-02 6.566552630251497602e-01 4.709841044397722953e+02 -7.829581364643702079e-02 9.969168272468097447e-01 -5.158014888100908614e-03 2.278832564441760766e+01 -6.549526800952514272e-01 -4.753657972827586564e-02 7.541732297183348921e-01 1.953639773949662413e+02
7.164758359522840347e-01 6.308689583626765629e-02 6.947534959035613911e-01 4.709841044397722953e+02 -8.191808331635953844e-02 9.966208933104840906e-01 -6.018524966742689296e-03 2.278832564441760766e+01 -6.927855397756590428e-01 -5.260074705501362191e-02 7.192227452514300401e-01 1.953639773949662413e+02
6.780435037258304432e-01 5.948570038385337516e-02 7.326107141620589180e-01 4.709841044397722953e+02 -8.246109348430491481e-02 9.965836667355402190e-01 -4.600354041455779856e-03 2.278832564441760766e+01 -7.303815270915426927e-01 -5.729264041547331432e-02 6.806323370496363268e-01 1.953639773949662413e+02
6.383679412256955121e-01 5.624949058288376824e-02 7.676733461729879915e-01 4.709841044397722953e+02 -8.363817156357269966e-02 9.964901648741419926e-01 -3.465193587044089647e-03 2.278832564441760766e+01 -7.651738546714534905e-01 -6.199472653588888882e-02 6.408319795460978296e-01 1.953639773949662413e+02
5.962826345821301555e-01 5.393616319505365603e-02 8.009606170065974862e-01 4.709841044397722953e+02 -8.554130486072862583e-02 9.963287892888702535e-01 -3.410102181143292565e-03 2.278832564441760766e+01 -7.982040496380101713e-01 -6.648183160803287917e-02 5.987073251660806061e-01 1.953639773949662413e+02
5.505345677369850588e-01 5.089683868672922884e-02 8.332593843085995822e-01 4.709841044397722953e+02 -8.627601962705599981e-02 9.962638302534086998e-01 -3.850839662660671993e-03 2.278832564441760766e+01 -8.303421813710079036e-01 -6.977028264593065909e-02 5.528688537940474879e-01 1.953639773949662413e+02
5.011349888568488176e-01 4.622659360430986242e-02 8.641335689505332818e-01 4.709841044397722953e+02 -8.815828596959732200e-02 9.961041346969753407e-01 -2.160892056840705081e-03 2.278832564441760766e+01 -8.608669116410210265e-01 -7.509763567064491052e-02 5.032578917000013474e-01 1.953639773949662413e+02
4.527255588557849153e-01 4.282557647428839043e-02 8.906208724021459355e-01 4.709841044397722953e+02 -9.130698345124978188e-02 9.958217071762576200e-01 -1.470472572123606965e-03 2.278832564441760766e+01 -8.869625714379107961e-01 -8.065418474076449518e-02 4.547442131045235647e-01 1.953639773949662413e+02
4.033584864306167250e-01 4.148809707728145363e-02 9.141010169698452481e-01 4.709841044397722953e+02 -9.621371634511118043e-02 9.953569809124347412e-01 -2.720539640200540267e-03 2.278832564441760766e+01 -9.099696985127938564e-01 -8.685170320596956317e-02 4.054774092828822285e-01 1.953639773949662413e+02
3.531953662231459012e-01 4.224651211373808141e-02 9.345952415311772343e-01 4.709841044397722953e+02 -1.009053668707388246e-01 9.948725301595966464e-01 -6.837811821885358445e-03 2.278832564441760766e+01 -9.300920063172137819e-01 -9.189059227175552791e-02 3.556472674389143385e-01 1.953639773949662413e+02
3.044642118345605719e-01 3.725236187107845709e-02 9.517950437184383716e-01 4.709841044397722953e+02 -1.012030073506526157e-01 9.948441410427097953e-01 -6.564018294035314782e-03 2.278832564441760766e+01 -9.471322479016033302e-01 -9.432601214939188849e-02 3.066644883530686427e-01 1.953639773949662413e+02
2.571831002674627720e-01 2.446486533673797314e-02 9.660529609192598510e-01 4.709841044397722953e+02 -1.001605344035789713e-01 9.949702073339243835e-01 1.467605486680001285e-03 2.278832564441760766e+01 -9.611580100507962632e-01 -9.713782415686794680e-02 2.583399365821397731e-01 1.953639773949662413e+02
2.138217824618962870e-01 9.479373116194542842e-03 9.768266923206692098e-01 4.709841044397722953e+02 -1.008856700750722368e-01 9.948203827155290835e-01 1.242930839667728306e-02 2.278832564441760766e+01 -9.716492818493317474e-01 -1.012054722781344923e-01 2.136706003703804368e-01 1.953639773949662413e+02
1.716814608011677512e-01 -1.702470233681312346e-03 9.851510430448102706e-01 4.709841044397722953e+02 -9.924360547489319284e-02 9.948814803061341028e-01 1.901438708471883676e-02 2.278832564441760766e+01 -9.801408994575840916e-01 -1.010343592000634283e-01 1.706337465787823027e-01 1.953639773949662413e+02
1.322843475673772529e-01 -5.243912347705706987e-03 9.911979382403696137e-01 4.709841044397722953e+02 -9.744863522005051126e-02 9.950728502564830658e-01 1.826981598639364560e-02 2.278832564441760766e+01 -9.864099628868435721e-01 -9.900769700238953863e-02 1.311215506766929273e-01 1.953639773949662413e+02
9.989027779627994430e-02 -1.592145864294979007e-02 9.948710668003462043e-01 4.709841044397722953e+02 -9.473894102439379961e-02 9.951770739435747970e-01 2.543864286218895654e-02 2.278832564441760766e+01 -9.904778975097625615e-01 -9.679410442673976045e-02 9.790013224131695335e-02 1.953639773949662413e+02
7.106765288754331167e-02 -2.406545434890457885e-02 9.971811483476974436e-01 4.709841044397722953e+02 -9.613595596201769677e-02 9.948896613236539732e-01 3.086162281156001538e-02 2.278832564441760766e+01 -9.928279139328860525e-01 -9.805822606122839569e-02 6.839091765286364755e-02 1.953639773949662413e+02
4.618290778559897003e-02 -3.245726116226990698e-02 9.984055614960820613e-01 4.709841044397722953e+02 -9.755097037001185523e-02 9.945482942707736251e-01 3.684424708082705002e-02 2.278832564441760766e+01 -9.941584115262201982e-01 -9.909700581212475823e-02 4.276489484070042368e-02 1.953639773949662413e+02
2.594278211413571233e-02 -3.727765750761514313e-02 9.989681417877747105e-01 4.709841044397722953e+02 -9.866034242084088801e-02 9.943302696712683630e-01 3.966675747844906202e-02 2.278832564441760766e+01 -9.947829456165713236e-01 -9.958760498273241946e-02 2.211786708122421771e-02 1.953639773949662413e+02
8.713353209755473477e-03 -4.047782880133858618e-02 9.991424437243006107e-01 4.709841044397722953e+02 -9.715556936157819512e-02 9.944188306426599011e-01 4.113374047301161796e-02 2.278832564441760766e+01 -9.952310650386024804e-01 -9.743066580293462120e-02 4.732076006107772265e-03 1.953639773949662413e+02
-6.099461079756409408e-03 -4.075579588078412363e-02 9.991505200302186473e-01 4.709841044397722953e+02 -9.742429901867900865e-02 9.944400394230131779e-01 3.996891233275948196e-02 2.278832564441760766e+01 -9.952242473609940188e-01 -9.709775020292063519e-02 -1.003615316124509618e-02 1.953639773949662413e+02
-1.788592728874270274e-02 -4.195374706543163190e-02 9.989594469808009691e-01 4.709841044397722953e+02 -9.652676451652696110e-02 9.945247325664207105e-01 4.003923133189875305e-02 2.278832564441760766e+01 -9.951696726372816215e-01 -9.571018451997814758e-02 -2.183765651710939740e-02 1.953639773949662413e+02
-2.697777387026185567e-02 -4.718877785309141815e-02 9.985216166722351572e-01 4.709841044397722953e+02 -9.366592060088045624e-02 9.946098848746558474e-01 4.447327543144990319e-02 2.278832564441760766e+01 -9.952381097179689995e-01 -9.232765649762667004e-02 -3.125234088291517498e-02 1.953639773949662413e+02
-3.337234900856846098e-02 -5.177226528744035411e-02 9.981011566312578687e-01 4.709841044397722953e+02 -9.179877501870983836e-02 9.945947395470595698e-01 4.852101575986194487e-02 2.278832564441760766e+01 -9.952182028212284148e-01 -9.000520325132037314e-02 -3.794459330358073562e-02 1.953639773949662413e+02
-3.852766590368639915e-02 -5.130264812453508988e-02 9.979397062224856230e-01 4.709841044397722953e+02 -9.251571944747746801e-02 9.945748280872730440e-01 4.755789093593892902e-02 2.278832564441760766e+01 -9.949655575019321629e-01 -9.049281535331561710e-02 -4.306494809356428699e-02 1.953639773949662413e+02
-4.198744361560251964e-02 -4.929432693094471657e-02 9.979013598102011162e-01 4.709841044397722953e+02 -9.512392084721967012e-02 9.944423214827837754e-01 4.512104748974212626e-02 2.278832564441760766e+01 -9.945795565269173188e-01 -9.302977252656784157e-02 -4.644316055542277444e-02 1.953639773949662413e+02
-4.498783178417226081e-02 -4.702092503960816211e-02 9.978803172724549642e-01 4.709841044397722953e+02 -1.015853327554139818e-01 9.939290424285712744e-01 4.225492617415080310e-02 2.278832564441760766e+01 -9.938090939211272623e-01 -9.946904656942694156e-02 -4.949134888279534822e-02 1.953639773949662413e+02
-4.628178139259898211e-02 -4.661983802547230160e-02 9.978399608221766304e-01 4.709841044397722953e+02 -1.078283382415048813e-01 9.933068659167192394e-01 4.140675783936812598e-02 2.278832564441760766e+01 -9.930916605143779163e-01 -1.056790462919275919e-01 -5.099895088749950567e-02 1.953639773949662413e+02
-4.674122063514644931e-02 -4.902024044748196779e-02 9.977035002043459500e-01 4.709841044397722953e+02 -1.104894978594055249e-01 9.929201041863481292e-01 4.360891612200534784e-02 2.278832564441760766e+01 -9.927775829239467997e-01 -1.081974247800331218e-01 -5.182651941483578523e-02 1.953639773949662413e+02
-4.629618334901985932e-02 -5.234813404424151079e-02 9.975551795612092043e-01 4.709841044397722953e+02 -1.083674853795578430e-01 9.929954698472273078e-01 4.707956005936750343e-02 2.278832564441760766e+01 -9.930323013476582972e-01 -1.059229423919037516e-01 -5.164473598747929689e-02 1.953639773949662413e+02
-4.623727986881619872e-02 -5.350204568707803143e-02 9.974966892464480761e-01 4.709841044397722953e+02 -1.007169153638705350e-01 9.937258708746797842e-01 4.863122982133694094e-02 2.278832564441760766e+01 -9.938401364957648587e-01 -9.821621384296363999e-02 -5.133574221177466396e-02 1.953639773949662413e+02
-4.366024017337682972e-02 -5.433319577416188123e-02 9.975678860433333517e-01 4.709841044397722953e+02 -9.239567999265578535e-02 9.944601631086938953e-01 5.012007889572073216e-02 2.278832564441760766e+01 -9.947647067255142028e-01 -8.998270848771615371e-02 -4.843852213390847927e-02 1.953639773949662413e+02
-4.105919081880394367e-02 -5.521214816119641988e-02 9.976300724941721265e-01 4.709841044397722953e+02 -9.161489151096478822e-02 9.944739392240007358e-01 5.126690801794343832e-02 2.278832564441760766e+01 -9.949476642028665108e-01 -8.929279310063267805e-02 -4.589055019880085989e-02 1.953639773949662413e+02
-3.926606080064371646e-02 -5.423982409763696000e-02 9.977555902880490546e-01 4.709841044397722953e+02 -9.525731449800062256e-02 9.941812128008875593e-01 5.029672104991626813e-02 2.278832564441760766e+01 -9.946779481338821061e-01 -9.306856394938987920e-02 -4.420431993108185631e-02 1.953639773949662413e+02
-3.747133060149103467e-02 -5.334591013390317660e-02 9.978727941250502553e-01 4.709841044397722953e+02 -1.022213383222229793e-01 9.935404854985248058e-01 4.927577160184559713e-02 2.278832564441760766e+01 -9.940556812244313312e-01 -1.001574637624643299e-01 -4.268237432598541437e-02 1.953639773949662413e+02
-3.396247769634794245e-02 -5.149998817833854881e-02 9.980953367922080766e-01 4.709841044397722953e+02 -1.030951886153878283e-01 9.935244024760135906e-01 4.775608619878721900e-02 2.278832564441760766e+01 -9.940915109752639367e-01 -1.012769119903424719e-01 -3.905195135480473562e-02 1.953639773949662413e+02
-2.917505171859080884e-02 -5.878126035906870717e-02 9.978444667320718331e-01 4.709841044397722953e+02 -9.820918094635570916e-02 9.936080178903250459e-01 5.566025118424774293e-02 2.278832564441760766e+01 -9.947380424690029921e-01 -9.637359708264146840e-02 -3.476142474481364042e-02 1.953639773949662413e+02
-2.594016637927020613e-02 -6.031882196976751098e-02 9.978420453580771898e-01 4.709841044397722953e+02 -9.204037936791747976e-02 9.940821962597284900e-01 5.769883573550058098e-02 2.278832564441760766e+01 -9.954173377704579329e-01 -9.034504300514889508e-02 -3.133842482276926605e-02 1.953639773949662413e+02
-2.474687376442971307e-02 -5.377500050352652938e-02 9.982463831939129006e-01 4.709841044397722953e+02 -9.226973294147487736e-02 9.944126643738787630e-01 5.128108146032180070e-02 2.278832564441760766e+01 -9.954264857948057488e-01 -9.083888073769549876e-02 -2.957040961039728022e-02 1.953639773949662413e+02
-2.227336989087240829e-02 -4.904346121931176666e-02 9.985482641842251539e-01 4.709841044397722953e+02 -9.609314808446027534e-02 9.942766863215805051e-01 4.669023376021166905e-02 2.278832564441760766e+01 -9.951231099140059877e-01 -9.491369737290500375e-02 -2.685863298983192163e-02 1.953639773949662413e+02
-1.776847923274522609e-02 -5.356248031556443828e-02 9.984064011454428789e-01 4.709841044397722953e+02 -1.005794326485814488e-01 9.935945103068036799e-01 5.151433602658832961e-02 2.278832564441760766e+01 -9.947703548426869435e-01 -9.950381797004555218e-02 -2.304194730354500523e-02 1.953639773949662413e+02
-1.392970622001602106e-02 -5.783897312620837894e-02 9.982287395543791853e-01 4.709841044397722953e+02 -9.955913787332675013e-02 9.934448292838885530e-01 5.617249536039115032e-02 2.278832564441760766e+01 -9.949341392024622088e-01 -9.860032635239814047e-02 -1.959679291764095457e-02 1.953639773949662413e+02
