1.000000000000000000e+00 0.000000000000000000e+00 0.000000000000000000e+00 4.845306889036672828e+02 0.000000000000000000e+00 1.000000000000000000e+00 0.000000000000000000e+00 1.205922270659739581e+01 0.000000000000000000e+00 0.000000000000000000e+00 1.000000000000000000e+00 1.807026556083055766e+02
9.999973044141755585e-01 -2.304313208041759275e-03 2.851403548854465207e-04 4.845306889036672828e+02 2.304745462834013273e-03 9.999961812397756278e-01 -1.525009579416266615e-03 1.205922270659739581e+01 -2.816251662865618057e-04 1.525662644561255176e-03 9.999987965196561746e-01 1.807026556083055766e+02
9.999924849525356763e-01 -3.799074696495079433e-03 -7.727029850123932680e-04 4.845306889036672828e+02 3.800565228677531878e-03 9.999909023076467562e-01 1.936751373051314026e-03 1.205922270659739581e+01 7.653380920635940088e-04 -1.939673526369753171e-03 9.999978259597447350e-01 1.807026556083055766e+02
9.999842976338851885e-01 -5.144081419784635005e-03 -2.223266068612785376e-03 4.845306889036672828e+02 5.161626270060257031e-03 9.999550039182850680e-01 7.959130167959103247e-03 1.205922270659739581e+01 2.182223616736442794e-03 -7.970480859328337928e-03 9.999658540845071109e-01 1.807026556083055766e+02
9.999605159480592365e-01 -7.647537752539792025e-03 -4.525672459912579056e-03 4.845306889036672828e+02 7.682185475313864885e-03 9.999409329304916882e-01 7.688606923272081790e-03 1.205922270659739581e+01 4.466606229992655698e-03 -7.723070401154543026e-03 9.999602010142029096e-01 1.807026556083055766e+02
9.999247042869331414e-01 -9.905144092535246234e-03 -7.243885504007886028e-03 4.845306889036672828e+02 9.943713227128489485e-03 9.999364724781201197e-01 5.307878603556637209e-03 1.205922270659739581e+01 7.190850015519121945e-03 -5.379510063154321724e-03 9.999596754607331661e-01 1.807026556083055766e+02
9.999144741042489404e-01 -9.666168826457426089e-03 -8.809634330744027866e-03 4.845306889036672828e+02 9.679695669857794546e-03 9.999520344030717878e-01 1.494116761401064570e-03 1.205922270659739581e+01 8.794769386512491308e-03 -1.579263555011027175e-03 9.999600781821552653e-01 1.807026556083055766e+02
9.999178404099373640e-01 -8.050363630601796092e-03 -9.975172947973114101e-03 4.845306889036672828e+02 8.064741948697226950e-03 9.999664965710437503e-01 1.402024512445182837e-03 1.205922270659739581e+01 9.963551938330723196e-03 -1.482356518405015524e-03 9.999492638388832733e-01 1.807026556083055766e+02
9.999095701036233574e-01 -6.565501884005846452e-03 -1.173651567537571140e-02 4.845306889036672828e+02 6.607302580007043055e-03 9.999719537284907922e-01 3.526373355324548178e-03 1.205922270659739581e+01 1.171303409896241529e-02 -3.603601176049648063e-03 9.999249066258728558e-01 1.807026556083055766e+02
9.998825481628658141e-01 -6.792935374513773238e-03 -1.373848275219078860e-02 4.845306889036672828e+02 6.869113162629995016e-03 9.999612528332290085e-01 5.505280788269774524e-03 1.205922270659739581e+01 1.370055340829514148e-02 -5.599005375634895365e-03 9.998904669888147856e-01 1.807026556083055766e+02
9.998686971542352087e-01 -5.691697838453461077e-03 -1.517211345885327578e-02 4.845306889036672828e+02 5.792183492880000062e-03 9.999615279430106307e-01 6.587354876127845746e-03 1.205922270659739581e+01 1.513403652293005518e-02 -6.674369602815023901e-03 9.998631975070028099e-01 1.807026556083055766e+02
9.998628596050628259e-01 -5.676784047304910680e-03 -1.555750961005857545e-02 4.845306889036672828e+02 5.793236726112532299e-03 9.999554633369885925e-01 7.450486611186315188e-03 1.205922270659739581e+01 1.551452192695673173e-02 -7.539593184549825758e-03 9.998512160036560070e-01 1.807026556083055766e+02
9.998501400159970354e-01 -5.659466932478565866e-03 -1.636056062705984818e-02 4.845306889036672828e+02 5.776328896908959273e-03 9.999580791863067475e-01 7.104498188218680114e-03 1.205922270659739581e+01 1.631966710647780178e-02 -7.197937487353564361e-03 9.998409164269393967e-01 1.807026556083055766e+02
9.998376816699942049e-01 -5.737468885079972762e-03 -1.707898602272336225e-02 4.845306889036672828e+02 5.825907910940380380e-03 9.999698551314450956e-01 5.132993805737551089e-03 1.205922270659739581e+01 1.704902078668692200e-02 -5.231661226535701953e-03 9.998409676598704054e-01 1.807026556083055766e+02
9.998213701125749919e-01 -5.544818822588930968e-03 -1.806883644395285843e-02 4.845306889036672828e+02 5.590065443615523620e-03 9.999813629286167238e-01 2.454580160016391240e-03 1.205922270659739581e+01 1.805488949148541938e-02 -2.555147676850418829e-03 9.998337322704209384e-01 1.807026556083055766e+02
9.997877544675292105e-01 -6.382487001995789874e-03 -1.958851389067588905e-02 4.845306889036672828e+02 6.404964705701712314e-03 9.999788994108317342e-01 1.084970147108723628e-03 1.205922270659739581e+01 1.958117575363038307e-02 -1.210203607149068191e-03 9.998075379608492019e-01 1.807026556083055766e+02
9.997552723068723335e-01 -5.563539442681499254e-03 -2.141127094503287448e-02 4.845306889036672828e+02 5.562628624463866918e-03 9.999845232496558101e-01 -1.020977214873080842e-04 1.205922270659739581e+01 2.141150759283839966e-02 -1.703021329754280357e-05 9.997707472478747359e-01 1.807026556083055766e+02
9.997544255501045196e-01 -4.669556277526661428e-03 -2.166296002746835245e-02 4.845306889036672828e+02 4.611851619681998568e-03 9.999856852810524721e-01 -2.712942613055641279e-03 1.205922270659739581e+01 2.167531816649334586e-02 2.612370026376048624e-03 9.997616496471680714e-01 1.807026556083055766e+02
9.997773419544966345e-01 -3.074375714484008700e-03 -2.087617609544495725e-02 4.845306889036672828e+02 3.004699885148366060e-03 9.999898137104061835e-01 -3.368123220295323860e-03 1.205922270659739581e+01 2.088631832090149729e-02 3.304646636645750066e-03 9.997763955093185162e-01 1.807026556083055766e+02
9.997202638667924690e-01 -3.097015520541155590e-03 -2.344786789831360824e-02 4.845306889036672828e+02 3.007509183854706423e-03 9.999880601489889997e-01 -3.851551371914918934e-03 1.205922270659739581e+01 2.345951624864135374e-02 3.779954275781290899e-03 9.997176416584100389e-01 1.807026556083055766e+02
9.997032038686455291e-01 -2.296720641872592329e-03 -2.425343788123418207e-02 4.845306889036672828e+02 2.229944859617933456e-03 9.999936496271463193e-01 -2.779937283937575394e-03 1.205922270659739581e+01 2.425966860220377802e-02 2.725028380174965726e-03 9.997019769409475343e-01 1.807026556083055766e+02
9.996747098660770936e-01 -1.700415438036658854e-03 -2.544765296668534058e-02 4.845306889036672828e+02 1.637542731917375743e-03 9.999955559205655486e-01 -2.491303457948262912e-03 1.205922270659739581e+01 2.545177612615486321e-02 2.448821442352825273e-03 9.996730517352000467e-01 1.807026556083055766e+02
9.996372630462930786e-01 -2.321858366464013210e-03 -2.683190830042825326e-02 4.845306889036672828e+02 2.239196839034495682e-03 9.999926558229402795e-01 -3.110353307571962853e-03 1.205922270659739581e+01 2.683893304199268248e-02 3.049143143236631142e-03 9.996351206311530069e-01 1.807026556083055766e+02
9.996760107191723366e-01 -1.937286564271039485e-03 -2.537952941583578037e-02 4.845306889036672828e+02 1.882075809011179426e-03 9.999958108411112212e-01 -2.199111383508364076e-03 1.205922270659739581e+01 2.538368340589113384e-02 2.150632696635121528e-03 9.996754690377042118e-01 1.807026556083055766e+02
9.996615587993314955e-01 -1.396959835851597489e-03 -2.597722776025476396e-02 4.845306889036672828e+02 1.346122545929522235e-03 9.999971448873744562e-01 -1.974378684609682036e-03 1.205922270659739581e+01 2.597991172006695881e-02 1.938741941548255496e-03 9.996605851321246350e-01 1.807026556083055766e+02
9.996492391799444155e-01 -7.247516902243218576e-04 -2.647401257736116398e-02 4.845306889036672828e+02 7.080446158862070639e-04 9.999995442526328215e-01 -6.404430871593248765e-04 1.205922270659739581e+01 2.647446467410953866e-02 6.214736627505627539e-04 9.996492967489678527e-01 1.807026556083055766e+02
9.996276136134238932e-01 -2.133927639431521493e-03 -2.720441975784991875e-02 4.845306889036672828e+02 2.217217651961953234e-03 9.999929459261008846e-01 3.031838373256681447e-03 1.205922270659739581e+01 2.719775813215957044e-02 -3.091027477618673875e-03 9.996252935483961322e-01 1.807026556083055766e+02
9.996314447886260890e-01 -2.757241275971568199e-03 -2.700689190466662795e-02 4.845306889036672828e+02 2.890199497308525503e-03 9.999838900438345890e-01 4.885324929360417533e-03 1.205922270659739581e+01 2.699298680528009961e-02 -4.961579722805184445e-03 9.996233097472188023e-01 1.807026556083055766e+02
9.996235208862980226e-01 -3.166703143062850508e-03 -2.725414614484983691e-02 4.845306889036672828e+02 3.240099267631090223e-03 9.999912414815973483e-01 2.649286098036736977e-03 1.205922270659739581e+01 2.724551793629573920e-02 -2.736594836118448528e-03 9.996250260978292168e-01 1.807026556083055766e+02
9.995887067974146278e-01 -2.267581681352229261e-03 -2.858802750087946487e-02 4.845306889036672828e+02 2.285712920418000570e-03 9.999972068158248240e-01 6.015621277572752836e-04 1.205922270659739581e+01 2.858658355799233858e-02 -6.666587331712261902e-04 9.995910978028041960e-01 1.807026556083055766e+02
9.995725671632804676e-01 -2.579808518517787141e-03 -2.912091280536243179e-02 4.845306889036672828e+02 2.550959884960152246e-03 9.999962181517798587e-01 -1.027757657646427352e-03 1.205922270659739581e+01 2.912345409245032865e-02 9.530320798954517239e-04 9.995753679195878982e-01 1.807026556083055766e+02
9.995598998547466918e-01 -4.701196837007746141e-04 -2.966117984592502727e-02 4.845306889036672828e+02 4.208527424988571454e-04 9.999985216431072077e-01 -1.667211614885809410e-03 1.205922270659739581e+01 2.966191978511239710e-02 1.653994885928014970e-03 9.995586199996370214e-01 1.807026556083055766e+02
9.995183423318206861e-01 -8.039566664972048506e-04 -3.102316869580036551e-02 4.845306889036672828e+02 7.347504610167652876e-04 9.999972165015862391e-01 -2.242126410236541020e-03 1.205922270659739581e+01 3.102488491533414092e-02 2.218252185356577293e-03 9.995161508816314822e-01 1.807026556083055766e+02
9.994460503718800570e-01 -1.846895838111030916e-04 -3.327999828436976198e-02 4.845306889036672828e+02 7.175338600438473536e-05 9.999942354894526542e-01 -3.394678087354776122e-03 1.205922270659739581e+01 3.328043340315174625e-02 3.390409654127568995e-03 9.994403023066837921e-01 1.807026556083055766e+02
9.993907539394084605e-01 4.616712235226433521e-04 -3.489853578737779627e-02 4.845306889036672828e+02 -5.905984226091630634e-04 9.999930391814018105e-01 -3.684125709947133967e-03 1.205922270659739581e+01 3.489659201017669687e-02 3.702492191059012297e-03 9.993840700239574604e-01 1.807026556083055766e+02
9.993086717560711874e-01 5.148283419294945768e-05 -3.717762637172161017e-02 4.845306889036672828e+02 -1.730860694054965707e-04 9.999946462045491424e-01 -3.267660241082544041e-03 1.205922270659739581e+01 3.717725910190426003e-02 3.271836144484820998e-03 9.993033305728112881e-01 1.807026556083055766e+02
9.992960430470129163e-01 -4.085982865329226398e-04 -3.751334959749057230e-02 4.845306889036672828e+02 3.938206884289599638e-04 9.999998419247239090e-01 -4.013175706263676025e-04 1.205922270659739581e+01 3.751350764522917020e-02 3.862615271684032708e-04 9.992960459974730147e-01 1.807026556083055766e+02
9.992242781612704627e-01 1.204657862094362731e-03 -3.936230090485258459e-02 4.845306889036672828e+02 -1.177266456399608590e-03 9.999990485044243371e-01 7.190507190314191985e-04 1.205922270659739581e+01 3.936312966189933066e-02 -6.721530191835271492e-04 9.992247456070826317e-01 1.807026556083055766e+02
9.991324874986743376e-01 3.625064957589635949e-03 -4.148651984398812886e-02 4.845306889036672828e+02 -3.627658846061516604e-03 9.999934199426123715e-01 1.275830785915937276e-05 1.205922270659739581e+01 4.148629311000147368e-02 1.377517008367483658e-04 9.991390636485292243e-01 1.807026556083055766e+02
9.990519109444780943e-01 6.866287503582636960e-03 -4.298992130844028758e-02 4.845306889036672828e+02 -6.917419039217404669e-03 9.999755327907590141e-01 -1.040737081681732470e-03 1.205922270659739581e+01 4.298172346502190239e-02 1.337129670398370549e-03 9.990749639202358701e-01 1.807026556083055766e+02
9.989840675453367513e-01 8.795883892360705295e-03 -4.419802277395920576e-02 4.845306889036672828e+02 -8.857732509556282691e-03 9.999600450413034247e-01 -1.203700869472834915e-03 1.205922270659739581e+01 4.418566923069577185e-02 1.593972253876831807e-03 9.990220647648825336e-01 1.807026556083055766e+02
9.988462936878516052e-01 9.263267542264773391e-03 -4.711977780596855042e-02 4.845306889036672828e+02 -9.184225115845219556e-03 9.999560309757766774e-01 1.893706469508438846e-03 1.205922270659739581e+01 4.713524790499036554e-02 -1.458763041622593033e-03 9.988874513253849230e-01 1.807026556083055766e+02
9.987546804813883794e-01 1.006606951447291259e-02 -4.886473637553890442e-02 4.845306889036672828e+02 -9.920107819507324037e-03 9.999455821267426714e-01 3.228660102705738395e-03 1.205922270659739581e+01 4.889457717754050470e-02 -2.739895935843732807e-03 9.988001868706724018e-01 1.807026556083055766e+02
9.986867110776389556e-01 1.231800957470359330e-02 -4.973047111225951944e-02 4.845306889036672828e+02 -1.219053933931598006e-02 9.999215861007835215e-01 2.865728582713908054e-03 1.205922270659739581e+01 4.976187162423009736e-02 -2.255723788655024376e-03 9.987585633388295081e-01 1.807026556083055766e+02
9.986711895914099912e-01 1.630802071945388135e-02 -4.888663969115902147e-02 4.845306889036672828e+02 -1.630552494005387681e-02 9.998669548825647180e-01 4.498780907235479958e-04 1.205922270659739581e+01 4.888747218366503583e-02 3.478420346856172336e-04 9.988042321042747140e-01 1.807026556083055766e+02
9.987088691343480873e-01 1.848805969061135743e-02 -4.731581512844498794e-02 4.845306889036672828e+02 -1.864681358868527927e-02 9.998218808676865299e-01 -2.915970025649776507e-03 1.205922270659739581e+01 4.725347664861934832e-02 3.794494311243145224e-03 9.988757233798105650e-01 1.807026556083055766e+02
9.987861847407375482e-01 1.907633947387584600e-02 -4.541200769972791179e-02 4.845306889036672828e+02 -1.932228010911931498e-02 9.998008900848699421e-01 -4.982938579441708281e-03 1.205922270659739581e+01 4.530790949081001801e-02 5.854353745649631090e-03 9.989559148830307045e-01 1.807026556083055766e+02
9.988992720875135012e-01 2.075941366892526327e-02 -4.206294054342316763e-02 4.845306889036672828e+02 -2.092819007280162860e-02 9.997745859196217610e-01 -3.576060615435497966e-03 1.205922270659739581e+01 4.197922204274158464e-02 4.452425560413050473e-03 9.991085630817677643e-01 1.807026556083055766e+02
9.989225121853205769e-01 2.543310137565705023e-02 -3.881973729670271100e-02 4.845306889036672828e+02 -2.549343454870599962e-02 9.996744277162259440e-01 -1.059889214401494445e-03 1.205922270659739581e+01 3.878014239633866683e-02 2.048395628659512198e-03 9.992456678070050780e-01 1.807026556083055766e+02
9.989377887564371283e-01 3.036752960678352348e-02 -3.465699554177250480e-02 4.845306889036672828e+02 -3.031167166497037921e-02 9.995382131209774590e-01 2.136134779973866780e-03 1.205922270659739581e+01 3.470586053213989969e-02 -1.083354283836267555e-03 9.993969829793457604e-01 1.807026556083055766e+02
9.988960284285590685e-01 3.588691203311691891e-02 -3.031260355661138592e-02 4.845306889036672828e+02 -3.582324780037572654e-02 9.993546520468675753e-01 2.640899338627954174e-03 1.205922270659739581e+01 3.038781510220565918e-02 -1.552087952152035990e-03 9.995369786637722243e-01 1.807026556083055766e+02
9.988419339983337641e-01 3.919493933596072954e-02 -2.790246614405616707e-02 4.845306889036672828e+02 -3.906795074907328663e-02 9.992236325410590592e-01 5.082066087530898862e-03 1.205922270659739581e+01 2.807999484931982676e-02 -3.986088546483040722e-03 9.995977315837411004e-01 1.807026556083055766e+02
9.988124007153439399e-01 4.326070228181070482e-02 -2.241204621040080933e-02 4.845306889036672828e+02 -4.310175273487542452e-02 9.990423289390574224e-01 7.527542706970169820e-03 1.205922270659739581e+01 2.271622962628843528e-02 -6.552604528592859655e-03 9.997204790767550975e-01 1.807026556083055766e+02
9.986850886804162775e-01 4.883097155945671786e-02 -1.560864708903209920e-02 4.845306889036672828e+02 -4.869508973023693732e-02 9.987734077833437807e-01 8.970403614680037829e-03 1.205922270659739581e+01 1.602753516778541998e-02 -8.198543858857841593e-03 9.998379378654517202e-01 1.807026556083055766e+02
9.985872018538597406e-01 5.246886282637684001e-02 -8.403494950724408122e-03 4.845306889036672828e+02 -5.239489658141430195e-02 9.985877340980684469e-01 8.792731151803272888e-03 1.205922270659739581e+01 8.852971586021586570e-03 -8.340008548666854454e-03 9.999260318401078651e-01 1.807026556083055766e+02
9.984273944969206394e-01 5.604953097620343772e-02 -1.089952035278913623e-03 4.845306889036672828e+02 -5.603734610785101461e-02 9.983872342856577875e-01 9.096496942429895330e-03 1.205922270659739581e+01 1.598048585155757749e-03 -9.021113721837606056e-03 9.999580319933113470e-01 1.807026556083055766e+02
9.981320700319726846e-01 6.076060918888855078e-02 6.365465001501121114e-03 4.845306889036672828e+02 -6.081571879510937889e-02 9.981097355478544264e-01 8.854611907126058376e-03 1.205922270659739581e+01 -5.815420975679294266e-03 -9.225192441720892617e-03 9.999405365836950832e-01 1.807026556083055766e+02
9.977868254568905693e-01 6.495374394717882971e-02 1.422891745376199564e-02 4.845306889036672828e+02 -6.504994890553082720e-02 9.978614494380052546e-01 6.405612606980152536e-03 1.205922270659739581e+01 -1.378241967324612960e-02 -7.317026221573601392e-03 9.998782456055450574e-01 1.807026556083055766e+02
9.974987729344274578e-01 6.705366390576954216e-02 2.236077259677723972e-02 4.845306889036672828e+02 -6.714375432451051562e-02 9.977378480147136575e-01 3.301953085290322814e-03 1.205922270659739581e+01 -2.208878107824130063e-02 -4.795080372608407845e-03 9.997445138407597964e-01 1.807026556083055766e+02
9.972747242770471088e-01 6.743378395646243417e-02 2.993007015451307554e-02 4.845306889036672828e+02 -6.755613403188652499e-02 9.977106758923409702e-01 3.094505633110346265e-03 1.205922270659739581e+01 -2.965287629904928696e-02 -5.108032082975947491e-03 9.995472049560399919e-01 1.807026556083055766e+02
9.970628735061402015e-01 6.665028447284167268e-02 3.772752119301693574e-02 4.845306889036672828e+02 -6.687570333345842222e-02 9.977500390332940672e-01 4.743407289564344556e-03 1.205922270659739581e+01 -3.732648629774216326e-02 -7.252529817153967502e-03 9.992768056108953800e-01 1.807026556083055766e+02
9.966147665318465521e-01 6.835871485584141261e-02 4.567376964880907192e-02 4.845306889036672828e+02 -6.868238282354922897e-02 9.976231205107382038e-01 5.553351429152648087e-03 1.205922270659739581e+01 -4.518558863569394762e-02 -8.671535370048374936e-03 9.989409727576356035e-01 1.807026556083055766e+02
9.958838185679808053e-01 7.227681151592474373e-02 5.469444607590699670e-02 4.845306889036672828e+02 -7.272697096049582366e-02 9.973320987663323312e-01 6.282711616245535355e-03 1.205922270659739581e+01 -5.409443233245016941e-02 -1.023461222681090917e-02 9.984833724720688641e-01 1.807026556083055766e+02
9.949982844602427434e-01 7.703278849026148900e-02 6.359530972163145168e-02 4.845306889036672828e+02 -7.754866941634309951e-02 9.969723867401406592e-01 5.680136391070771812e-03 1.205922270659739581e+01 -6.296521097344434659e-02 -1.058345761464836270e-02 9.979596047095232736e-01 1.807026556083055766e+02
9.940986057061844683e-01 8.124824604234792691e-02 7.187965392281614463e-02 4.845306889036672828e+02 -8.187136938228543881e-02 9.966262553834044358e-01 5.760725294749999975e-03 1.205922270659739581e+01 -7.116910150122122969e-02 -1.161161468075304695e-02 9.973966760502132045e-01 1.807026556083055766e+02
9.933741760667418319e-01 8.158323423167469779e-02 8.094394490030337730e-02 4.845306889036672828e+02 -8.241632029090030509e-02 9.965734082129372728e-01 6.999442303300027271e-03 1.205922270659739581e+01 -8.009554590257449147e-02 -1.362416731947975121e-02 9.966940782363556961e-01 1.807026556083055766e+02
9.925803470188875322e-01 7.995636673641767778e-02 9.160367967597322914e-02 4.845306889036672828e+02 -8.082434943459496091e-02 9.967114895455921886e-01 5.799236698094501624e-03 1.205922270659739581e+01 -9.083875412147261741e-02 -1.316001618986487216e-02 9.957786574955000969e-01 1.807026556083055766e+02
9.915859029051165008e-01 7.827794359329917628e-02 1.031017007941721492e-01 4.845306889036672828e+02 -7.906889626122938497e-02 9.968626506024288458e-01 3.600760743214706516e-03 1.205922270659739581e+01 -1.024963745889468925e-01 -1.172260127715656422e-02 9.946643020715172367e-01 1.807026556083055766e+02
9.900587184648689254e-01 7.867331461132719139e-02 1.165943547508645067e-01 4.845306889036672828e+02 -7.921079348515785989e-02 9.968578883812531100e-01 -2.382267054827984877e-05 1.205922270659739581e+01 -1.162298764825766967e-01 -9.211945513032527080e-03 9.931796191388088113e-01 1.807026556083055766e+02
9.880038842287230949e-01 8.003467910986919454e-02 1.320710978554282544e-01 4.845306889036672828e+02 -8.051575454445715485e-02 9.967518824054474313e-01 -1.702407510795675254e-03 1.205922270659739581e+01 -1.317783670375932137e-01 -8.951818864138372245e-03 9.912387840071273937e-01 1.807026556083055766e+02
9.855992420383891117e-01 8.152897914111945088e-02 1.481457378852379658e-01 4.845306889036672828e+02 -8.227673671194346561e-02 9.966089318826621968e-01 -1.084199119895912309e-03 1.205922270659739581e+01 -1.477317592442070060e-01 -1.112036204019222103e-02 9.889649462234272326e-01 1.807026556083055766e+02
9.828653861045347773e-01 8.186475929842566834e-02 1.651477943618877842e-01 4.845306889036672828e+02 -8.268919803859756112e-02 9.965735946317603178e-01 -1.888653082051197770e-03 1.205922270659739581e+01 -1.647365452026939847e-01 -1.179964693291996394e-02 9.862670221633382805e-01 1.807026556083055766e+02
9.798123340384180535e-01 8.015048586275211329e-02 1.831493644055428305e-01 4.845306889036672828e+02 -8.119919109773666988e-02 9.966963070240995037e-01 -1.778462705261541193e-03 1.205922270659739581e+01 -1.826868397867315030e-01 -1.312902054555210342e-02 9.830834895308999677e-01 1.807026556083055766e+02
9.757395126985853873e-01 7.987643304256231147e-02 2.038434664224643977e-01 4.845306889036672828e+02 -8.149048028140426503e-02 9.966740058124011759e-01 -4.772435089193334035e-04 1.205922270659739581e+01 -2.032036047471488804e-01 -1.614563663216142184e-02 9.790033776425421941e-01 1.807026556083055766e+02
9.713517897051398009e-01 7.936746070221391280e-02 2.240011312880061389e-01 4.845306889036672828e+02 -8.121159775207284492e-02 9.966963979897155435e-01 -9.831708301243724610e-04 1.205922270659739581e+01 -2.233391524726009991e-01 -1.723648502474362659e-02 9.745883882731271042e-01 1.807026556083055766e+02
9.661544360818042909e-01 8.094228346296701571e-02 2.449366293294110708e-01 4.845306889036672828e+02 -8.289931941145785299e-02 9.965552112254379979e-01 -2.326761813961495534e-03 1.205922270659739581e+01 -2.442812077925150260e-01 -1.805706862208007052e-02 9.695362983365847231e-01 1.807026556083055766e+02
9.601277934407209669e-01 8.099943013457318319e-02 2.675700143523717656e-01 4.845306889036672828e+02 -8.309688359084541065e-02 9.965353444022184703e-01 -3.495038574950668029e-03 1.205922270659739581e+01 -2.669260725372172294e-01 -1.887855066008229526e-02 9.635320815234075242e-01 1.807026556083055766e+02
9.528131508969085450e-01 8.178207488730808439e-02 2.923333571541799070e-01 4.845306889036672828e+02 -8.428678984405646446e-02 9.964333500203753635e-01 -4.039309960286214737e-03 1.205922270659739581e+01 -2.916210495415081372e-01 -2.079113258815230153e-02 9.563079484507125416e-01 1.807026556083055766e+02
9.442936442963646426e-01 8.429502882898282090e-02 3.181255435456467051e-01 4.845306889036672828e+02 -8.775635530763123415e-02 9.961359508291809384e-01 -3.462595668506700686e-03 1.205922270659739581e+01 -3.171881704045933503e-01 -2.464783114928609589e-02 9.480422717236940411e-01 1.807026556083055766e+02
9.342003516820862608e-01 8.667912165333498120e-02 3.460584239495896886e-01 4.845306889036672828e+02 -9.100735527841644079e-02 9.958431381035114383e-01 -3.755739258494241763e-03 1.205922270659739581e+01 -3.449454510532006801e-01 -2.798524899935763560e-02 9.382054474560183044e-01 1.807026556083055766e+02
9.229149394264215545e-01 8.738597667220632248e-02 3.749556049248634060e-01 4.845306889036672828e+02 -9.276943211748636675e-02 9.956807144607565663e-01 -3.707737250063840740e-03 1.205922270659739581e+01 -3.736600688434947304e-01 -3.136249243859640101e-02 9.270353537055172621e-01 1.807026556083055766e+02
9.098070029671762038e-01 8.487406887328909078e-02 4.062605195989116291e-01 4.845306889036672828e+02 -9.172120070498178401e-02 9.957812601227304938e-01 -2.627418813649221637e-03 1.205922270659739581e+01 -4.047696118696689771e-01 -3.487225862025618989e-02 9.137535153889144723e-01 1.807026556083055766e+02
8.952313817057830914e-01 7.999548401639268447e-02 4.383622882344450633e-01 4.845306889036672828e+02 -8.825090874245150596e-02 9.960970750491603409e-01 -1.547315300106771960e-03 1.205922270659739581e+01 -4.367751713585465434e-01 -3.730066508106114759e-02 8.987970349690871386e-01 1.807026556083055766e+02
8.776931902963734933e-01 7.716041600008531620e-02 4.729703308983226884e-01 4.845306889036672828e+02 -8.589559003805385951e-02 9.962991976350646928e-01 -3.139491000130634549e-03 1.205922270659739581e+01 -4.714622056107894421e-01 -3.787055577119358835e-02 8.810727607219452917e-01 1.807026556083055766e+02
8.581714403949671777e-01 7.709098460825869470e-02 5.075418790430574756e-01 4.845306889036672828e+02 -8.453982947858129648e-02 9.963847057023043075e-01 -8.398540007888189579e-03 1.205922270659739581e+01 -5.063544175003922287e-01 -3.570011673175464695e-02 8.615861567731791792e-01 1.807026556083055766e+02
8.364016412167606385e-01 7.695947012444563640e-02 5.426873266698558629e-01 4.845306889036672828e+02 -8.464051593465030110e-02 9.963525354637243758e-01 -1.084472855000309481e-02 1.205922270659739581e+01 -5.415424984543939502e-01 -3.686278656275984722e-02 8.398647851497292871e-01 1.807026556083055766e+02
8.116022431234306556e-01 7.831193694542461226e-02 5.789378546000187864e-01 4.845306889036672828e+02 -8.642234843916554721e-02 9.961658159556499026e-01 -1.359576447548601318e-02 1.205922270659739581e+01 -5.777828109655713806e-01 -3.899881604958348874e-02 8.152583122541305904e-01 1.807026556083055766e+02
7.842844122021117581e-01 8.138770631481964668e-02 6.150398377646780768e-01 4.845306889036672828e+02 -9.033912102075469797e-02 9.957731813526506937e-01 -1.657149697575356628e-02 1.205922270659739581e+01 -6.137888920386124214e-01 -4.256539157147062880e-02 7.883218780741658716e-01 1.807026556083055766e+02
7.545709383927479141e-01 8.500857293362699962e-02 6.506890512840035612e-01 4.845306889036672828e+02 -9.479246634362717416e-02 9.952940532693463904e-01 -2.010313038227160010e-02 1.205922270659739581e+01 -6.493358816957384150e-01 -4.651118203682316071e-02 7.590781400409022384e-01 1.807026556083055766e+02
7.216050337441434204e-01 8.461432685571838863e-02 6.871146854535038484e-01 4.845306889036672828e+02 -9.676848820024973319e-02 9.950871737544642048e-01 -2.091354395576357217e-02 1.205922270659739581e+01 -6.855085958371007759e-01 -5.139973073961730254e-02 7.262479140853634885e-01 1.807026556083055766e+02
6.843202429041360668e-01 8.036347966210098670e-02 7.247396196484798825e-01 4.845306889036672828e+02 -9.792685841127080071e-02 9.950331645152812321e-01 -1.786986055913684923e-02 1.205922270659739581e+01 -7.225760413640386348e-01 -5.874276679986336486e-02 6.887910799330754230e-01 1.807026556083055766e+02
6.432094804426466972e-01 7.662627086890108630e-02 7.618464273601509573e-01 4.845306889036672828e+02 -9.906045903710511413e-02 9.949456546477793983e-01 -1.643684132850940782e-02 1.205922270659739581e+01 -7.592552862667866220e-01 -6.489652463904635460e-02 6.475491111612415862e-01 1.807026556083055766e+02
6.005880930253881811e-01 7.425878961807136358e-02 7.961027412844311479e-01 4.845306889036672828e+02 -1.010020152728703935e-01 9.947478728807199744e-01 -1.659103101379747966e-02 1.205922270659739581e+01 -7.931535383688003149e-01 -7.044360555608239483e-02 6.049340154176418016e-01 1.807026556083055766e+02
5.548442474344150721e-01 6.954376557661799685e-02 8.290425355543351582e-01 4.845306889036672828e+02 -1.005698235791373518e-01 9.947990662598782396e-01 -1.614089073546723721e-02 1.205922270659739581e+01 -8.258532385806816034e-01 -7.442098116725874568e-02 5.589525435024901290e-01 1.807026556083055766e+02
5.069539843401311696e-01 6.555300065358470041e-02 8.594768535958230427e-01 4.845306889036672828e+02 -1.018177187149420515e-01 9.946774541660486912e-01 -1.580867892747227568e-02 1.205922270659739581e+01 -8.559385549894059642e-01 -7.949569975198700345e-02 5.109301555042436993e-01 1.807026556083055766e+02
4.586326345380903335e-01 6.224857784218756213e-02 8.864430162696720350e-01 4.845306889036672828e+02 -1.050036292485007350e-01 9.943510564531891083e-01 -1.549885076606832314e-02 1.205922270659739581e+01 -8.824003311316781506e-01 -8.597145507114874186e-02 4.625781712658471045e-01 1.807026556083055766e+02
4.087021954335805507e-01 6.023157799836195703e-02 9.106781387842781683e-01 4.845306889036672828e+02 -1.093954959569535534e-01 9.938590518590170175e-01 -1.663762309425694322e-02 1.205922270659739581e+01 -9.060878218539882845e-01 -9.282425356404223893e-02 4.127814397937178970e-01 1.807026556083055766e+02
3.587287631684755174e-01 6.052724244159124467e-02 9.314773896332809722e-01 4.845306889036672828e+02 -1.138099711588676372e-01 9.932865895065382533e-01 -2.071331869319894062e-02 1.205922270659739581e+01 -9.264777196136100290e-01 -9.858095165337529830e-02 3.632090734421172251e-01 1.807026556083055766e+02
3.095149361805811239e-01 5.663982888483768546e-02 9.492062126140059508e-01 4.845306889036672828e+02 -1.139679206946440787e-01 9.932384847456988686e-01 -2.210487440828411837e-02 1.205922270659739581e+01 -9.440401566319472915e-01 -1.013372695702966647e-01 3.138772697446676752e-01 1.807026556083055766e+02
2.631007163614474398e-01 4.393777165651170658e-02 9.637673398035190298e-01 4.845306889036672828e+02 -1.125550718173823905e-01 9.935386843483462460e-01 -1.456840799606645698e-02 1.205922270659739581e+01 -9.581802381902261301e-01 -1.046439435668217177e-01 2.663461586291546168e-01 1.807026556083055766e+02
2.198414556751482618e-01 2.910496870155240140e-02 9.751013460987076886e-01 4.845306889036672828e+02 -1.132758323124971739e-01 9.935550486351445443e-01 -4.117176887781197683e-03 1.205922270659739581e+01 -9.689366956517563301e-01 -1.095502904080855600e-01 2.217214777394408143e-01 1.807026556083055766e+02
1.780568844436968279e-01 1.821386506619955895e-02 9.838516153473310100e-01 4.845306889036672828e+02 -1.112766841496622139e-01 9.937879394385733534e-01 1.740974178264411863e-03 1.205922270659739581e+01 -9.777081596605715630e-01 -1.097897378892185721e-01 1.789775628042701294e-01 1.807026556083055766e+02
1.398483729966553124e-01 1.311437624741587128e-02 9.900860799475104113e-01 4.845306889036672828e+02 -1.090490737320275183e-01 9.940338516141010716e-01 2.236372826894425254e-03 1.205922270659739581e+01 -9.841497508450512965e-01 -1.082807230345052413e-01 1.404441274341851620e-01 1.807026556083055766e+02
1.078050742503428028e-01 2.248253070845193397e-03 9.941695083455366344e-01 4.845306889036672828e+02 -1.062667057810930682e-01 9.942944063116621045e-01 9.274740954488103206e-03 1.205922270659739581e+01 -9.884763291087520498e-01 -1.066469827771403533e-01 1.074288967467306594e-01 1.807026556083055766e+02
7.918351798177993006e-02 -5.805665668422078755e-03 9.968431495105808393e-01 4.845306889036672828e+02 -1.067363743885082900e-01 9.941849678299059523e-01 1.426871134488629997e-02 1.205922270659739581e+01 -9.911293138952286252e-01 -1.075292703741357186e-01 7.810338757301595047e-02 1.807026556083055766e+02
5.463544546621602188e-02 -1.352034024156642013e-02 9.984148278638789176e-01 4.845306889036672828e+02 -1.075838851878667263e-01 9.940077298280169948e-01 1.934788593191927308e-02 1.205922270659739581e+01 -9.926936464723612463e-01 -1.084704265774912024e-01 5.285348438376676061e-02 1.807026556083055766e+02
3.473532076410661834e-02 -1.858164306506158298e-02 9.992237887642667626e-01 4.845306889036672828e+02 -1.077920621577867083e-01 9.939248911927350827e-01 2.223020475119933878e-02 1.205922270659739581e+01 -9.935664692546682941e-01 -1.084805660407016370e-01 3.252134628674703543e-02 1.807026556083055766e+02
1.910075587292307461e-02 -2.182593651636517348e-02 9.995793063185457461e-01 4.845306889036672828e+02 -1.058904644549263085e-01 9.940946206572374155e-01 2.372961689243894418e-02 1.205922270659739581e+01 -9.941943324434133755e-01 -1.062991706248243295e-01 1.667680010887886630e-02 1.807026556083055766e+02
5.596972008734340046e-03 -2.345407963553593558e-02 9.997092477579578862e-01 4.845306889036672828e+02 -1.058588359764531250e-01 9.940935469197843544e-01 2.391499149386166687e-02 1.205922270659739581e+01 -9.943654161072000841e-01 -1.059619088205332599e-01 3.081092187057160679e-03 1.807026556083055766e+02
-6.301481392228702912e-03 -2.382015305569100752e-02 9.996963997337718899e-01 4.845306889036672828e+02 -1.046983646316311523e-01 9.942373287606515175e-01 2.303012249955923088e-02 1.205922270659739581e+01 -9.944840590857788598e-01 -1.045214542918636164e-01 -8.759099096849852148e-03 1.807026556083055766e+02
-1.523285490296511467e-02 -2.901265596799216390e-02 9.994629687613176827e-01 4.845306889036672828e+02 -1.015467936748599559e-01 9.944555731577104929e-01 2.731962133565285847e-02 1.205922270659739581e+01 -9.947141342244323337e-01 -1.010761040466585797e-01 -1.809453964289723521e-02 1.807026556083055766e+02
-2.162980398379140898e-02 -3.335290131656177409e-02 9.992095553753422843e-01 4.845306889036672828e+02 -9.932040888786461408e-02 9.945709992427831381e-01 3.104808920944576028e-02 1.205922270659739581e+01 -9.948203897980637533e-01 -9.857033752086881429e-02 -2.482499955794189098e-02 1.807026556083055766e+02
-2.622367270703463218e-02 -3.441097088460821213e-02 9.990636636734077092e-01 4.845306889036672828e+02 -9.968033138655754688e-02 9.945164020334554822e-01 3.163791429748307599e-02 1.205922270659739581e+01 -9.946738915465820341e-01 -9.875733476156313417e-02 -2.950996960981335654e-02 1.807026556083055766e+02
-3.001086096865313371e-02 -3.200268778315511903e-02 9.990371245347057227e-01 4.845306889036672828e+02 -1.019612767711679663e-01 9.943716680676200070e-01 2.879034184601829416e-02 1.205922270659739581e+01 -9.943355803063242959e-01 -1.009990778129740557e-01 -3.310498478802401806e-02 1.807026556083055766e+02
-3.280422276711204149e-02 -2.992497415630229751e-02 9.990137030543621011e-01 4.845306889036672828e+02 -1.084018181803204500e-01 9.937616319652782249e-01 2.620810273381587313e-02 1.205922270659739581e+01 -9.935657646999757064e-01 -1.074351653577641230e-01 -3.584349955993947762e-02 1.807026556083055766e+02
-3.447376059380962560e-02 -3.120124746519898143e-02 9.989184361033363047e-01 4.845306889036672828e+02 -1.137177353695517923e-01 9.931435267517292331e-01 2.709634539114765678e-02 1.205922270659739581e+01 -9.929148183469428401e-01 -1.126606294485840987e-01 -3.778552737897768188e-02 1.807026556083055766e+02
-3.506813062706054529e-02 -3.353179472474281803e-02 9.988222289060553205e-01 4.845306889036672828e+02 -1.160695929384888136e-01 9.928101556736629307e-01 2.925481817289522085e-02 1.205922270659739581e+01 -9.926218191282206726e-01 -1.149069777418819105e-01 -3.870801799123359255e-02 1.807026556083055766e+02
-3.453224741092593419e-02 -3.663750557976045569e-02 9.987318043767520193e-01 4.845306889036672828e+02 -1.135547528011427720e-01 9.930000028809956580e-01 3.250095990293931647e-02 1.205922270659739581e+01 -9.929314387232498484e-01 -1.122884119721804380e-01 -3.845088466789629150e-02 1.807026556083055766e+02
-3.379163784448262903e-02 -3.697859256948803075e-02 9.987445663949148233e-01 4.845306889036672828e+02 -1.056436541394866480e-01 9.938489083048442918e-01 3.322297098882615735e-02 1.205922270659739581e+01 -9.938297356951263373e-01 -1.043883669421437344e-01 -3.749033602554709826e-02 1.807026556083055766e+02
-3.142458909879024959e-02 -3.732729943535235267e-02 9.988088745685207437e-01 4.845306889036672828e+02 -9.701906478510399778e-02 9.946974629686404779e-01 3.412122846517313957e-02 1.205922270659739581e+01 -9.947863068358937522e-01 -9.583125732563607668e-02 -3.487941873356948524e-02 1.807026556083055766e+02
-2.923163249274686806e-02 -3.778876116121037548e-02 9.988581086379132445e-01 4.845306889036672828e+02 -9.583938705121017310e-02 9.947872548488676525e-01 3.483000832473630987e-02 1.205922270659739581e+01 -9.949674987412695515e-01 -9.471181087992065761e-02 -3.270090714932499115e-02 1.807026556083055766e+02
-2.714982050787070889e-02 -3.705542929765900939e-02 9.989443339876130645e-01 4.845306889036672828e+02 -9.965022419031516199e-02 9.944353033055246538e-01 3.417982385074644358e-02 1.205922270659739581e+01 -9.946520598004164881e-01 -9.861705075297225176e-02 -3.069132182841444526e-02 1.807026556083055766e+02
-2.484089817089837893e-02 -3.590057328510273815e-02 9.990465848076671707e-01 4.845306889036672828e+02 -1.057121123660315354e-01 9.938462246352619545e-01 3.308520934415599968e-02 1.205922270659739581e+01 -9.940864545285664766e-01 -1.047894585158070796e-01 -2.848315830081546082e-02 1.807026556083055766e+02
-2.254695975065709040e-02 -3.334108469366765803e-02 9.991896750254434245e-01 4.845306889036672828e+02 -1.069797257518636802e-01 9.937856792442655296e-01 3.074673977950304060e-02 1.205922270659739581e+01 -9.940055195440613556e-01 -1.061997919040433003e-01 -2.597366580749749243e-02 1.807026556083055766e+02
-1.873498190214133510e-02 -4.134033073633334304e-02 9.989694577451986301e-01 4.845306889036672828e+02 -1.016375517888018776e-01 9.940476724524739405e-01 3.923051055232809614e-02 1.205922270659739581e+01 -9.946450666039148292e-01 -1.007978270917992830e-01 -2.282519515944248997e-02 1.807026556083055766e+02
-1.564361780057375861e-02 -4.245198803648281283e-02 9.989760287083263579e-01 4.845306889036672828e+02 -9.556282881545176411e-02 9.945881714921475103e-01 4.076904311722243796e-02 1.205922270659739581e+01 -9.953004686881742336e-01 -9.482719989357264734e-02 -1.961578928940007141e-02 1.807026556083055766e+02
-1.384151951259377303e-02 -3.609460815535107253e-02 9.992525164340059218e-01 4.845306889036672828e+02 -9.432372054763772662e-02 9.949390151570211005e-01 3.463223730033863218e-02 1.205922270659739581e+01 -9.954453516289252235e-01 -9.377385232828748529e-02 -1.717604552505794940e-02 1.807026556083055766e+02
-1.103756696454848141e-02 -3.146819855420707190e-02 9.994438076226473955e-01 4.845306889036672828e+02 -9.723691580762870712e-02 9.948015028386061331e-01 3.024817604864307383e-02 1.205922270659739581e+01 -9.952000574355510665e-01 -9.684896710756681071e-02 -1.404005877744714942e-02 1.807026556083055766e+02
-6.792371149844070484e-03 -3.415817372931112539e-02 9.993933574232122252e-01 4.845306889036672828e+02 -1.007510145415646124e-01 9.943541944479237227e-01 3.330118695579672300e-02 1.205922270659739581e+01 -9.948884845865938464e-01 -1.004637006649549413e-01 -1.019549340120902599e-02 1.807026556083055766e+02
-2.776914914270906497e-03 -3.901581681088429898e-02 9.992347345754839516e-01 4.845306889036672828e+02 -1.000961774211848870e-01 9.942309835528463369e-01 3.854227042099633155e-02 1.205922270659739581e+01 -9.949738911193732882e-01 -9.991254867191623479e-02 -6.666228968192247466e-03 1.807026556083055766e+02
-4.094742336933727077e-04 -3.823826691607150330e-02 9.992685661393070351e-01 4.845306889036672828e+02 -9.507241754558315439e-02 9.947438093967677641e-01 3.802616321487111567e-02 1.205922270659739581e+01 -9.954702746706659555e-01 -9.498730762612961342e-02 -4.042726437537571237e-03 1.807026556083055766e+02
