1.000000000000000000e+00 0.000000000000000000e+00 0.000000000000000000e+00 4.753851035558419653e+02 0.000000000000000000e+00 1.000000000000000000e+00 0.000000000000000000e+00 -4.438682385876425229e+01 0.000000000000000000e+00 0.000000000000000000e+00 1.000000000000000000e+00 2.081593298718579490e+02
9.999968000000000190e-01 -1.383963999999999897e-03 2.129265999999999884e-03 4.753851035558419653e+02 1.395069999999999991e-03 9.999852999999999659e-01 -5.223267000000000188e-03 -4.438682385876425229e+01 -2.122006000000000066e-03 5.226218999999999830e-03 9.999839999999999840e-01 2.081593298718579490e+02
9.999934999999999796e-01 -2.875213000000000161e-03 2.196983999999999916e-03 4.753851035558419653e+02 2.877221000000000119e-03 9.999953999999999787e-01 -9.111934999999999826e-04 -4.438682385876425229e+01 -2.194353000000000015e-03 9.175076000000000108e-04 9.999970999999999721e-01 2.081593298718579490e+02
9.999894000000000283e-01 -4.378258000000000323e-03 1.426928000000000051e-03 4.753851035558419653e+02 4.370281999999999639e-03 9.999749999999999472e-01 5.546373999999999749e-03 -4.438682385876425229e+01 -1.451175000000000078e-03 -5.540078999999999837e-03 9.999835000000000251e-01 2.081593298718579490e+02
9.999613000000000529e-01 -8.800743999999999234e-03 4.930361000000000075e-05 4.753851035558419653e+02 8.800420999999999244e-03 9.999502999999999586e-01 4.659576999999999816e-03 -4.438682385876425229e+01 -9.030787999999999500e-05 -4.658963000000000340e-03 9.999890999999999641e-01 2.081593298718579490e+02
9.999329000000000134e-01 -1.154121999999999960e-02 -9.928825000000000064e-04 4.753851035558419653e+02 1.154281000000000057e-02 9.999320000000000430e-01 1.608232000000000021e-03 -4.438682385876425229e+01 9.742552000000000026e-04 -1.619584999999999992e-03 9.999981000000000009e-01 2.081593298718579490e+02
9.999251000000000111e-01 -1.210850999999999941e-02 -1.791950999999999961e-03 4.753851035558419653e+02 1.210589999999999930e-02 9.999255999999999700e-01 -1.463265999999999959e-03 -4.438682385876425229e+01 1.809536999999999951e-03 1.441461999999999908e-03 9.999972999999999779e-01 2.081593298718579490e+02
9.999306999999999501e-01 -1.148261000000000073e-02 -2.596193000000000112e-03 4.753851035558419653e+02 1.147713000000000032e-02 9.999318000000000373e-01 -2.115605999999999910e-03 -4.438682385876425229e+01 2.620309999999999827e-03 2.085661999999999846e-03 9.999943000000000026e-01 2.081593298718579490e+02
9.999350999999999656e-01 -1.082459000000000025e-02 -3.547007999999999932e-03 4.753851035558419653e+02 1.082532999999999933e-02 9.999413000000000329e-01 1.915052000000000041e-04 -4.438682385876425229e+01 3.544728000000000028e-03 -2.298912999999999922e-04 9.999936000000000380e-01 2.081593298718579490e+02
9.999331999999999665e-01 -1.074628000000000042e-02 -4.252912000000000185e-03 4.753851035558419653e+02 1.075958999999999943e-02 9.999371999999999705e-01 3.119013999999999814e-03 -4.438682385876425229e+01 4.219129000000000282e-03 -3.164566000000000167e-03 9.999860000000000415e-01 2.081593298718579490e+02
9.999266999999999461e-01 -1.090491000000000030e-02 -5.254530999999999785e-03 4.753851035558419653e+02 1.092822000000000064e-02 9.999303999999999970e-01 4.428358999999999768e-03 -4.438682385876425229e+01 5.205877000000000247e-03 -4.485456999999999986e-03 9.999763000000000401e-01 2.081593298718579490e+02
9.999050999999999911e-01 -1.246298000000000024e-02 -5.868031000000000115e-03 4.753851035558419653e+02 1.249286999999999967e-02 9.999090000000000478e-01 5.084304999999999901e-03 -4.438682385876425229e+01 5.804133000000000382e-03 -5.157132000000000036e-03 9.999698000000000198e-01 2.081593298718579490e+02
9.998968999999999774e-01 -1.263068999999999997e-02 -6.826216999999999875e-03 4.753851035558419653e+02 1.266478000000000048e-02 9.999074000000000018e-01 4.973288000000000188e-03 -4.438682385876425229e+01 6.762770999999999887e-03 -5.059227999999999816e-03 9.999643000000000281e-01 2.081593298718579490e+02
9.998890000000000278e-01 -1.287235999999999936e-02 -7.500846999999999723e-03 4.753851035558419653e+02 1.289812000000000076e-02 9.999109999999999943e-01 3.394724000000000005e-03 -4.438682385876425229e+01 7.456482999999999861e-03 -3.491094000000000142e-03 9.999660000000000215e-01 2.081593298718579490e+02
9.998698999999999781e-01 -1.336573999999999922e-02 -9.034485999999999559e-03 4.753851035558419653e+02 1.337692000000000048e-02 9.999097999999999598e-01 1.177817000000000057e-03 -4.438682385876425229e+01 9.017930999999999864e-03 -1.298518000000000025e-03 9.999584000000000250e-01 2.081593298718579490e+02
9.998367999999999700e-01 -1.468699000000000046e-02 -1.051997999999999996e-02 4.753851035558419653e+02 1.468671000000000039e-02 9.998920999999999504e-01 -1.034110000000000031e-04 -4.438682385876425229e+01 1.052036999999999937e-02 -5.111080999999999930e-05 9.999445999999999612e-01 2.081593298718579490e+02
9.998230999999999646e-01 -1.432670999999999945e-02 -1.218624999999999917e-02 4.753851035558419653e+02 1.431970999999999938e-02 9.998972000000000415e-01 -6.616172000000000459e-04 -4.438682385876425229e+01 1.219448000000000060e-02 4.869955000000000030e-04 9.999255000000000226e-01 2.081593298718579490e+02
9.998219999999999885e-01 -1.304142999999999969e-02 -1.363680999999999921e-02 4.753851035558419653e+02 1.302122000000000002e-02 9.999139000000000221e-01 -1.569337999999999983e-03 -4.438682385876425229e+01 1.365611000000000082e-02 1.391489000000000094e-03 9.999057000000000084e-01 2.081593298718579490e+02
9.998148000000000035e-01 -1.159648999999999923e-02 -1.536124999999999990e-02 4.753851035558419653e+02 1.157274999999999970e-02 9.999316000000000315e-01 -1.633665000000000074e-03 -4.438682385876425229e+01 1.537914999999999942e-02 1.455588999999999971e-03 9.998806000000000083e-01 2.081593298718579490e+02
9.997831999999999830e-01 -1.213664000000000062e-02 -1.691845000000000154e-02 4.753851035558419653e+02 1.212688999999999954e-02 9.999261999999999873e-01 -6.787550999999999958e-04 -4.438682385876425229e+01 1.692545000000000160e-02 4.734386000000000041e-04 9.998565999999999843e-01 2.081593298718579490e+02
9.997673999999999728e-01 -1.148422999999999979e-02 -1.825598999999999972e-02 4.753851035558419653e+02 1.149904000000000030e-02 9.999335999999999780e-01 7.061475000000000217e-04 -4.438682385876425229e+01 1.824668000000000123e-02 -9.159103999999999510e-04 9.998329999999999718e-01 2.081593298718579490e+02
9.997407000000000377e-01 -1.132286000000000056e-02 -1.975876999999999842e-02 4.753851035558419653e+02 1.134558999999999915e-02 9.999350000000000183e-01 1.038627000000000083e-03 -4.438682385876425229e+01 1.974572999999999953e-02 -1.262534000000000052e-03 9.998042000000000318e-01 2.081593298718579490e+02
9.996912999999999494e-01 -1.246784000000000087e-02 -2.149326000000000014e-02 4.753851035558419653e+02 1.249154000000000063e-02 9.999213999999999603e-01 9.685078000000000176e-04 -4.438682385876425229e+01 2.147949999999999859e-02 -1.236693000000000080e-03 9.997684999999999489e-01 2.081593298718579490e+02
9.996528999999999554e-01 -1.268780000000000081e-02 -2.308808999999999861e-02 4.753851035558419653e+02 1.269884999999999937e-02 9.999192000000000080e-01 3.318072999999999834e-04 -4.438682385876425229e+01 2.308202000000000170e-02 -6.248852000000000052e-04 9.997333000000000469e-01 2.081593298718579490e+02
9.996296999999999544e-01 -1.261377999999999978e-02 -2.411198000000000161e-02 4.753851035558419653e+02 1.263650000000000016e-02 9.999198000000000253e-01 7.899130000000000517e-04 -4.438682385876425229e+01 2.410009000000000109e-02 -1.094312000000000062e-03 9.997089000000000114e-01 2.081593298718579490e+02
9.996068000000000175e-01 -1.236723999999999983e-02 -2.516463000000000033e-02 4.753851035558419653e+02 1.244025999999999986e-02 9.999187999999999965e-01 2.747129000000000064e-03 -4.438682385876425229e+01 2.512862000000000082e-02 -3.059103000000000083e-03 9.996795000000000542e-01 2.081593298718579490e+02
9.995692000000000466e-01 -1.363815999999999987e-02 -2.598839999999999831e-02 4.753851035558419653e+02 1.378817000000000063e-02 9.998892000000000335e-01 5.601313000000000125e-03 -4.438682385876425229e+01 2.590912999999999897e-02 -5.957231999999999805e-03 9.996464999999999934e-01 2.081593298718579490e+02
9.995560000000000000e-01 -1.327670000000000065e-02 -2.667519000000000140e-02 4.753851035558419653e+02 1.346665000000000015e-02 9.998850999999999711e-01 6.953738000000000107e-03 -4.438682385876425229e+01 2.657980000000000065e-02 -7.309875999999999874e-03 9.996199000000000057e-01 2.081593298718579490e+02
9.995412999999999659e-01 -1.282492000000000007e-02 -2.743674000000000113e-02 4.753851035558419653e+02 1.298763000000000001e-02 9.998989999999999823e-01 5.760450999999999766e-03 -4.438682385876425229e+01 2.736009000000000010e-02 -6.114147000000000332e-03 9.996068999999999649e-01 2.081593298718579490e+02
9.995372000000000146e-01 -1.142992999999999960e-02 -2.819322000000000147e-02 4.753851035558419653e+02 1.151922000000000015e-02 9.999291000000000151e-01 3.006463999999999925e-03 -4.438682385876425229e+01 2.815685999999999883e-02 -3.329836999999999988e-03 9.995979000000000392e-01 2.081593298718579490e+02
9.995205999999999813e-01 -1.092301000000000036e-02 -2.896974000000000077e-02 4.753851035558419653e+02 1.096822000000000075e-02 9.999388000000000165e-01 1.401949999999999898e-03 -4.438682385876425229e+01 2.895266000000000159e-02 -1.719024999999999893e-03 9.995792000000000010e-01 2.081593298718579490e+02
9.995005000000000139e-01 -1.020424999999999978e-02 -2.990978999999999860e-02 4.753851035558419653e+02 1.023690000000000017e-02 9.999470999999999776e-01 9.386493000000000527e-04 -4.438682385876425229e+01 2.989864000000000063e-02 -1.244365000000000098e-03 9.995521000000000544e-01 2.081593298718579490e+02
9.994551000000000407e-01 -1.042435000000000063e-02 -3.131935999999999748e-02 4.753851035558419653e+02 1.044602000000000031e-02 9.999451999999999785e-01 5.283530999999999948e-04 -4.438682385876425229e+01 3.131214000000000219e-02 -8.552288000000000338e-04 9.995091999999999866e-01 2.081593298718579490e+02
9.993980000000000086e-01 -1.012000000000000052e-02 -3.318481999999999682e-02 4.753851035558419653e+02 1.012244999999999985e-02 9.999487000000000236e-01 -9.415536999999999431e-05 -4.438682385876425229e+01 3.318407999999999775e-02 -2.418139999999999992e-04 9.994492000000000376e-01 2.081593298718579490e+02
9.993347999999999676e-01 -1.013992000000000018e-02 -3.503165999999999919e-02 4.753851035558419653e+02 1.012933000000000063e-02 9.999485000000000179e-01 -4.799930000000000104e-04 -4.438682385876425229e+01 3.503473000000000004e-02 1.248255999999999997e-04 9.993859999999999966e-01 2.081593298718579490e+02
9.992571999999999566e-01 -1.045438999999999917e-02 -3.709049999999999847e-02 4.753851035558419653e+02 1.048558999999999949e-02 9.999447000000000196e-01 6.466132000000000520e-04 -4.438682385876425229e+01 3.708169000000000048e-02 -1.035048999999999908e-03 9.993115999999999666e-01 2.081593298718579490e+02
9.991826000000000318e-01 -1.044167000000000012e-02 -3.905299000000000270e-02 4.753851035558419653e+02 1.057813999999999977e-02 9.999386000000000108e-01 3.289434999999999842e-03 -4.438682385876425229e+01 3.901625000000000232e-02 -3.699855000000000158e-03 9.992316999999999449e-01 2.081593298718579490e+02
9.991166000000000214e-01 -9.676451000000000843e-03 -4.089456999999999814e-02 4.753851035558419653e+02 9.870613000000000303e-03 9.999409000000000214e-01 4.548578999999999643e-03 -4.438682385876425229e+01 4.084813999999999806e-02 -4.948216000000000073e-03 9.991529999999999578e-01 2.081593298718579490e+02
9.990483000000000002e-01 -8.212274000000000310e-03 -4.283876999999999824e-02 4.753851035558419653e+02 8.425612000000000726e-03 9.999529000000000334e-01 4.801790000000000225e-03 -4.438682385876425229e+01 4.279733000000000148e-02 -5.158163000000000331e-03 9.990704000000000251e-01 2.081593298718579490e+02
9.989871000000000167e-01 -5.570437000000000131e-03 -4.465125000000000344e-02 4.753851035558419653e+02 5.752148000000000330e-03 9.999755999999999645e-01 3.942092999999999813e-03 -4.438682385876425229e+01 4.462821000000000149e-02 -4.194940999999999774e-03 9.989947999999999606e-01 2.081593298718579490e+02
9.989141999999999744e-01 -4.076821999999999911e-03 -4.640853999999999813e-02 4.753851035558419653e+02 4.225973000000000056e-03 9.999860999999999889e-01 3.116198000000000145e-03 -4.438682385876425229e+01 4.639520999999999923e-02 -3.308936000000000169e-03 9.989175999999999611e-01 2.081593298718579490e+02
9.988447000000000298e-01 -3.602321999999999816e-03 -4.792024000000000283e-02 4.753851035558419653e+02 3.824192000000000129e-03 9.999822999999999906e-01 4.539096999999999750e-03 -4.438682385876425229e+01 4.790305000000000257e-02 -4.717108999999999712e-03 9.988407999999999731e-01 2.081593298718579490e+02
9.987977000000000105e-01 -2.421920000000000149e-03 -4.896157000000000287e-02 4.753851035558419653e+02 2.724895000000000182e-03 9.999774999999999636e-01 6.122217000000000110e-03 -4.438682385876425229e+01 4.894565000000000027e-02 -6.248272000000000027e-03 9.987818000000000529e-01 2.081593298718579490e+02
9.988038000000000194e-01 6.059604000000000336e-04 -4.889413000000000092e-02 4.753851035558419653e+02 -2.707567999999999824e-04 9.999763000000000401e-01 6.862041000000000147e-03 -4.438682385876425229e+01 4.889713999999999866e-02 -6.840594000000000188e-03 9.987802999999999543e-01 2.081593298718579490e+02
9.988487999999999811e-01 3.748493999999999785e-03 -4.782369999999999677e-02 4.753851035558419653e+02 -3.523552000000000108e-03 9.999822999999999906e-01 4.787030000000000278e-03 -4.438682385876425229e+01 4.784080999999999750e-02 -4.613009999999999854e-03 9.988443000000000183e-01 2.081593298718579490e+02
9.989247999999999461e-01 5.352123000000000297e-03 -4.605101000000000333e-02 4.753851035558419653e+02 -5.291338999999999938e-03 9.999848999999999544e-01 1.441746999999999950e-03 -4.438682385876425229e+01 4.605804000000000148e-02 -1.196526000000000057e-03 9.989379999999999926e-01 2.081593298718579490e+02
9.990194000000000019e-01 5.712809999999999590e-03 -4.390410000000000146e-02 4.753851035558419653e+02 -5.743067999999999611e-03 9.999833000000000194e-01 -5.630376000000000521e-04 -4.438682385876425229e+01 4.390016000000000057e-02 8.146286999999999886e-04 9.990354999999999652e-01 2.081593298718579490e+02
9.991413999999999573e-01 6.928143000000000322e-03 -4.084787000000000140e-02 4.753851035558419653e+02 -6.919996999999999780e-03 9.999759000000000286e-01 3.408662999999999927e-04 -4.438682385876425229e+01 4.084924999999999667e-02 -5.790745999999999800e-05 9.991653000000000340e-01 2.081593298718579490e+02
9.992324000000000206e-01 1.197638999999999995e-02 -3.729938000000000003e-02 4.753851035558419653e+02 -1.185276000000000038e-02 9.999234000000000178e-01 3.533971999999999808e-03 -4.438682385876425229e+01 3.733886000000000149e-02 -3.089159000000000176e-03 9.992978000000000138e-01 2.081593298718579490e+02
9.993047999999999931e-01 1.641603999999999980e-02 -3.347332000000000085e-02 4.753851035558419653e+02 -1.618094000000000129e-02 9.998424999999999674e-01 7.282552000000000296e-03 -4.438682385876425229e+01 3.358760000000000218e-02 -6.735859000000000291e-03 9.994129999999999958e-01 2.081593298718579490e+02
9.993476000000000026e-01 2.131604000000000138e-02 -2.915360999999999994e-02 4.753851035558419653e+02 -2.108762999999999957e-02 9.997445999999999833e-01 8.120116000000000139e-03 -4.438682385876425229e+01 2.931925999999999977e-02 -7.500037999999999670e-03 9.995418999999999832e-01 2.081593298718579490e+02
9.994043999999999706e-01 2.501998999999999890e-02 -2.376614999999999978e-02 4.753851035558419653e+02 -2.483054999999999984e-02 9.996576999999999824e-01 8.233076000000000630e-03 -4.438682385876425229e+01 2.396401000000000087e-02 -7.638045999999999898e-03 9.996836000000000055e-01 2.081593298718579490e+02
9.994264999999999954e-01 2.870924000000000045e-02 -1.795791000000000054e-02 4.753851035558419653e+02 -2.852866000000000082e-02 9.995405000000000539e-01 1.023292999999999946e-02 -4.438682385876425229e+01 1.824345000000000133e-02 -9.714742999999999643e-03 9.997863000000000167e-01 2.081593298718579490e+02
9.993682999999999872e-01 3.372431000000000040e-02 -1.120755000000000015e-02 4.753851035558419653e+02 -3.359318000000000026e-02 9.993670999999999527e-01 1.169023999999999931e-02 -4.438682385876425229e+01 1.159469999999999945e-02 -1.130635999999999967e-02 9.998688000000000020e-01 2.081593298718579490e+02
9.993066000000000448e-01 3.700958000000000025e-02 -4.072654000000000205e-03 4.753851035558419653e+02 -3.696271000000000279e-02 9.992556000000000216e-01 1.103952000000000058e-02 -4.438682385876425229e+01 4.478191999999999763e-03 -1.088132999999999982e-02 9.999306999999999501e-01 2.081593298718579490e+02
9.991738999999999482e-01 4.050788000000000305e-02 3.260896000000000107e-03 4.753851035558419653e+02 -4.054267999999999761e-02 9.991124000000000116e-01 1.142537000000000066e-02 -4.438682385876425229e+01 -2.795184000000000037e-03 -1.154814000000000014e-02 9.999293000000000209e-01 2.081593298718579490e+02
9.989308999999999550e-01 4.494697000000000275e-02 1.081107000000000075e-02 4.753851035558419653e+02 -4.506496000000000113e-02 9.989242000000000399e-01 1.092934999999999914e-02 -4.438682385876425229e+01 -1.030820000000000000e-02 -1.140485999999999930e-02 9.998818000000000428e-01 2.081593298718579490e+02
9.986110000000000264e-01 4.932215999999999684e-02 1.853236999999999940e-02 4.753851035558419653e+02 -4.947619999999999796e-02 9.987435999999999536e-01 7.946643999999999236e-03 -4.438682385876425229e+01 -1.811714000000000033e-02 -8.852517000000000719e-03 9.997966000000000353e-01 2.081593298718579490e+02
9.983444999999999681e-01 5.105620999999999771e-02 2.648756000000000027e-02 4.753851035558419653e+02 -5.119569999999999677e-02 9.986779000000000073e-01 4.614265999999999680e-03 -4.438682385876425229e+01 -2.621696000000000096e-02 -5.962677000000000428e-03 9.996384000000000380e-01 2.081593298718579490e+02
9.980778000000000150e-01 5.151561999999999808e-02 3.445099000000000078e-02 4.753851035558419653e+02 -5.171685000000000171e-02 9.986492999999999620e-01 4.974723999999999813e-03 -4.438682385876425229e+01 -3.414819000000000188e-02 -6.746859000000000016e-03 9.993938999999999462e-01 2.081593298718579490e+02
9.978050000000000530e-01 5.099689999999999779e-02 4.224350999999999801e-02 4.753851035558419653e+02 -5.130814000000000208e-02 9.986627999999999616e-01 6.315812999999999983e-03 -4.438682385876425229e+01 -4.186494999999999800e-02 -8.469386000000000622e-03 9.990873000000000115e-01 2.081593298718579490e+02
9.973383000000000109e-01 5.274012000000000144e-02 5.034722999999999976e-02 4.753851035558419653e+02 -5.316651000000000016e-02 9.985598999999999448e-01 7.166378999999999631e-03 -4.438682385876425229e+01 -4.989678000000000169e-02 -9.824091000000000073e-03 9.987059999999999826e-01 2.081593298718579490e+02
9.966452999999999562e-01 5.618538000000000004e-02 5.950961999999999918e-02 4.753851035558419653e+02 -5.670528999999999847e-02 9.983657999999999699e-01 7.082538000000000201e-03 -4.438682385876425229e+01 -5.901444000000000134e-02 -1.043328999999999958e-02 9.982024999999999926e-01 2.081593298718579490e+02
9.958318000000000447e-01 6.082299000000000039e-02 6.796721000000000013e-02 4.753851035558419653e+02 -6.141122999999999721e-02 9.980906999999999973e-01 6.596949000000000389e-03 -4.438682385876425229e+01 -6.743620999999999643e-02 -1.074340000000000017e-02 9.976656999999999886e-01 2.081593298718579490e+02
9.949462999999999502e-01 6.439773000000000025e-02 7.703780999999999823e-02 4.753851035558419653e+02 -6.510726999999999487e-02 9.978555000000000064e-01 6.731621999999999606e-03 -4.438682385876425229e+01 -7.643911000000000455e-02 -1.171331999999999929e-02 9.970054000000000416e-01 2.081593298718579490e+02
9.942172999999999705e-01 6.384318999999999411e-02 8.634872999999999854e-02 4.753851035558419653e+02 -6.469374999999999432e-02 9.978799000000000419e-01 7.085062999999999951e-03 -4.438682385876425229e+01 -8.571334999999999371e-02 -1.263031000000000049e-02 9.962396999999999503e-01 2.081593298718579490e+02
9.932965999999999740e-01 6.279192000000000107e-02 9.705213999999999508e-02 4.753851035558419653e+02 -6.358337999999999490e-02 9.979635000000000034e-01 5.080641000000000324e-03 -4.438682385876425229e+01 -9.653549000000000158e-02 -1.121749000000000010e-02 9.952663000000000482e-01 2.081593298718579490e+02
9.921379000000000170e-01 6.152264000000000344e-02 1.089835999999999999e-01 4.753851035558419653e+02 -6.192852000000000079e-02 9.980805000000000371e-01 3.401550000000000255e-04 -4.438682385876425229e+01 -1.087535000000000029e-01 -7.086671999999999590e-03 9.940434000000000214e-01 2.081593298718579490e+02
9.905372000000000066e-01 6.248717000000000160e-02 1.221939999999999971e-01 4.753851035558419653e+02 -6.247045999999999849e-02 9.980388000000000037e-01 -3.971708000000000009e-03 -4.438682385876425229e+01 -1.222025999999999946e-01 -3.699392000000000132e-03 9.924981999999999971e-01 2.081593298718579490e+02
9.883707000000000464e-01 6.431657000000000346e-02 1.377925000000000122e-01 4.753851035558419653e+02 -6.411000000000000032e-02 9.979251000000000094e-01 -5.941496999999999577e-03 -4.438682385876425229e+01 -1.378888000000000058e-01 -2.961478000000000027e-03 9.904431999999999681e-01 2.081593298718579490e+02
9.857257999999999853e-01 6.628680000000000683e-02 1.547601999999999867e-01 4.753851035558419653e+02 -6.596478000000000064e-02 9.977956999999999521e-01 -7.220978000000000292e-03 -4.438682385876425229e+01 -1.548976999999999993e-01 -3.090816000000000136e-03 9.879255999999999593e-01 2.081593298718579490e+02
9.830185999999999646e-01 6.669166999999999457e-02 1.709583000000000075e-01 4.753851035558419653e+02 -6.621707000000000287e-02 9.977690999999999644e-01 -8.483377000000000279e-03 -4.438682385876425229e+01 -1.711427000000000087e-01 -2.981040999999999812e-03 9.852416999999999980e-01 2.081593298718579490e+02
9.797322000000000530e-01 6.595410000000000161e-02 1.891426999999999969e-01 4.753851035558419653e+02 -6.530126999999999460e-02 9.978185000000000526e-01 -9.688392000000000531e-03 -4.438682385876425229e+01 -1.893691000000000124e-01 -2.859233000000000087e-03 9.819016999999999884e-01 2.081593298718579490e+02
9.757276999999999756e-01 6.503198000000000312e-02 2.091082999999999970e-01 4.753851035558419653e+02 -6.433368999999999893e-02 9.978768000000000082e-01 -1.014670999999999976e-02 -4.438682385876425229e+01 -2.093241999999999881e-01 -3.552285000000000078e-03 9.778398000000000367e-01 2.081593298718579490e+02
9.713024999999999576e-01 6.551318000000000419e-02 2.286471999999999949e-01 4.753851035558419653e+02 -6.460928999999999978e-02 9.978449000000000346e-01 -1.144496000000000055e-02 -4.438682385876425229e+01 -2.289043000000000050e-01 -3.656216999999999800e-03 9.734420000000000295e-01 2.081593298718579490e+02
9.659140000000000503e-01 6.760924000000000100e-02 2.498780999999999919e-01 4.753851035558419653e+02 -6.623732000000000231e-02 9.977068999999999521e-01 -1.390549999999999946e-02 -4.438682385876425229e+01 -2.502453000000000038e-01 -3.119743999999999816e-03 9.681773999999999658e-01 2.081593298718579490e+02
9.596673999999999483e-01 6.892286000000000246e-02 2.725583999999999785e-01 4.753851035558419653e+02 -6.707059999999999411e-02 9.976178999999999464e-01 -1.611852999999999897e-02 -4.438682385876425229e+01 -2.730200999999999878e-01 -2.812227000000000043e-03 9.620041999999999760e-01 2.081593298718579490e+02
9.522730999999999835e-01 7.018359999999999876e-02 2.970692999999999806e-01 4.753851035558419653e+02 -6.815285999999999567e-02 9.975264999999999826e-01 -1.720102000000000089e-02 -4.438682385876425229e+01 -2.975418000000000229e-01 -3.866057999999999908e-03 9.547008999999999634e-01 2.081593298718579490e+02
9.436113000000000417e-01 7.308945999999999499e-02 3.228865000000000207e-01 4.753851035558419653e+02 -7.102643000000000151e-02 9.973085999999999895e-01 -1.818418999999999938e-02 -4.438682385876425229e+01 -3.233465999999999840e-01 -5.774668000000000162e-03 9.462629000000000179e-01 2.081593298718579490e+02
9.334128999999999898e-01 7.549648000000000470e-02 3.507715000000000138e-01 4.753851035558419653e+02 -7.333122999999999725e-02 9.971174000000000426e-01 -1.947296999999999917e-02 -4.438682385876425229e+01 -3.512306000000000039e-01 -7.546180999999999896e-03 9.362584999999999935e-01 2.081593298718579490e+02
9.222742000000000440e-01 7.613570000000000060e-02 3.789639000000000202e-01 4.753851035558419653e+02 -7.373826999999999465e-02 9.970594000000000401e-01 -2.085934000000000052e-02 -4.438682385876425229e+01 -3.794377999999999918e-01 -8.706115000000000381e-03 9.251762000000000041e-01 2.081593298718579490e+02
9.095902000000000154e-01 7.427773999999999488e-02 4.088134999999999963e-01 4.753851035558419653e+02 -7.108894999999999798e-02 9.972043999999999908e-01 -2.301365999999999828e-02 -4.438682385876425229e+01 -4.093801000000000245e-01 -8.129123999999999725e-03 9.123276999999999637e-01 2.081593298718579490e+02
8.944221999999999451e-01 7.169631999999999394e-02 4.414391999999999761e-01 4.753851035558419653e+02 -6.712497000000000602e-02 9.974060000000000148e-01 -2.598839000000000010e-02 -4.438682385876425229e+01 -4.421574999999999811e-01 -6.387002999999999604e-03 8.969146000000000063e-01 2.081593298718579490e+02
8.771442999999999879e-01 7.145361000000000073e-02 4.748814000000000091e-01 4.753851035558419653e+02 -6.473980999999999486e-02 9.974359000000000419e-01 -3.050080000000000152e-02 -4.438682385876425229e+01 -4.758432000000000217e-01 -3.990132000000000401e-03 8.795209999999999972e-01 2.081593298718579490e+02
8.575412999999999508e-01 7.341493000000000324e-02 5.091493999999999742e-01 4.753851035558419653e+02 -6.409368999999999483e-02 9.972995999999999528e-01 -3.585138999999999687e-02 -4.438682385876425229e+01 -5.104066000000000436e-01 -1.889215000000000078e-03 8.599310999999999483e-01 2.081593298718579490e+02
8.354268999999999723e-01 7.568777000000000144e-02 5.443649000000000404e-01 4.753851035558419653e+02 -6.394527999999999324e-02 9.971309999999999896e-01 -4.050415000000000265e-02 -4.438682385876425229e+01 -5.458688999999999902e-01 -9.713070999999999554e-04 8.378700000000000037e-01 2.081593298718579490e+02
8.104782000000000375e-01 7.887974000000000374e-02 5.804335000000000466e-01 4.753851035558419653e+02 -6.518263000000000529e-02 9.968823999999999463e-01 -4.445770999999999751e-02 -4.438682385876425229e+01 -5.821309000000000067e-01 -1.802182999999999953e-03 8.130929999999999547e-01 2.081593298718579490e+02
7.831650000000000000e-01 8.302927000000000224e-02 6.162457000000000074e-01 4.753851035558419653e+02 -6.828228000000000075e-02 9.965349999999999486e-01 -4.748967999999999939e-02 -4.438682385876425229e+01 -6.180535999999999808e-01 -4.886408000000000071e-03 7.861207999999999529e-01 2.081593298718579490e+02
7.530584999999999640e-01 8.748648000000000535e-02 6.521111000000000546e-01 4.753851035558419653e+02 -7.188324000000000102e-02 9.961271999999999904e-01 -5.062848999999999822e-02 -4.438682385876425229e+01 -6.540150999999999604e-01 -8.749645999999999813e-03 7.564309000000000172e-01 2.081593298718579490e+02
7.198925000000000463e-01 8.857766999999999724e-02 6.884101999999999721e-01 4.753851035558419653e+02 -7.134169999999999401e-02 9.960132000000000430e-01 -5.355265000000000025e-02 -4.438682385876425229e+01 -6.904093999999999509e-01 -1.056021000000000043e-02 7.233418000000000347e-01 2.081593298718579490e+02
6.834436999999999873e-01 8.631703000000000292e-02 7.248820000000000263e-01 4.753851035558419653e+02 -6.813305999999999529e-02 9.961927000000000421e-01 -5.438583000000000306e-02 -4.438682385876425229e+01 -7.268168000000000406e-01 -1.221878000000000027e-02 6.867227000000000192e-01 2.081593298718579490e+02
6.444402999999999659e-01 8.503336000000000228e-02 7.599118000000000261e-01 4.753851035558419653e+02 -6.511601000000000194e-02 9.962902999999999620e-01 -5.626252000000000336e-02 -4.438682385876425229e+01 -7.618770000000000264e-01 -1.322458999999999961e-02 6.475866999999999596e-01 2.081593298718579490e+02
6.014973000000000125e-01 8.478486999999999829e-02 7.943628999999999829e-01 4.753851035558419653e+02 -6.309072000000000291e-02 9.962879000000000040e-01 -5.856424999999999825e-02 -4.438682385876425229e+01 -7.963797000000000237e-01 -1.489067999999999989e-02 6.046137000000000317e-01 2.081593298718579490e+02
5.561715999999999882e-01 8.472528000000000004e-02 8.267373999999999556e-01 4.753851035558419653e+02 -5.939500000000000335e-02 9.962982000000000227e-01 -6.214531000000000222e-02 -4.438682385876425229e+01 -8.289423999999999682e-01 -1.454061000000000069e-02 5.591450000000000031e-01 2.081593298718579490e+02
5.082200000000000051e-01 8.368612999999999746e-02 8.571516999999999609e-01 4.753851035558419653e+02 -5.674312000000000106e-02 9.963587999999999889e-01 -6.363335999999999992e-02 -4.438682385876425229e+01 -8.593560000000000088e-01 -1.629772000000000165e-02 5.111179999999999612e-01 2.081593298718579490e+02
4.595567999999999875e-01 8.166094999999999604e-02 8.843862000000000112e-01 4.753851035558419653e+02 -5.479781999999999709e-02 9.964739000000000235e-01 -6.353593999999999908e-02 -4.438682385876425229e+01 -8.864562999999999748e-01 -1.926405999999999952e-02 4.624112000000000222e-01 2.081593298718579490e+02
4.095443999999999751e-01 7.979453000000000240e-02 9.087937999999999850e-01 4.753851035558419653e+02 -5.480552999999999814e-02 9.965201999999999671e-01 -6.279925999999999564e-02 -4.438682385876425229e+01 -9.106425000000000214e-01 -2.408783999999999925e-02 4.124923999999999813e-01 2.081593298718579490e+02
3.597339999999999982e-01 7.961124999999999452e-02 9.296522999999999870e-01 4.753851035558419653e+02 -5.780823999999999685e-02 9.963408000000000264e-01 -6.295296000000000225e-02 -4.438682385876425229e+01 -9.312624000000000457e-01 -3.109523999999999969e-02 3.630199000000000065e-01 2.081593298718579490e+02
3.103427000000000269e-01 8.045241999999999671e-02 9.472142000000000062e-01 4.753851035558419653e+02 -5.497857999999999912e-02 9.962634999999999685e-01 -6.660544999999999660e-02 -4.438682385876425229e+01 -9.490336000000000327e-01 -3.140596999999999833e-02 3.136062000000000016e-01 2.081593298718579490e+02
2.636125999999999747e-01 7.622494000000000491e-02 9.616122000000000281e-01 4.753851035558419653e+02 -4.431945999999999802e-02 9.967772999999999772e-01 -6.686285000000000145e-02 -4.438682385876425229e+01 -9.636099999999999666e-01 -2.499223999999999890e-02 2.661413000000000251e-01 2.081593298718579490e+02
2.200747999999999871e-01 7.093644999999999812e-02 9.729003000000000512e-01 4.753851035558419653e+02 -3.059900000000000120e-02 9.973636000000000168e-01 -6.579849999999999588e-02 -4.438682385876425229e+01 -9.750029999999999530e-01 -1.528918999999999938e-02 2.216651000000000038e-01 2.081593298718579490e+02
1.770423000000000135e-01 6.939966999999999664e-02 9.817533000000000509e-01 4.753851035558419653e+02 -2.180620000000000128e-02 9.975424999999999986e-01 -6.658343999999999374e-02 -4.438682385876425229e+01 -9.839617000000000502e-01 -9.620226000000000818e-03 1.781205999999999900e-01 2.081593298718579490e+02
1.394343000000000110e-01 7.225281999999999538e-02 9.875916999999999613e-01 4.753851035558419653e+02 -1.775360999999999953e-02 9.973564999999999792e-01 -7.046065999999999441e-02 -4.438682385876425229e+01 -9.900721999999999579e-01 -7.708692999999999969e-03 1.403484000000000120e-01 2.081593298718579490e+02
1.074816999999999995e-01 7.204207999999999446e-02 9.915933999999999582e-01 4.753851035558419653e+02 -8.852841000000000182e-03 9.974009000000000347e-01 -7.150444000000000244e-02 -4.438682385876425229e+01 -9.941676999999999875e-01 -1.093002999999999943e-03 1.078400999999999943e-01 2.081593298718579490e+02
7.852151999999999743e-02 7.027376000000000456e-02 9.944323999999999941e-01 4.753851035558419653e+02 -2.181920999999999861e-03 9.975220000000000198e-01 -7.031982000000000510e-02 -4.438682385876425229e+01 -9.969101000000000212e-01 3.351844000000000091e-03 7.848027999999999949e-02 2.081593298718579490e+02
5.379932999999999937e-02 6.807410999999999324e-02 9.962286000000000197e-01 4.753851035558419653e+02 4.677948999999999823e-03 9.976452999999999571e-01 -6.842355999999999439e-02 -4.438682385876425229e+01 -9.985408000000000062e-01 8.341444999999999416e-03 5.335420999999999914e-02 2.081593298718579490e+02
3.425249999999999823e-02 6.829689999999999372e-02 9.970767999999999853e-01 4.753851035558419653e+02 1.011660999999999984e-02 9.975874000000000130e-01 -6.867942000000000491e-02 -4.438682385876425229e+01 -9.993619999999999726e-01 1.243946999999999935e-02 3.347892999999999702e-02 2.081593298718579490e+02
1.874634999999999843e-02 7.007913999999999810e-02 9.973651999999999518e-01 4.753851035558419653e+02 1.331627999999999978e-02 9.974345000000000017e-01 -7.033430999999999711e-02 -4.438682385876425229e+01 -9.997355999999999465e-01 1.459970000000000018e-02 1.776507000000000086e-02 2.081593298718579490e+02
5.284248000000000070e-03 6.962216999999999711e-02 9.975593999999999850e-01 4.753851035558419653e+02 1.391943000000000000e-02 9.974714999999999554e-01 -6.968979000000000146e-02 -4.438682385876425229e+01 -9.998892000000000335e-01 1.425370999999999930e-02 4.301784999999999810e-03 2.081593298718579490e+02
-6.190262000000000195e-03 7.029765999999999793e-02 9.975068000000000268e-01 4.753851035558419653e+02 1.431475999999999929e-02 9.974298999999999804e-01 -7.020342000000000249e-02 -4.438682385876425229e+01 -9.998783999999999450e-01 1.384448999999999923e-02 -7.180648000000000412e-03 2.081593298718579490e+02
-1.479860000000000030e-02 7.371511999999999509e-02 9.971695000000000420e-01 4.753851035558419653e+02 1.910705000000000042e-02 9.971174000000000426e-01 -7.342772999999999661e-02 -4.438682385876425229e+01 -9.997080000000000410e-01 1.796632999999999911e-02 -1.616441999999999879e-02 2.081593298718579490e+02
-2.122260000000000119e-02 7.564820999999999351e-02 9.969086000000000336e-01 4.753851035558419653e+02 2.370386999999999841e-02 9.968909999999999716e-01 -7.514226999999999712e-02 -4.438682385876425229e+01 -9.994937999999999878e-01 2.203586999999999907e-02 -2.294977999999999949e-02 2.081593298718579490e+02
-2.590902999999999956e-02 7.474962999999999747e-02 9.968656000000000184e-01 4.753851035558419653e+02 2.392123000000000166e-02 9.969611999999999918e-01 -7.413508000000000597e-02 -4.438682385876425229e+01 -9.993781000000000470e-01 2.192548000000000066e-02 -2.761840000000000128e-02 2.081593298718579490e+02
-2.969905000000000114e-02 7.235374999999999446e-02 9.969367000000000090e-01 4.753851035558419653e+02 2.153551000000000076e-02 9.971913999999999501e-01 -7.173069999999999447e-02 -4.438682385876425229e+01 -9.993269000000000180e-01 1.933920000000000083e-02 -3.117380999999999971e-02 2.081593298718579490e+02
-3.224636000000000169e-02 6.482052000000000647e-02 9.973756999999999762e-01 4.753851035558419653e+02 1.930000999999999939e-02 9.977489999999999970e-01 -6.422079999999999456e-02 -4.438682385876425229e+01 -9.992936000000000041e-01 1.717847000000000124e-02 -3.342480999999999924e-02 2.081593298718579490e+02
-3.357981000000000160e-02 5.896571999999999925e-02 9.976949999999999985e-01 4.753851035558419653e+02 2.069199999999999859e-02 9.980850000000000000e-01 -5.829233999999999805e-02 -4.438682385876425229e+01 -9.992218999999999962e-01 1.868685000000000138e-02 -3.473562000000000177e-02 2.081593298718579490e+02
-3.403686000000000211e-02 5.685168000000000166e-02 9.978021999999999725e-01 4.753851035558419653e+02 2.332191000000000125e-02 9.981539999999999857e-01 -5.607618000000000325e-02 -4.438682385876425229e+01 -9.991484999999999950e-01 2.136199000000000084e-02 -3.529991999999999852e-02 2.081593298718579490e+02
-3.372395999999999727e-02 5.922087999999999658e-02 9.976749999999999785e-01 4.753851035558419653e+02 2.647752000000000092e-02 9.979453999999999825e-01 -5.834194000000000185e-02 -4.438682385876425229e+01 -9.990803999999999796e-01 2.444843000000000016e-02 -3.522269000000000094e-02 2.081593298718579490e+02
-3.305902000000000146e-02 6.730529000000000373e-02 9.971845000000000292e-01 4.753851035558419653e+02 2.770654999999999993e-02 9.974081000000000197e-01 -6.640185999999999311e-02 -4.438682385876425229e+01 -9.990693000000000490e-01 2.543335999999999861e-02 -3.483813000000000187e-02 2.081593298718579490e+02
-3.087265000000000148e-02 7.512681999999999694e-02 9.966958999999999680e-01 4.753851035558419653e+02 2.832329999999999917e-02 9.968365000000000142e-01 -7.426012999999999364e-02 -4.438682385876425229e+01 -9.991219999999999546e-01 2.593710999999999933e-02 -3.290283000000000097e-02 2.081593298718579490e+02
-2.869259999999999866e-02 7.658906999999999521e-02 9.966496999999999717e-01 4.753851035558419653e+02 2.970433000000000101e-02 9.966852000000000489e-01 -7.573665000000000258e-02 -4.438682385876425229e+01 -9.991468999999999490e-01 2.743173000000000139e-02 -3.087252000000000052e-02 2.081593298718579490e+02
-2.666061000000000125e-02 7.158414000000000443e-02 9.970780999999999672e-01 4.753851035558419653e+02 2.859288999999999928e-02 9.970792000000000543e-01 -7.081969000000000458e-02 -4.438682385876425229e+01 -9.992356000000000016e-01 2.662124000000000087e-02 -2.862953000000000026e-02 2.081593298718579490e+02
-2.419601000000000043e-02 6.403546999999999711e-02 9.976542000000000465e-01 4.753851035558419653e+02 2.815724000000000005e-02 9.975941000000000392e-01 -6.334873000000000587e-02 -4.438682385876425229e+01 -9.993106999999999962e-01 2.655839999999999937e-02 -2.594085000000000141e-02 2.081593298718579490e+02
-2.154982000000000078e-02 6.329703999999999886e-02 9.977620000000000378e-01 4.753851035558419653e+02 2.585577000000000014e-02 9.976952000000000043e-01 -6.273439000000000099e-02 -4.438682385876425229e+01 -9.994334000000000273e-01 2.444597999999999910e-02 -2.313673999999999939e-02 2.081593298718579490e+02
-1.813135000000000094e-02 6.898440999999999601e-02 9.974528999999999757e-01 4.753851035558419653e+02 3.389740000000000114e-02 9.970858000000000221e-01 -6.834286000000000527e-02 -4.438682385876425229e+01 -9.992609000000000075e-01 3.257190000000000085e-02 -2.041690999999999992e-02 2.081593298718579490e+02
-1.465584999999999978e-02 7.434464999999999824e-02 9.971248000000000333e-01 4.753851035558419653e+02 3.594039000000000261e-02 9.966266999999999765e-01 -7.377926999999999402e-02 -4.438682385876425229e+01 -9.992465000000000375e-01 3.475575000000000192e-02 -1.727839000000000111e-02 2.081593298718579490e+02
-1.252202999999999997e-02 7.473475999999999730e-02 9.971246999999999749e-01 4.753851035558419653e+02 2.917557999999999957e-02 9.968057000000000167e-01 -7.434446999999999584e-02 -4.438682385876425229e+01 -9.994958999999999927e-01 2.816074000000000008e-02 -1.466246000000000042e-02 2.081593298718579490e+02
-9.302733000000000529e-03 7.218496000000000634e-02 9.973478000000000065e-01 4.753851035558419653e+02 2.558215000000000142e-02 9.970816999999999597e-01 -7.192708999999999908e-02 -4.438682385876425229e+01 -9.996294999999999487e-01 2.484516999999999975e-02 -1.112223000000000031e-02 2.081593298718579490e+02
-4.586658000000000401e-03 6.657879999999999354e-02 9.977705000000000046e-01 4.753851035558419653e+02 2.924906999999999854e-02 9.973630999999999469e-01 -6.641716999999999760e-02 -4.438682385876425229e+01 -9.995616999999999974e-01 2.887922000000000058e-02 -6.521932000000000250e-03 2.081593298718579490e+02
-1.251911000000000083e-03 6.911428000000000016e-02 9.976078999999999919e-01 4.753851035558419653e+02 3.420447000000000071e-02 9.970278999999999670e-01 -6.903119000000000616e-02 -4.438682385876425229e+01 -9.994140999999999719e-01 3.403621999999999898e-02 -3.612207999999999999e-03 2.081593298718579490e+02
1.859530000000000080e-03 7.309743999999999964e-02 9.973229999999999595e-01 4.753851035558419653e+02 3.365647000000000083e-02 9.967551000000000050e-01 -7.311858999999999720e-02 -4.438682385876425229e+01 -9.994317999999999813e-01 3.370233000000000256e-02 -6.067060999999999678e-04 2.081593298718579490e+02
