1.000000000000000000e+00 0.000000000000000000e+00 0.000000000000000000e+00 -1.906126607639510251e+00 0.000000000000000000e+00 1.000000000000000000e+00 0.000000000000000000e+00 -5.969707900445201609e+00 0.000000000000000000e+00 0.000000000000000000e+00 1.000000000000000000e+00 3.935291102507422920e+02
9.999998296124569253e-01 -5.742739887118108099e-04 -1.048066933408324460e-04 -1.906126607639510251e+00 5.744547584594707516e-04 9.999983333720200429e-01 1.732990165230449556e-03 -5.969707900445201609e+00 1.038113074924969454e-04 -1.733050076654196964e-03 9.999984928791864069e-01 3.935291102507422920e+02
9.999985693437305478e-01 -1.192991923660175705e-03 -1.199200050882382601e-03 -1.906126607639510251e+00 1.195244822474841092e-03 9.999975190365615330e-01 1.879710226678410999e-03 -5.969707900445201609e+00 1.196954596591666550e-03 -1.881140875111091560e-03 9.999975143012613810e-01 3.935291102507422920e+02
9.999994302892954989e-01 -4.939932475124103866e-04 -9.462514229949857761e-04 -1.906126607639510251e+00 4.948850014725812013e-04 9.999994334808612884e-01 9.424047920502569634e-04 -5.969707900445201609e+00 9.457853453217599958e-04 -9.428725407889893082e-04 9.999991082403286713e-01 3.935291102507422920e+02
9.999989911763749184e-01 -1.083068518480362775e-03 -9.190260147263962969e-04 -1.906126607639510251e+00 1.083935323271877429e-03 9.999989677243698027e-01 9.432043309964728561e-04 -5.969707900445201609e+00 9.180035111208511818e-04 -9.441995442299783072e-04 9.999991328780113431e-01 3.935291102507422920e+02
9.999980406151307566e-01 -1.408094093142122846e-03 -1.391415438680564326e-03 -1.906126607639510251e+00 1.411808912861441676e-03 9.999954323988844429e-01 2.672447747226244525e-03 -5.969707900445201609e+00 1.387646025362769585e-03 -2.674406923590341625e-03 9.999954609827564900e-01 3.935291102507422920e+02
9.999979401338319196e-01 -1.633661729639968030e-03 -1.204523742087113859e-03 -1.906126607639510251e+00 1.638079866511550197e-03 9.999919013262872358e-01 3.676136040496301178e-03 -5.969707900445201609e+00 1.198508424280064679e-03 -3.678101574238621090e-03 9.999925175451899184e-01 3.935291102507422920e+02
9.999997483015227173e-01 -7.077783189792378245e-04 -4.946454505370225164e-05 -1.906126607639510251e+00 7.079899487238574098e-04 9.999899897654414005e-01 4.418044719694947178e-03 -5.969707900445201609e+00 4.633705363715069056e-05 -4.418078628080464136e-03 9.999902391694199810e-01 3.935291102507422920e+02
9.999986292723054282e-01 1.289536423888007141e-03 -1.038532290657769551e-03 -1.906126607639510251e+00 -1.286090743068890206e-03 9.999936892919631948e-01 3.311698484364365529e-03 -5.969707900445201609e+00 1.042796292604205753e-03 -3.310358298162058635e-03 9.999939770337771261e-01 3.935291102507422920e+02
9.999827497540856314e-01 5.724617995056457791e-03 -1.314892796128896112e-03 -1.906126607639510251e+00 -5.725038872147788019e-03 9.999835617297597734e-01 -3.165441169237424813e-04 -5.969707900445201609e+00 1.313059087417777979e-03 3.240664688305164797e-04 9.999990854279604546e-01 3.935291102507422920e+02
9.999556057882152960e-01 9.320107784071222229e-03 -1.386377875482628719e-03 -1.906126607639510251e+00 -9.321727754976994254e-03 9.999558711795117905e-01 -1.166655599416178968e-03 -5.969707900445201609e+00 1.375443340328749839e-03 1.179527243781279544e-03 9.999983584342022613e-01 3.935291102507422920e+02
9.999316596521538036e-01 1.156133727495779751e-02 -1.735369038727926092e-03 -1.906126607639510251e+00 -1.156333245507739325e-02 9.999324878884734424e-01 -1.144118745232590223e-03 -5.969707900445201609e+00 1.722024337603573303e-03 1.164107204886719298e-03 9.999978397409650110e-01 3.935291102507422920e+02
9.999095958228201297e-01 1.334388430905752293e-02 -1.655576330902196669e-03 -1.906126607639510251e+00 -1.334482151830273036e-02 9.999107991323641365e-01 -5.563426316655929130e-04 -5.969707900445201609e+00 1.648004880343876362e-03 5.783857066136541443e-04 9.999984747737814539e-01 3.935291102507422920e+02
9.999377038400784068e-01 1.108926140437368514e-02 -1.271503257344144258e-03 -1.906126607639510251e+00 -1.108702156498411404e-02 9.999369964719694304e-01 1.755288989538816369e-03 -5.969707900445201609e+00 1.290888006598223288e-03 -1.741082457741006473e-03 9.999976511172564697e-01 3.935291102507422920e+02
9.999761659379143852e-01 6.826505881036398424e-03 -1.032653650291821389e-03 -1.906126607639510251e+00 -6.822579814037623390e-03 9.999696613398086908e-01 3.758830221219937665e-03 -5.969707900445201609e+00 1.058281997574591618e-03 -3.751695271077613251e-03 9.999924023820414565e-01 3.935291102507422920e+02
9.999882152010575176e-01 4.588708500259565046e-03 -1.585311735686999223e-03 -1.906126607639510251e+00 -4.586242927313453378e-03 9.999882734675141771e-01 1.555410966292253153e-03 -5.969707900445201609e+00 1.592430472999841048e-03 -1.548122011351263979e-03 9.999975337386722840e-01 3.935291102507422920e+02
9.999827697392918990e-01 3.381783184872151626e-03 -4.798308766809204068e-03 -1.906126607639510251e+00 -3.390191070075600135e-03 9.999927303971857251e-01 -1.745209812926812190e-03 -5.969707900445201609e+00 4.792371963810882797e-03 1.761446926039678161e-03 9.999869651528904280e-01 3.935291102507422920e+02
9.999759076494175725e-01 6.122210172049860795e-03 -3.271492523190718156e-03 -1.906126607639510251e+00 -6.134342927140119979e-03 9.999742967672632377e-01 -3.711555155306573220e-03 -5.969707900445201609e+00 3.248685514531054336e-03 3.731534192239601734e-03 9.999877607726008755e-01 3.935291102507422920e+02
9.999579627766318479e-01 8.884051623233791412e-03 -2.268547191249145525e-03 -1.906126607639510251e+00 -8.887407024592727106e-03 9.999594208318539623e-01 -1.473324813219401572e-03 -5.969707900445201609e+00 2.255366041792958819e-03 1.493424380978651328e-03 9.999963414971260178e-01 3.935291102507422920e+02
9.999574390130353541e-01 9.070360545061975990e-03 -1.687815768820544833e-03 -1.906126607639510251e+00 -9.066591077780876071e-03 9.999564160823674053e-01 2.227748176632568262e-03 -5.969707900445201609e+00 1.707948686362936036e-03 -2.212350626080557704e-03 9.999960942003688347e-01 3.935291102507422920e+02
9.999743778299121644e-01 7.115436198999139372e-03 -7.837419054906185917e-04 -1.906126607639510251e+00 -7.111924237083244033e-03 9.999650464315594789e-01 4.396185707772671571e-03 -5.969707900445201609e+00 8.149952898371117752e-04 -4.390499154901078907e-03 9.999900296002202094e-01 3.935291102507422920e+02
9.999941424587036609e-01 3.332401797741572479e-03 -7.811187721274531455e-04 -1.906126607639510251e+00 -3.330277448655883689e-03 9.999907951849498211e-01 2.705327611985369925e-03 -5.969707900445201609e+00 7.901268206716272708e-04 -2.702710423185362715e-03 9.999960355201297224e-01 3.935291102507422920e+02
9.999975079104933551e-01 2.099928390294377584e-03 -7.579403371022848043e-04 -1.906126607639510251e+00 -2.099247339260994997e-03 9.999973931640400160e-01 8.982347874519152307e-04 -5.969707900445201609e+00 7.598245900078378148e-04 -8.966414447341800346e-04 9.999993093501177155e-01 3.935291102507422920e+02
9.999991735926797576e-01 1.010293376555530245e-03 -7.950605302911769581e-04 -1.906126607639510251e+00 -1.011223364059042141e-03 9.999988040580022330e-01 -1.170175146617185918e-03 -5.969707900445201609e+00 7.938773592452211519e-04 1.170978163360217967e-03 9.999989992839393160e-01 3.935291102507422920e+02
9.999931104704798956e-01 3.664279540834188519e-03 -5.933523551363630326e-04 -1.906126607639510251e+00 -3.664678679677076112e-03 9.999930585763691093e-01 -6.730001882861876266e-04 -5.969707900445201609e+00 5.908821756057510083e-04 6.751699973571828302e-04 9.999995975017840211e-01 3.935291102507422920e+02
9.999910610607860573e-01 4.227307945057118092e-03 -8.755602097606153165e-05 -1.906126607639510251e+00 -4.227522107316497753e-03 9.999876570382840724e-01 -2.610330997299039474e-03 -5.969707900445201609e+00 7.652026731170711790e-05 2.610677808723490135e-03 9.999965892471978091e-01 3.935291102507422920e+02
9.999849980466269939e-01 5.476830120253749906e-03 -8.951825162813735915e-05 -1.906126607639510251e+00 -5.476998156760498962e-03 9.999830027703761059e-01 -1.999165209032631712e-03 -5.969707900445201609e+00 7.856764183404199131e-05 1.999625508948796402e-03 9.999979976604707055e-01 3.935291102507422920e+02
9.999841558167342770e-01 5.589734001598348039e-03 -6.655743985184779232e-04 -1.906126607639510251e+00 -5.590473217353249431e-03 9.999837526617459948e-01 -1.114011552544033569e-03 -5.969707900445201609e+00 6.593365564530142588e-04 1.117714777790161824e-03 9.999991579941365227e-01 3.935291102507422920e+02
9.999790616251690301e-01 6.405594545901036746e-03 -9.190591685607157977e-04 -1.906126607639510251e+00 -6.404780281154541163e-03 9.999790965002477439e-01 8.862009361481456215e-04 -5.969707900445201609e+00 9.247166008911238740e-04 -8.802960085005393865e-04 9.999991849887411854e-01 3.935291102507422920e+02
9.999482084047941477e-01 1.012182393740089330e-02 -1.062632682478794818e-03 -1.906126607639510251e+00 -1.012093311418475403e-02 9.999484289123184988e-01 8.403741339623757665e-04 -5.969707900445201609e+00 1.071084000381412058e-03 -8.295757753408762852e-04 9.999990822911279942e-01 3.935291102507422920e+02
9.999017790876068013e-01 1.399808688365858367e-02 -6.969512405003888255e-04 -1.906126607639510251e+00 -1.399800659415065783e-02 9.999020159116996931e-01 1.199462805149166810e-04 -5.969707900445201609e+00 6.985619688248261320e-04 -1.101785712212098199e-04 9.999997499358983521e-01 3.935291102507422920e+02
9.998398803598872453e-01 1.784394797046178968e-02 1.344307535678018316e-03 -1.906126607639510251e+00 -1.784423320026214468e-02 9.998407588956474967e-01 2.004805989718117431e-04 -5.969707900445201609e+00 -1.340516101284018212e-03 -2.244366352497485328e-04 9.999990763219634982e-01 3.935291102507422920e+02
9.998329414950213323e-01 1.825264945447565082e-02 9.643076800772424273e-04 -1.906126607639510251e+00 -1.825276918433904952e-02 9.998333976595248362e-01 1.155063366216695325e-04 -5.969707900445201609e+00 -9.620387274881430978e-04 -1.330883258126932687e-04 9.999995283843814420e-01 3.935291102507422920e+02
9.998537487039119709e-01 1.709560606287855236e-02 4.705911958136338837e-04 -1.906126607639510251e+00 -1.709552002417250027e-02 9.998538435720335515e-01 -1.862507307502729559e-04 -5.969707900445201609e+00 -4.737064850067271705e-04 1.781784901284712026e-04 9.999998719272881198e-01 3.935291102507422920e+02
9.998575296406583268e-01 1.687262736109730252e-02 -4.846305911720613906e-04 -1.906126607639510251e+00 -1.687299424242162324e-02 9.998573496268045036e-01 -7.631923462307615025e-04 -5.969707900445201609e+00 4.716843983750913707e-04 7.712607831176824212e-04 9.999995913352334176e-01 3.935291102507422920e+02
9.998673620774979343e-01 1.624527721044133691e-02 -1.161559528319437403e-03 -1.906126607639510251e+00 -1.624583045603965673e-02 9.998679180477441086e-01 -4.684566822760743033e-04 -5.969707900445201609e+00 1.153795898605345510e-03 4.872650463169522989e-04 9.999992156635924001e-01 3.935291102507422920e+02
9.998653754467208277e-01 1.628915052702611249e-02 -1.973463425396527852e-03 -1.906126607639510251e+00 -1.628636543469056883e-02 9.998663611319626998e-01 1.419217268774832647e-03 -5.969707900445201609e+00 1.996317537700573359e-03 -1.386885660765699562e-03 9.999970456278626241e-01 3.935291102507422920e+02
9.998551761326635035e-01 1.654667841502050971e-02 -3.979220293692814318e-03 -1.906126607639510251e+00 -1.654362313388071937e-02 9.998628252542848260e-01 7.995049247524171464e-04 -5.969707900445201609e+00 3.991903596042675924e-03 -7.335584164514058437e-04 9.999917632649433230e-01 3.935291102507422920e+02
9.998050346746418793e-01 1.905356353244874387e-02 -5.182118866701217186e-03 -1.906126607639510251e+00 -1.905337111426201255e-02 9.998184643056999832e-01 8.650187607830601435e-05 -5.969707900445201609e+00 5.182826296147029395e-03 1.225182271389761508e-05 9.999865689905427235e-01 3.935291102507422920e+02
9.998343319605927926e-01 1.695170435071038928e-02 -6.629355362077516377e-03 -1.906126607639510251e+00 -1.693903596943072479e-02 9.998545983384781177e-01 1.962458108431974595e-03 -5.969707900445201609e+00 6.661658452448529152e-03 -1.849838102912050542e-03 9.999760999172213616e-01 3.935291102507422920e+02
9.998434578303913023e-01 1.594294964413860843e-02 -7.673473164493080714e-03 -1.906126607639510251e+00 -1.592340773013682653e-02 9.998698312600359239e-01 2.601080984364752009e-03 -5.969707900445201609e+00 7.713943221314861418e-03 -2.478485963599332161e-03 9.999671755549314200e-01 3.935291102507422920e+02
9.998597395770026930e-01 1.460939124217095625e-02 -8.189435910660982504e-03 -1.906126607639510251e+00 -1.458779248371980253e-02 9.998899714842437447e-01 2.690954420224646055e-03 -5.969707900445201609e+00 8.227848045123480752e-03 -2.571111194195629685e-03 9.999628452616495800e-01 3.935291102507422920e+02
9.998826879867145356e-01 1.271732468150399073e-02 -8.536973550431177851e-03 -1.906126607639510251e+00 -1.270096227191028042e-02 9.999174025782132658e-01 1.968140901511402155e-03 -5.969707900445201609e+00 8.561297905290232366e-03 -1.859482235959287024e-03 9.999616225155800731e-01 3.935291102507422920e+02
9.999048292629871826e-01 1.064658419583943381e-02 -8.773976379636649545e-03 -1.906126607639510251e+00 -1.062606645856105717e-02 9.999407051439460625e-01 2.381786692281724453e-03 -5.969707900445201609e+00 8.798814020526830523e-03 -2.288327159770660400e-03 9.999586713612932387e-01 3.935291102507422920e+02
9.999026634128014290e-01 1.055968942916577294e-02 -9.119027313166345322e-03 -1.906126607639510251e+00 -1.053514067738832091e-02 9.999407611018600317e-01 2.735890703617469780e-03 -5.969707900445201609e+00 9.147377268179211415e-03 -2.639554165767818428e-03 9.999546780944225111e-01 3.935291102507422920e+02
9.999036771255862543e-01 1.066522349362880942e-02 -8.881974924253244197e-03 -1.906126607639510251e+00 -1.064885954542750361e-02 9.999415175974027958e-01 1.887637514499324390e-03 -5.969707900445201609e+00 8.901587560987621675e-03 -1.792872788373231323e-03 9.999587728231895678e-01 3.935291102507422920e+02
9.999158193342913004e-01 1.023640015550488468e-02 -7.973102086489056509e-03 -1.906126607639510251e+00 -1.022313411483209526e-02 9.999462925024745763e-01 1.702832765400276839e-03 -5.969707900445201609e+00 7.990104748713679206e-03 -1.621179327862589011e-03 9.999667644495450203e-01 3.935291102507422920e+02
9.999275730646235427e-01 9.353136398538353102e-03 -7.574131276465540137e-03 -1.906126607639510251e+00 -9.350904758673891232e-03 9.999562248819995336e-01 3.299999037405022839e-04 -5.969707900445201609e+00 7.576886252086993331e-03 -2.591510226623698100e-04 9.999712614047819859e-01 3.935291102507422920e+02
9.999236259104368196e-01 1.006329794841766267e-02 -7.174425448556199895e-03 -1.906126607639510251e+00 -1.006294432470752724e-02 9.999493636482634784e-01 8.538707854826648412e-05 -5.969707900445201609e+00 7.174921437438700617e-03 -1.318471333678796875e-05 9.999742598329871557e-01 3.935291102507422920e+02
9.999281137822855214e-01 1.009941331213365379e-02 -6.462903259531876769e-03 -1.906126607639510251e+00 -1.010366259862749937e-02 9.999487612656783320e-01 -6.251762396746703750e-04 -5.969707900445201609e+00 6.456258195312041155e-03 6.904302920617928427e-04 9.999789197958764975e-01 3.935291102507422920e+02
9.998820771069822921e-01 1.417869313682755712e-02 -5.898859309110852586e-03 -1.906126607639510251e+00 -1.417531103984065802e-02 9.998993362440804500e-01 6.147646488739077954e-04 -5.969707900445201609e+00 5.906982067085547045e-03 -5.310739885605961913e-04 9.999824126069811747e-01 3.935291102507422920e+02
9.998653968310142748e-01 1.557671310654808530e-02 -5.153079539954269310e-03 -1.906126607639510251e+00 -1.556891634967229147e-02 9.998775961438757243e-01 1.549701017645946886e-03 -5.969707900445201609e+00 5.176588031301151104e-03 -1.469264558676756623e-03 9.999855219941994333e-01 3.935291102507422920e+02
9.998004692832497264e-01 1.920051974276650378e-02 -5.510141794155598571e-03 -1.906126607639510251e+00 -1.919490013078315946e-02 9.998151873598598582e-01 1.070949830689601166e-03 -5.969707900445201609e+00 5.529686243671425722e-03 -9.649695218565301942e-04 9.999842455778338302e-01 3.935291102507422920e+02
9.997241065850667185e-01 2.267559644995974927e-02 -6.126013248378994053e-03 -1.906126607639510251e+00 -2.267290888776115829e-02 9.997428075896327426e-01 5.078143042253497599e-04 -5.969707900445201609e+00 6.135952676500493717e-03 -3.687796613765946183e-04 9.999811068646817791e-01 3.935291102507422920e+02
9.996331349031022384e-01 2.646991598902332862e-02 -5.739264005153426294e-03 -1.906126607639510251e+00 -2.647196986897366183e-02 9.996495161728998768e-01 -2.821817591920483667e-04 -5.969707900445201609e+00 5.729783158481376905e-03 4.340078603686192650e-04 9.999834904747851860e-01 3.935291102507422920e+02
9.996242555602866675e-01 2.682402275082993587e-02 -5.640877502314555272e-03 -1.906126607639510251e+00 -2.682513668568695109e-02 9.996401338398283043e-01 -1.218953904674442370e-04 -5.969707900445201609e+00 5.635577816661158958e-03 2.731668989796939969e-04 9.999840826945790573e-01 3.935291102507422920e+02
9.995581542082067061e-01 2.943425580967227312e-02 -4.137745860232053957e-03 -1.906126607639510251e+00 -2.943638681567882845e-02 9.995665520920761216e-01 -4.550494465579320302e-04 -5.969707900445201609e+00 4.122558321129805164e-03 5.766486725622764053e-04 9.999913359570663518e-01 3.935291102507422920e+02
9.996220520412866239e-01 2.719811666471855238e-02 -4.001939860799182298e-03 -1.906126607639510251e+00 -2.720039332552046107e-02 9.996298679036558221e-01 -5.155558736911817997e-04 -5.969707900445201609e+00 3.986436465609643175e-03 6.242153586805319031e-04 9.999918593066108308e-01 3.935291102507422920e+02
9.996317613793448409e-01 2.673753648175618280e-02 -4.630959350456802931e-03 -1.906126607639510251e+00 -2.674373903374741707e-02 9.996414993548012884e-01 -1.282649672202266578e-03 -5.969707900445201609e+00 4.595004256138340328e-03 1.406026519401291615e-03 9.999884544460070357e-01 3.935291102507422920e+02
9.995499297128775940e-01 2.970947169541243715e-02 -4.157559686995973905e-03 -1.906126607639510251e+00 -2.971632393083166110e-02 9.995570980814310058e-01 -1.596172630946477876e-03 -5.969707900445201609e+00 4.108296850234335190e-03 1.719001631493271252e-03 9.999900834160218022e-01 3.935291102507422920e+02
9.995675290842658267e-01 2.908693325171648678e-02 -4.324940967923769988e-03 -1.906126607639510251e+00 -2.909429372723706941e-02 9.995753116006217409e-01 -1.648790779586319132e-03 -5.969707900445201609e+00 4.275145948315215577e-03 1.773908828402316834e-03 9.999892881299229375e-01 3.935291102507422920e+02
9.995630691400235746e-01 2.914743084310881041e-02 -4.908980200939788534e-03 -1.906126607639510251e+00 -2.915766650258883735e-02 9.995727704757384480e-01 -2.026575333445647040e-03 -5.969707900445201609e+00 4.847813475284358173e-03 2.168824267709777709e-03 9.999858973534603290e-01 3.935291102507422920e+02
9.995383507434557613e-01 2.988728469937499896e-02 -5.462197940532666739e-03 -1.906126607639510251e+00 -2.989712941379298744e-02 9.995514844148293276e-01 -1.729640693220999437e-03 -5.969707900445201609e+00 5.408053795801507496e-03 1.892146244593304310e-03 9.999835862336597936e-01 3.935291102507422920e+02
9.996562175483484358e-01 2.539133829665725373e-02 -6.536563043703335664e-03 -1.906126607639510251e+00 -2.540353887543216407e-02 9.996756749460895541e-01 -1.790288715675108491e-03 -5.969707900445201609e+00 6.488985246113787402e-03 1.955725079224261004e-03 9.999770338412230508e-01 3.935291102507422920e+02
9.996943769594470730e-01 2.347520021253889436e-02 -7.750332291878720380e-03 -1.906126607639510251e+00 -2.348303609740089171e-02 9.997238107156318776e-01 -9.215768358482935877e-04 -5.969707900445201609e+00 7.726557532417017808e-03 1.103296513711209126e-03 9.999695410588772537e-01 3.935291102507422920e+02
9.997743932023883673e-01 1.933693338763968136e-02 -8.788953518439236376e-03 -1.906126607639510251e+00 -1.933369754677076446e-02 9.998129839805681707e-01 4.529934246659613091e-04 -5.969707900445201609e+00 8.796069347015449472e-03 -2.829682571914228137e-04 9.999612737966450116e-01 3.935291102507422920e+02
9.998034511348957709e-01 1.752068488551062481e-02 -9.278184083420607312e-03 -1.906126607639510251e+00 -1.751941950567611692e-02 9.998464995038039982e-01 2.176469036673378142e-04 -5.969707900445201609e+00 9.280573200375853357e-03 -5.505572620657859633e-05 9.999569330375888132e-01 3.935291102507422920e+02
9.998378451793136223e-01 1.543298876310104928e-02 -9.279342919400542997e-03 -1.906126607639510251e+00 -1.543250854256266076e-02 9.998809041396656827e-01 1.233569159997635915e-04 -5.969707900445201609e+00 9.280141553971081245e-03 1.986662579235851437e-05 9.999569383618760465e-01 3.935291102507422920e+02
9.998353760001487123e-01 1.564981085307463188e-02 -9.181738337254202048e-03 -1.906126607639510251e+00 -1.565520304759239131e-02 9.998773168145175250e-01 -5.156911296068733899e-04 -5.969707900445201609e+00 9.172541423710123612e-03 6.593482124705357704e-04 9.999577139778292878e-01 3.935291102507422920e+02
9.998295136786957693e-01 1.625395956557375288e-02 -8.760843307188636436e-03 -1.906126607639510251e+00 -1.626535088502837831e-02 9.998669531774130315e-01 -1.230570723377119981e-03 -5.969707900445201609e+00 8.739676058043457235e-03 1.372859118342102756e-03 9.999608658943822670e-01 3.935291102507422920e+02
9.998407498413846017e-01 1.578582260438891188e-02 -8.323626692127703008e-03 -1.906126607639510251e+00 -1.579798115045932122e-02 9.998742281786142660e-01 -1.397002430699277728e-03 -5.969707900445201609e+00 8.300526981889556552e-03 1.528276455426839974e-03 9.999643821771352359e-01 3.935291102507422920e+02
9.998477612783830404e-01 1.505307054075368661e-02 -8.823793622356157842e-03 -1.906126607639510251e+00 -1.506666351147695551e-02 9.998854019082430433e-01 -1.476042487098227097e-03 -5.969707900445201609e+00 8.800563460765915835e-03 1.608762905680229723e-03 9.999599801815507449e-01 3.935291102507422920e+02
9.998235837868334475e-01 1.675880851792638238e-02 -8.481959720579187317e-03 -1.906126607639510251e+00 -1.676816293420440446e-02 9.998588709097553373e-01 -1.032944762006113857e-03 -5.969707900445201609e+00 8.463451745844665849e-03 1.174989416399354215e-03 9.999634940258659288e-01 3.935291102507422920e+02
9.998389705674819439e-01 1.589212055241440852e-02 -8.335072818733387304e-03 -1.906126607639510251e+00 -1.588569267186851208e-02 9.998734642378950266e-01 8.368280870447939715e-04 -5.969707900445201609e+00 8.347317106783488233e-03 -7.042849278962842307e-04 9.999649125243647019e-01 3.935291102507422920e+02
9.998458441468456304e-01 1.619275576257581811e-02 -6.788416831833956125e-03 -1.906126607639510251e+00 -1.616945552441194020e-02 9.998632330883310271e-01 3.473301915352188397e-03 -5.969707900445201609e+00 6.843730730634206907e-03 -3.363001481488185705e-03 9.999709263627234446e-01 3.935291102507422920e+02
9.998509658799530353e-01 1.579488282346394254e-02 -6.969053415349282972e-03 -1.906126607639510251e+00 -1.578189349576281097e-02 9.998736244462648193e-01 1.914934562705227329e-03 -5.969707900445201609e+00 6.998418864397897184e-03 -1.804664313349940491e-03 9.999738823189912029e-01 3.935291102507422920e+02
9.998646259222613297e-01 1.456148256275582170e-02 -7.661139268995418791e-03 -1.906126607639510251e+00 -1.455513197756726218e-02 9.998936776500351176e-01 8.840410648685822007e-04 -5.969707900445201609e+00 7.673197667216232441e-03 -7.724124954655269947e-04 9.999702622660824325e-01 3.935291102507422920e+02
9.998781843226204336e-01 1.310565948536740292e-02 -8.476921914322126800e-03 -1.906126607639510251e+00 -1.310276858884507761e-02 9.999140764378325885e-01 3.964804968153204357e-04 -5.969707900445201609e+00 8.481389685379344193e-03 -2.853610530854951816e-04 9.999639916507371273e-01 3.935291102507422920e+02
9.998990819191296842e-01 1.140158950677472305e-02 -8.475242414716118236e-03 -1.906126607639510251e+00 -1.138926157958831779e-02 9.999340130424549944e-01 1.501426482950120799e-03 -5.969707900445201609e+00 8.491801807688383399e-03 -1.404748209058818585e-03 9.999629573061842303e-01 3.935291102507422920e+02
9.999370821007806942e-01 7.472066126316389938e-03 -8.366604303301645659e-03 -1.906126607639510251e+00 -7.441950430077980301e-03 9.999657382288236196e-01 3.624878243561785104e-03 -5.969707900445201609e+00 8.393402978555746310e-03 -3.562386319344136923e-03 9.999584292310120803e-01 3.935291102507422920e+02
9.999577921060639474e-01 5.850589107980171469e-03 -7.084109925951377097e-03 -1.906126607639510251e+00 -5.825846855199763412e-03 9.999768755633052786e-01 3.508254134230277214e-03 -5.969707900445201609e+00 7.104471463326139831e-03 -3.466835118677488985e-03 9.999687532815653146e-01 3.935291102507422920e+02
9.999637795178990540e-01 6.013308102993301582e-03 -6.023269703793560255e-03 -1.906126607639510251e+00 -5.999324854635883220e-03 9.999792732340591073e-01 2.336921815637434379e-03 -5.969707900445201609e+00 6.037197491782779653e-03 -2.300701619562088747e-03 9.999791292914588237e-01 3.935291102507422920e+02
9.999657258659605530e-01 6.295839859926332521e-03 -5.376754951508388655e-03 -1.906126607639510251e+00 -6.293967758056483175e-03 9.999801261624470250e-01 3.650342426840110996e-04 -5.969707900445201609e+00 5.378946291889754455e-03 -3.311806091432807219e-04 9.999854785226606202e-01 3.935291102507422920e+02
9.999600409303688320e-01 7.921293086652481455e-03 -4.143628646275685640e-03 -1.906126607639510251e+00 -7.927810547749040981e-03 9.999673593956360795e-01 -1.558833935672814322e-03 -5.969707900445201609e+00 4.131145415255031011e-03 1.591621549007355297e-03 9.999902001411835606e-01 3.935291102507422920e+02
9.999319117871221518e-01 1.121737013984268859e-02 -3.215959714139472823e-03 -1.906126607639510251e+00 -1.122248987453859821e-02 9.999357801632816622e-01 -1.578375832084256015e-03 -5.969707900445201609e+00 3.198047959803979219e-03 1.614359438623908351e-03 9.999935831458375279e-01 3.935291102507422920e+02
9.999188265604068704e-01 1.270321038688732376e-02 -9.842438277021328414e-04 -1.906126607639510251e+00 -1.270274827208078307e-02 9.999192043252048689e-01 4.743500675716184499e-04 -5.969707900445201609e+00 9.901900737638801540e-04 -4.618089613629580660e-04 9.999994031278729434e-01 3.935291102507422920e+02
9.999042378522009500e-01 1.383853777796462299e-02 9.998682049647162901e-05 -1.906126607639510251e+00 -1.383876316569556016e-02 9.999003362666138983e-01 2.793952031976770778e-03 -5.969707900445201609e+00 -6.131264469176600767e-05 -2.795068171057445931e-03 9.999960919097033996e-01 3.935291102507422920e+02
9.999010377376496006e-01 1.387844551862381891e-02 2.302928819224611418e-03 -1.906126607639510251e+00 -1.388693770708385004e-02 9.998966761764018774e-01 3.713479837580102930e-03 -5.969707900445201609e+00 -2.251153544202597143e-03 -3.745092972270157826e-03 9.999904532476050489e-01 3.935291102507422920e+02
9.999177927720235282e-01 1.239711468717146631e-02 3.274025861858235673e-03 -1.906126607639510251e+00 -1.240635755964298106e-02 9.999190672157520776e-01 2.818033087984739889e-03 -5.969707900445201609e+00 -3.238825406444983870e-03 -2.858420160797495516e-03 9.999906696785586524e-01 3.935291102507422920e+02
9.998883222745079680e-01 1.434784267512056490e-02 4.181194760640375395e-03 -1.906126607639510251e+00 -1.435736635463731072e-02 9.998943810999303405e-01 2.256695847571520749e-03 -5.969707900445201609e+00 -4.148374430461671328e-03 -2.316474769890253336e-03 9.999887124034081420e-01 3.935291102507422920e+02
9.998519048050433788e-01 1.623524801600177703e-02 5.708342979496437881e-03 -1.906126607639510251e+00 -1.624664969496727659e-02 9.998660998795820820e-01 1.956702656146212718e-03 -5.969707900445201609e+00 -5.675811078767432037e-03 -2.049154326610988335e-03 9.999817929018229856e-01 3.935291102507422920e+02
9.998288351215588454e-01 1.705159698042021943e-02 7.179380187132006902e-03 -1.906126607639510251e+00 -1.705785606935405346e-02 9.998541748895788395e-01 8.114814829232616742e-04 -5.969707900445201609e+00 -7.164496198018988592e-03 -9.338074196926515486e-04 9.999738986583259770e-01 3.935291102507422920e+02
9.997869102099402605e-01 1.888506323316104310e-02 8.335979818109682735e-03 -1.906126607639510251e+00 -1.888837287763807382e-02 9.998215480492954610e-01 3.184750314317159837e-04 -5.969707900445201609e+00 -8.328477825142724042e-03 -4.758602627585557321e-04 9.999652044016967833e-01 3.935291102507422920e+02
9.997701844566359020e-01 1.969440795485678450e-02 8.468091097691980013e-03 -1.906126607639510251e+00 -1.969325189759056280e-02 9.998060449299190910e-01 -2.198892713577794218e-04 -5.969707900445201609e+00 -8.470779257504040122e-03 5.307448630733980951e-05 9.999641208972801509e-01 3.935291102507422920e+02
9.997374182257370290e-01 2.038873976198397539e-02 1.045915341899236045e-02 -1.906126607639510251e+00 -2.041212457247396778e-02 9.997893735206064836e-01 2.133955414884395815e-03 -5.969707900445201609e+00 -1.041344178271187172e-02 -2.346888619595936722e-03 9.999430245489218105e-01 3.935291102507422920e+02
9.997547964700580492e-01 1.903490304770001987e-02 1.131456588046439969e-02 -1.906126607639510251e+00 -1.907404353453339557e-02 9.998124229797429319e-01 3.361505409825014511e-03 -5.969707900445201609e+00 -1.124845759834005969e-02 -3.576495679010414149e-03 9.999303380137622987e-01 3.935291102507422920e+02
9.997759668182634174e-01 1.755721177460731544e-02 1.182203397449387190e-02 -1.906126607639510251e+00 -1.760350804333490546e-02 9.998377355555557733e-01 3.823488421422080279e-03 -5.969707900445201609e+00 -1.175298588278548065e-02 -4.030741103303765727e-03 9.999228072451380456e-01 3.935291102507422920e+02
9.998128972134660009e-01 1.530330469898826332e-02 1.183129033078167587e-02 -1.906126607639510251e+00 -1.535342830490635593e-02 9.998734862669785839e-01 4.157366907824117976e-03 -5.969707900445201609e+00 -1.176617205753889041e-02 -4.338239920738707310e-03 9.999213653430469861e-01 3.935291102507422920e+02
9.998295566840328386e-01 1.367638874819565066e-02 1.240217609153922498e-02 -1.906126607639510251e+00 -1.373917805850689150e-02 9.998931528885125486e-01 4.991772525591775186e-03 -5.969707900445201609e+00 -1.233258153324442649e-02 -5.161317416964051295e-03 9.999106301241366124e-01 3.935291102507422920e+02
9.998417198538228634e-01 1.182326125841905336e-02 1.329457532047254205e-02 -1.906126607639510251e+00 -1.188643223419926648e-02 9.999183891989638084e-01 4.682699060627355803e-03 -5.969707900445201609e+00 -1.323812556514217080e-02 -4.839982950964248805e-03 9.999006583638979651e-01 3.935291102507422920e+02
9.998623322506811073e-01 1.081482430069527316e-02 1.258396287187142290e-02 -1.906126607639510251e+00 -1.087369716199776924e-02 9.999302093743155373e-01 4.619425361254384833e-03 -5.969707900445201609e+00 -1.253312635557619556e-02 -4.755623616727756159e-03 9.999101483572272464e-01 3.935291102507422920e+02
9.998873796995297880e-01 9.526083706902055415e-03 1.159662221533194586e-02 -1.906126607639510251e+00 -9.590689588354550307e-03 9.999387264731773861e-01 5.528288380757000707e-03 -5.969707900445201609e+00 -1.154324871151791825e-02 -5.638885387198614915e-03 9.999174747851821143e-01 3.935291102507422920e+02
9.999120601545439246e-01 8.036624541396551746e-03 1.054915273677787049e-02 -1.906126607639510251e+00 -8.097900902875168616e-03 9.999505132395875018e-01 5.778847017665710191e-03 -5.969707900445201609e+00 -1.050218826962000598e-02 -5.863764820223253509e-03 9.999276575351258023e-01 3.935291102507422920e+02
9.999291886044254785e-01 7.693158289923488283e-03 9.079267173574117125e-03 -1.906126607639510251e+00 -7.746684704756571886e-03 9.999527350014061344e-01 5.875086322216608280e-03 -5.969707900445201609e+00 -9.033640072979486069e-03 -5.945004519298441314e-03 9.999415234243942407e-01 3.935291102507422920e+02
9.999384973843671309e-01 7.296540732569065102e-03 8.352361463659457169e-03 -1.906126607639510251e+00 -7.343264691809045334e-03 9.999574849137788934e-01 5.577170301884601736e-03 -5.969707900445201609e+00 -8.311312312010814274e-03 -5.638160892351965457e-03 9.999495653428751574e-01 3.935291102507422920e+02
9.999545815432947515e-01 6.437553590440221393e-03 7.027997889304476650e-03 -1.906126607639510251e+00 -6.475114608129804890e-03 9.999648053766435618e-01 5.334875712142140604e-03 -5.969707900445201609e+00 -6.993406993269873223e-03 -5.380140502118965599e-03 9.999610724157239616e-01 3.935291102507422920e+02
9.999621712959013697e-01 4.855648429246222503e-03 7.216554268053041593e-03 -1.906126607639510251e+00 -4.878943112399486588e-03 9.999829333662538788e-01 3.213859102540690682e-03 -5.969707900445201609e+00 -7.200825735860759587e-03 -3.248946684156463205e-03 9.999687957402302318e-01 3.935291102507422920e+02
9.999857304208094044e-01 -1.307660807245223777e-03 5.179669676687663829e-03 -1.906126607639510251e+00 1.290354778540782473e-03 9.999935793826724151e-01 3.343079116462024155e-03 -5.969707900445201609e+00 -5.184008033546313662e-03 -3.336347800610667963e-03 9.999809972414788195e-01 3.935291102507422920e+02
9.999492819694955070e-01 -8.287911096929773472e-03 5.722238925956798367e-03 -1.906126607639510251e+00 8.255406567267498455e-03 9.999497869559715868e-01 5.680829967386240645e-03 -5.969707900445201609e+00 -5.769033808647534151e-03 -5.633302438069273319e-03 9.999674915478786730e-01 3.935291102507422920e+02
9.998818236833592055e-01 -1.480297347263622755e-02 4.148571319646286205e-03 -1.906126607639510251e+00 1.477177774817312397e-02 9.998631217004229077e-01 7.452009503873322296e-03 -5.969707900445201609e+00 -4.258315369261443835e-03 -7.389847079331788270e-03 9.999636277937117290e-01 3.935291102507422920e+02
9.998202196374150752e-01 -1.871183223912413832e-02 3.065246879516213534e-03 -1.906126607639510251e+00 1.869700834789541147e-02 9.998136955544434379e-01 4.795420795643014905e-03 -5.969707900445201609e+00 -3.154406919839336000e-03 -4.737247726658355869e-03 9.999838039693247360e-01 3.935291102507422920e+02
9.998053300098211915e-01 -1.953899571293939152e-02 2.744035435014252188e-03 -1.906126607639510251e+00 1.953111841939187895e-02 9.998051338817727229e-01 2.868741351191677908e-03 -5.969707900445201609e+00 -2.799553040442653764e-03 -2.814588812312136205e-03 9.999921202652506391e-01 3.935291102507422920e+02
9.998560204954258790e-01 -1.657616024094165849e-02 3.628937957763909896e-03 -1.906126607639510251e+00 1.657299526598253817e-02 9.998622529838216977e-01 9.004921061054656922e-04 -5.969707900445201609e+00 -3.643364783834319998e-03 -8.402200821029442643e-04 9.999930099372023040e-01 3.935291102507422920e+02
9.998420762712780796e-01 -1.727381457875722809e-02 4.175864871219940426e-03 -1.906126607639510251e+00 1.727244210801961652e-02 9.998507538005234618e-01 3.645108405827811337e-04 -5.969707900445201609e+00 -4.181538131930028802e-03 -2.923258914319672684e-04 9.999912146036208371e-01 3.935291102507422920e+02
9.997905785750246244e-01 -2.003228536773834362e-02 4.184081207075742923e-03 -1.906126607639510251e+00 2.001782159434227146e-02 9.997935995849757118e-01 3.470597576358197458e-03 -5.969707900445201609e+00 -4.252741612023739834e-03 -3.386114567728127061e-03 9.999852240992944674e-01 3.935291102507422920e+02
9.996627201620434944e-01 -2.554522154087159394e-02 4.678415825492358501e-03 -1.906126607639510251e+00 2.551508182160616006e-02 9.996539984374946952e-01 6.392496192322038619e-03 -5.969707900445201609e+00 -4.840094817738153747e-03 -6.270969969658613322e-03 9.999686237166621749e-01 3.935291102507422920e+02
9.996181065820269884e-01 -2.720545513699344081e-02 4.848113461627464801e-03 -1.906126607639510251e+00 2.717171757583324368e-02 9.996070082590697847e-01 6.893968620045667038e-03 -5.969707900445201609e+00 -5.033761747085859634e-03 -6.759604289050416201e-03 9.999644838655668000e-01 3.935291102507422920e+02
9.995903917227038082e-01 -2.823572964061463186e-02 4.668227425696181918e-03 -1.906126607639510251e+00 2.820495265718026348e-02 9.995808173098208460e-01 6.532251666867445149e-03 -5.969707900445201609e+00 -4.850713477575075393e-03 -6.397908868979992024e-03 9.999677681509855365e-01 3.935291102507422920e+02
9.995940018016098438e-01 -2.770441683963945426e-02 6.655587863071910949e-03 -1.906126607639510251e+00 2.765076387687849871e-02 9.995854516326281303e-01 8.022477262198084505e-03 -5.969707900445201609e+00 -6.875086854147251930e-03 -7.835188062418757537e-03 9.999456700285144217e-01 3.935291102507422920e+02
9.996893013144835249e-01 -2.380722912412366193e-02 7.383541072907372389e-03 -1.906126607639510251e+00 2.375406311369637757e-02 9.996918571163923017e-01 7.206615070304574211e-03 -5.969707900445201609e+00 -7.552835423457449592e-03 -7.028986883826154712e-03 9.999467725936482809e-01 3.935291102507422920e+02
9.997609401333416024e-01 -2.023345612192824217e-02 8.286726557731410869e-03 -1.906126607639510251e+00 2.019186264084900373e-02 9.997832553380533449e-01 5.072576144323824240e-03 -5.969707900445201609e+00 -8.387566200825770021e-03 -4.904039050550488069e-03 9.999527984531155766e-01 3.935291102507422920e+02
9.997717724774003445e-01 -1.949733856382051753e-02 8.732510882243464667e-03 -1.906126607639510251e+00 1.945383580489376193e-02 9.997980567266661067e-01 5.039249751759597266e-03 -5.969707900445201609e+00 -8.828999368928615657e-03 -4.868218823404689595e-03 9.999491733161395279e-01 3.935291102507422920e+02
9.998037439102841484e-01 -1.760348997005476909e-02 9.087948274317842953e-03 -1.906126607639510251e+00 1.754666780774925480e-02 9.998262298556142014e-01 6.294802741541737252e-03 -5.969707900445201609e+00 -9.197179557157653118e-03 -6.134104138746007337e-03 9.999388904601161920e-01 3.935291102507422920e+02
9.998527579866379744e-01 -1.472221359609698216e-02 8.815825164256021335e-03 -1.906126607639510251e+00 1.467057119224162917e-02 9.998750084688630135e-01 5.894215833114407714e-03 -5.969707900445201609e+00 -8.901499165246509401e-03 -5.764014766216648752e-03 9.999437681421821100e-01 3.935291102507422920e+02
9.998902876333463086e-01 -1.227344013681228203e-02 8.293091323124779368e-03 -1.906126607639510251e+00 1.226015178824131635e-02 9.999234780414113510e-01 1.651284257819744545e-03 -5.969707900445201609e+00 -8.312723658020682374e-03 -1.549428533099793956e-03 9.999642483092114897e-01 3.935291102507422920e+02
9.999357117059338718e-01 -8.128602719662519210e-03 7.905584921702417736e-03 -1.906126607639510251e+00 8.138026688059902050e-03 9.999662121623198452e-01 -1.160627145848379827e-03 -5.969707900445201609e+00 -7.895883532107572655e-03 1.224888392187484893e-03 9.999680768262927399e-01 3.935291102507422920e+02
9.999501630020513065e-01 -6.288961427395351779e-03 7.753739505292016505e-03 -1.906126607639510251e+00 6.307812474673623639e-03 9.999772034488142447e-01 -2.409166760033686506e-03 -5.969707900445201609e+00 -7.738411589946025786e-03 2.457955829172484962e-03 9.999670371763292875e-01 3.935291102507422920e+02
9.999698915637919017e-01 -3.377094625530496297e-04 7.752542692374761110e-03 -1.906126607639510251e+00 3.485152178398393539e-04 9.999989697050195581e-01 -1.392525061448127112e-03 -5.969707900445201609e+00 -7.752064436078371680e-03 1.395185013802206515e-03 9.999689789967267650e-01 3.935291102507422920e+02
9.999627749354101924e-01 2.793769100511938816e-03 8.163553005068746246e-03 -1.906126607639510251e+00 -2.797642095075992576e-03 9.999959793863679725e-01 4.630440703844627645e-04 -5.969707900445201609e+00 -8.162226544359746372e-03 -4.858655330706166580e-04 9.999665704374935959e-01 3.935291102507422920e+02
9.999581482985141490e-01 3.993804165004001018e-03 8.231110476544763535e-03 -1.906126607639510251e+00 -4.012631471875149208e-03 9.999893681388031252e-01 2.272091114683451492e-03 -5.969707900445201609e+00 -8.221948677563086991e-03 -2.305024436750269766e-03 9.999635425465721594e-01 3.935291102507422920e+02
9.999737397669673511e-01 1.348066033403876648e-03 7.120568405229861682e-03 -1.906126607639510251e+00 -1.368755494376380473e-03 9.999948538387926078e-01 2.901517591442802010e-03 -5.969707900445201609e+00 -7.116620324326121232e-03 -2.911187714041699008e-03 9.999704389136979676e-01 3.935291102507422920e+02
