1.000000000000000000e+00 0.000000000000000000e+00 0.000000000000000000e+00 -2.285255443162802713e+00 0.000000000000000000e+00 1.000000000000000000e+00 0.000000000000000000e+00 -2.045710863553584957e+01 0.000000000000000000e+00 0.000000000000000000e+00 1.000000000000000000e+00 3.972294948915135819e+02
9.999999713020777392e-01 -9.633478531787739447e-05 2.193523486915538445e-04 -2.285255443162802713e+00 9.633076649428428371e-05 9.999999951921640928e-01 1.833180701329060292e-05 -2.045710863553584957e+01 -2.193541136276368686e-04 -1.831067610732404994e-05 9.999999757742457085e-01 3.972294948915135819e+02
9.999997722982802983e-01 -6.283378213630971907e-04 2.461604560702871009e-04 -2.285255443162802713e+00 6.286375129164458939e-04 9.999990590796563605e-01 -1.219284494902616884e-03 -2.045710863553584957e+01 -2.453941018897572266e-04 1.219438962966322556e-03 9.999992263748759269e-01 3.972294948915135819e+02
9.999998236054901124e-01 -5.700223645804903616e-04 1.669236139340293204e-04 -2.285255443162802713e+00 5.703002649511884148e-04 9.999984436831059753e-01 -1.669547535727242474e-03 -2.045710863553584957e+01 -1.659716747138941038e-04 1.669642437809476000e-03 9.999985923727758852e-01 3.972294948915135819e+02
9.999998927663669157e-01 -4.580174505130635569e-04 -6.846364035940738469e-05 -2.285255443162802713e+00 4.579392707929107534e-04 9.999992480754129609e-01 -1.137602845151944016e-03 -2.045710863553584957e+01 6.898463083474583877e-05 1.137571370973115489e-03 9.999993505860375054e-01 3.972294948915135819e+02
9.999948613721578727e-01 -2.758354528227710024e-03 1.633618552692630036e-03 -2.285255443162802713e+00 2.758545687610894272e-03 9.999961886190146254e-01 -1.147742740804115198e-04 -2.045710863553584957e+01 -1.633295738211306639e-03 1.192800957118620705e-04 9.999986590577460976e-01 3.972294948915135819e+02
9.999962582260967237e-01 -1.956923970233827911e-03 1.911539270049177107e-03 -2.285255443162802713e+00 1.956640712687740796e-03 9.999980745204329891e-01 1.500418226398442202e-04 -2.045710863553584957e+01 -1.911829209858631863e-03 -1.463010656575887620e-04 9.999981617508457710e-01 3.972294948915135819e+02
9.999983773021603461e-01 -6.023967958077149163e-04 1.697795967376300799e-03 -2.285255443162802713e+00 6.057430517413998515e-04 9.999978738851552640e-01 -1.971116568078737884e-03 -2.045710863553584957e+01 -1.696604963362316563e-03 1.972141797662653982e-03 9.999966160884388167e-01 3.972294948915135819e+02
9.999943823559398481e-01 2.983531252246587970e-03 1.527677266127609604e-03 -2.285255443162802713e+00 -2.976382018719948841e-03 9.999847085240821665e-01 -4.660887049239366767e-03 -2.045710863553584957e+01 -1.541559807862081122e-03 4.656313914889610717e-03 9.999879710946952827e-01 3.972294948915135819e+02
9.999665516742518578e-01 7.927698928096102091e-03 2.011746110095288375e-03 -2.285255443162802713e+00 -7.915055559814688363e-03 9.999493504986007864e-01 -6.216778338667463925e-03 -2.045710863553584957e+01 -2.060928963129534525e-03 6.200647315606843714e-03 9.999786520444707838e-01 3.972294948915135819e+02
9.999424519491264540e-01 1.049653244290027140e-02 2.217114486039649130e-03 -2.285255443162802713e+00 -1.048230361980551431e-02 9.999249936378513670e-01 -6.334698822030595221e-03 -2.045710863553584957e+01 -2.283440560049029584e-03 6.311093805257981214e-03 9.999774777434691231e-01 3.972294948915135819e+02
9.999148751914771482e-01 1.270652059248862133e-02 2.964237717468447275e-03 -2.285255443162802713e+00 -1.268829633750940059e-02 9.999009673986554159e-01 -6.087900400420101846e-03 -2.045710863553584957e+01 -3.041300193099238675e-03 6.049771042490148347e-03 9.999770751189596130e-01 3.972294948915135819e+02
9.999291297527468370e-01 1.131162927970249740e-02 3.712480970102076134e-03 -2.285255443162802713e+00 -1.129648469476564158e-02 9.999278880896683708e-01 -4.075298035405939233e-03 -2.045710863553584957e+01 -3.758311516588062114e-03 4.033071233568173534e-03 9.999848046000348045e-01 3.972294948915135819e+02
9.999577949764868467e-01 8.426437896161684954e-03 3.661066804188948653e-03 -2.285255443162802713e+00 -8.416047446120119430e-03 9.999605393007811038e-01 -2.844290188502459921e-03 -2.045710863553584957e+01 -3.684889570565044216e-03 2.813358433240706943e-03 9.999892532438432458e-01 3.972294948915135819e+02
9.999674698390105254e-01 7.548364954862597093e-03 2.842789171944580615e-03 -2.285255443162802713e+00 -7.530697235752902702e-03 9.999525767701507029e-01 -6.175176910810587644e-03 -2.045710863553584957e+01 -2.889266846683904121e-03 6.153567846752549565e-03 9.999768926029463101e-01 3.972294948915135819e+02
9.999638581434920903e-01 8.281512365048385171e-03 1.923267981808871822e-03 -2.285255443162802713e+00 -8.262933523071325920e-03 9.999209708580946154e-01 -9.475018089655326547e-03 -2.045710863553584957e+01 -2.001583467059152126e-03 9.458783809430382217e-03 9.999532614439892164e-01 3.972294948915135819e+02
9.999161158028201379e-01 1.282203776333642499e-02 1.832131380921075145e-03 -2.285255443162802713e+00 -1.279768166415810177e-02 9.998369582840808123e-01 -1.273876733678022677e-02 -2.045710863553584957e+01 -1.995169622927491903e-03 1.271425172132917801e-02 9.999171801211050870e-01 3.972294948915135819e+02
9.998356928905485219e-01 1.800449274611479536e-02 2.103678452596543461e-03 -2.285255443162802713e+00 -1.797694937379828994e-02 9.997608785570086809e-01 -1.245050192283915502e-02 -2.045710863553584957e+01 -2.327340389524613310e-03 1.241063849581591425e-02 9.999202765915078395e-01 3.972294948915135819e+02
9.997912341423638161e-01 2.029880647442640351e-02 2.333792579253280222e-03 -2.285255443162802713e+00 -2.027443175665393643e-02 9.997441178078575463e-01 -1.003226422768253336e-02 -2.045710863553584957e+01 -2.536838393350132007e-03 9.982853515054750451e-03 9.999469521362936986e-01 3.972294948915135819e+02
9.998068952483066818e-01 1.937739958230839596e-02 3.269342345021784748e-03 -2.285255443162802713e+00 -1.934709660958695496e-02 9.997717866036988088e-01 -9.058949388749076501e-03 -2.045710863553584957e+01 -3.444135119403252988e-03 8.993947780377809648e-03 9.999536223428581172e-01 3.972294948915135819e+02
9.998386605988850429e-01 1.791349229442986205e-02 1.326486202346587387e-03 -2.285255443162802713e+00 -1.789574373043435404e-02 9.997634328668983938e-01 -1.236206530194691733e-02 -2.045710863553584957e+01 -1.547620160838263049e-03 1.233633235659540445e-02 9.999227069008012059e-01 3.972294948915135819e+02
9.998435296607114386e-01 1.762679215478546446e-02 1.487411826614559686e-03 -2.285255443162802713e+00 -1.760245602725446501e-02 9.997319857157070944e-01 -1.503696374731777578e-02 -2.045710863553584957e+01 -1.752066613611413673e-03 1.500842880722596216e-02 9.998858321465107224e-01 3.972294948915135819e+02
9.998147021713758020e-01 1.901440602261657634e-02 3.002280061902676961e-03 -2.285255443162802713e+00 -1.895961833711911140e-02 9.996700605677905083e-01 -1.732924917303841489e-02 -2.045710863553584957e+01 -3.330794871166960821e-03 1.726911601668014787e-02 9.998453297573225429e-01 3.972294948915135819e+02
9.997517517252316743e-01 2.208352963515127984e-02 2.958486299446780494e-03 -2.285255443162802713e+00 -2.202608689732067984e-02 9.995914513268284729e-01 -1.821488211097401291e-02 -2.045710863553584957e+01 -3.359526502693023758e-03 1.814519642159870966e-02 9.998297182163069508e-01 3.972294948915135819e+02
9.997204064009437285e-01 2.331843759026256888e-02 3.919119018463890561e-03 -2.285255443162802713e+00 -2.323325795889094950e-02 9.995192252672338018e-01 -2.053129430416947288e-02 -2.045710863553584957e+01 -4.395992509944195853e-03 2.043449998257412456e-02 9.997815293654485069e-01 3.972294948915135819e+02
9.996926510632523355e-01 2.449417845714026848e-02 3.826046502088994560e-03 -2.285255443162802713e+00 -2.441289707034950685e-02 9.995015902863936264e-01 -2.001453151094615204e-02 -2.045710863553584957e+01 -4.314379069912813516e-03 1.991497518652489765e-02 9.997923683928386929e-01 3.972294948915135819e+02
9.996783133398587928e-01 2.469115576529874387e-02 5.797988008698215338e-03 -2.285255443162802713e+00 -2.457362216866911669e-02 9.995071215540468623e-01 -1.953589148861943625e-02 -2.045710863553584957e+01 -6.277494045138306937e-03 1.938712948626936453e-02 9.997923445790112273e-01 3.972294948915135819e+02
9.996219686621401479e-01 2.697661723598792152e-02 5.308661839908994894e-03 -2.285255443162802713e+00 -2.687338969029855890e-02 9.994650370196339617e-01 -1.864029779522515667e-02 -2.045710863553584957e+01 -5.808674081135978794e-03 1.849058944015364095e-02 9.998121610620543942e-01 3.972294948915135819e+02
9.995207310486042829e-01 3.054737478296768588e-02 5.016582296029309905e-03 -2.285255443162802713e+00 -3.044835440853473074e-02 9.993604086096069539e-01 -1.875290424044719767e-02 -2.045710863553584957e+01 -5.586225727285615630e-03 1.859116988002718421e-02 9.998115634881487024e-01 3.972294948915135819e+02
9.994490108135660744e-01 3.279172323385304288e-02 5.135919697459334285e-03 -2.285255443162802713e+00 -3.268712570961614106e-02 9.992797710772945985e-01 -1.927409994145740102e-02 -2.045710863553584957e+01 -5.764251610410425948e-03 1.909560166802607567e-02 9.998010459087890434e-01 3.972294948915135819e+02
9.993223625673849364e-01 3.647916198421100042e-02 4.907791119198658646e-03 -2.285255443162802713e+00 -3.637921621076870005e-02 9.991553347370334404e-01 -1.910941376433896582e-02 -2.045710863553584957e+01 -5.600741078655008080e-03 1.891792291601431669e-02 9.998053530022302793e-01 3.972294948915135819e+02
9.992768352356118378e-01 3.774057178130823392e-02 4.632040923804376341e-03 -2.285255443162802713e+00 -3.764461095605756147e-02 9.991047952947690325e-01 -1.930003328921845937e-02 -2.045710863553584957e+01 -5.356288590707950284e-03 1.911170480668303653e-02 9.998030070528473034e-01 3.972294948915135819e+02
9.993050078413578952e-01 3.705552371930808525e-02 4.048390429728474828e-03 -2.285255443162802713e+00 -3.697035696644733471e-02 9.991279913479529373e-01 -1.940230941868841680e-02 -2.045710863553584957e+01 -4.763822935120448979e-03 1.923915452645627924e-02 9.998035611679678691e-01 3.972294948915135819e+02
9.992619863899876442e-01 3.830059028156907602e-02 2.923583421028076983e-03 -2.285255443162802713e+00 -3.823235853857206989e-02 9.990560404379618120e-01 -2.062316234237468807e-02 -2.045710863553584957e+01 -3.710702967687955992e-03 2.049616667831435576e-02 9.997830453828374653e-01 3.972294948915135819e+02
9.992669270895775391e-01 3.827737161233106533e-02 6.717495105017915781e-04 -2.285255443162802713e+00 -3.825588639352901776e-02 9.990620438374427925e-01 -2.028594882171992977e-02 -2.045710863553584957e+01 -1.447612240466421979e-03 2.024537936921784465e-02 9.997939932971182664e-01 3.972294948915135819e+02
9.991928473932151222e-01 4.014734248124104260e-02 -1.358164177703040680e-03 -2.285255443162802713e+00 -4.016651761896777861e-02 9.989918397108453751e-01 -2.004881676075593450e-02 -2.045710863553584957e+01 5.518882176752157960e-04 2.008718703141769771e-02 9.997980797823931010e-01 3.972294948915135819e+02
9.992051989421534275e-01 3.980591296223353476e-02 -2.111800230893670118e-03 -2.285255443162802713e+00 -3.983955496048476042e-02 9.990161677930409212e-01 -1.948092268497396765e-02 -2.045710863553584957e+01 1.334266660989780239e-03 1.954957240838037583e-02 9.998079985432839489e-01 3.972294948915135819e+02
9.991708933493930189e-01 4.058715204817420208e-02 -3.195148196007305524e-03 -2.285255443162802713e+00 -4.064104268910352646e-02 9.989903660205725622e-01 -1.914560647317058509e-02 -2.045710863553584957e+01 2.414856624838228848e-03 1.925958687774572548e-02 9.998116006432313796e-01 3.972294948915135819e+02
9.991567258708088373e-01 4.083964765324908652e-02 -4.237962562843903928e-03 -2.285255443162802713e+00 -4.091030409917186667e-02 9.989971181856780458e-01 -1.819628740222319421e-02 -2.045710863553584957e+01 3.490582421155801092e-03 1.835431928101642976e-02 9.998254521655727256e-01 3.972294948915135819e+02
9.992128138069081844e-01 3.929250880460392198e-02 -5.463650420865402008e-03 -2.285255443162802713e+00 -3.937906478512526176e-02 9.990838205069979550e-01 -1.675735235024452055e-02 -2.045710863553584957e+01 4.800206321629040679e-03 1.695931463772817546e-02 9.998446577675397240e-01 3.972294948915135819e+02
9.992245803596401243e-01 3.890940675801494303e-02 -6.024622049625392647e-03 -2.285255443162802713e+00 -3.900687773165609912e-02 9.990941784498889033e-01 -1.700841195319976670e-02 -2.045710863553584957e+01 5.357377598146635493e-03 1.723022499218910750e-02 9.998371956733704824e-01 3.972294948915135819e+02
9.992288520635728144e-01 3.868456725165763527e-02 -6.723500596196451892e-03 -2.285255443162802713e+00 -3.880595740988364295e-02 9.990666029763943801e-01 -1.897420582555233923e-02 -2.045710863553584957e+01 5.983215959446379177e-03 1.922048578366594707e-02 9.997973664963429874e-01 3.972294948915135819e+02
9.991907308917628017e-01 3.971848753150124256e-02 -6.350200642144521006e-03 -2.285255443162802713e+00 -3.983508174605235319e-02 9.990173296094476685e-01 -1.943042465552484444e-02 -2.045710863553584957e+01 5.572213408587182656e-03 1.966766097477485806e-02 9.997910449436475666e-01 3.972294948915135819e+02
9.992265571498789578e-01 3.882840496471971076e-02 -6.216305518245827423e-03 -2.285255443162802713e+00 -3.893914299291582198e-02 9.990644741859896483e-01 -1.881274999700105477e-02 -2.045710863553584957e+01 5.480020928582149051e-03 1.904025701948738186e-02 9.998036997247281565e-01 3.972294948915135819e+02
9.992859278868155837e-01 3.735591839169889045e-02 -5.671832904757331470e-03 -2.285255443162802713e+00 -3.745354183763651562e-02 9.991324252133044759e-01 -1.821068618140103332e-02 -2.045710863553584957e+01 4.986635258685559631e-03 1.841011266923135020e-02 9.998180840634476318e-01 3.972294948915135819e+02
9.993429978168720806e-01 3.586789598039548388e-02 -5.202571703272655841e-03 -2.285255443162802713e+00 -3.595964562057307051e-02 9.991769873554829928e-01 -1.876837302656080356e-02 -2.045710863553584957e+01 4.525107869538914397e-03 1.894312479927389575e-02 9.998103227220693778e-01 3.972294948915135819e+02
9.993861762242896019e-01 3.470742781724256432e-02 -4.760800994046454453e-03 -2.285255443162802713e+00 -3.479543753466532441e-02 9.991972613510765600e-01 -1.985221487089004755e-02 -2.045710863553584957e+01 4.067960000444896529e-03 2.000568326300509667e-02 9.997915904520379149e-01 3.972294948915135819e+02
9.993391402380552568e-01 3.609819083132936868e-02 -4.266545085917468512e-03 -2.285255443162802713e+00 -3.617759003354480141e-02 9.991394385758205487e-01 -2.028704664950965048e-02 -2.045710863553584957e+01 3.530547780443926698e-03 2.042799307566824443e-02 9.997850930731417840e-01 3.972294948915135819e+02
9.992344823411106747e-01 3.898090341341329396e-02 -3.307335720384538703e-03 -2.285255443162802713e+00 -3.904018886236990810e-02 9.990312820747621059e-01 -2.030667598716907885e-02 -2.045710863553584957e+01 2.512559269684107657e-03 2.042024987926262594e-02 9.997883278178362199e-01 3.972294948915135819e+02
9.990853313225074306e-01 4.264286273759065188e-02 -3.176002792694059516e-03 -2.285255443162802713e+00 -4.269567491033300632e-02 9.989073986836563002e-01 -1.900232088462187885e-02 -2.045710863553584957e+01 2.362219326683469810e-03 1.912054163966022194e-02 9.998143951790546824e-01 3.972294948915135819e+02
9.988665474479935247e-01 4.756163513279949157e-02 -1.873833722703802497e-03 -2.285255443162802713e+00 -4.758776309550750289e-02 9.987038095362253953e-01 -1.805839476245530567e-02 -2.045710863553584957e+01 1.012518094525780227e-03 1.812709798410305773e-02 9.998351779797424177e-01 3.972294948915135819e+02
9.986590605645780938e-01 5.175342022966280403e-02 -1.290056900709714858e-03 -2.285255443162802713e+00 -5.176816369717516381e-02 9.985020452068577024e-01 -1.771222586646274688e-02 -2.045710863553584957e+01 3.714561853221225456e-04 1.775525872112391004e-02 9.998422939684280530e-01 3.972294948915135819e+02
9.983540797256520438e-01 5.734829956015583680e-02 -5.513916086737936928e-04 -2.285255443162802713e+00 -5.734864717928068317e-02 9.981816856724273768e-01 -1.855950039353464545e-02 -2.045710863553584957e+01 -5.139667828436146179e-04 1.856057449837859516e-02 9.998276055963030151e-01 3.972294948915135819e+02
9.981683440957558329e-01 6.049756749002497408e-02 -3.424803293366080479e-05 -2.285255443162802713e+00 -6.048759508456810069e-02 9.979932030146447808e-01 -1.873012486491095613e-02 -2.045710863553584957e+01 -1.098947689027129047e-03 1.869788930226343182e-02 9.998245752378850382e-01 3.972294948915135819e+02
9.980399142181092254e-01 6.257424185102984648e-02 8.910018401317322924e-04 -2.285255443162802713e+00 -6.254666541902650923e-02 9.978665603130194572e-01 -1.871476566840436437e-02 -2.045710863553584957e+01 -2.060163214564906479e-03 1.862235392832383221e-02 9.998244664248308045e-01 3.972294948915135819e+02
9.980509031614909210e-01 6.239730497951186117e-02 9.854084570312042317e-04 -2.285255443162802713e+00 -6.236991491468263371e-02 9.978941173773998585e-01 -1.781359641159392659e-02 -2.045710863553584957e+01 -2.094853710561542584e-03 1.771741614552434924e-02 9.998408397105299494e-01 3.972294948915135819e+02
9.980577231103203717e-01 6.228037863246652095e-02 1.391322119768899400e-03 -2.285255443162802713e+00 -6.224438193184420043e-02 9.978915873148768156e-01 -1.838523549259579032e-02 -2.045710863553584957e+01 -2.533428066288413456e-03 1.826292428917406299e-02 9.998300092208878276e-01 3.972294948915135819e+02
9.981294793336955573e-01 6.112466018157543257e-02 1.148217198110724861e-03 -2.285255443162802713e+00 -6.109087794421235590e-02 9.979429474190389948e-01 -1.943652048610339245e-02 -2.045710863553584957e+01 -2.333905964785145271e-03 1.933001847614983573e-02 9.998104336666321368e-01 3.972294948915135819e+02
9.981465583734530078e-01 6.082826541739368154e-02 1.835792347539217610e-03 -2.285255443162802713e+00 -6.078212097341206127e-02 9.979673273949414281e-01 -1.915064547662652036e-02 -2.045710863553584957e+01 -2.996961328692445466e-03 1.900356752057468651e-02 9.998149241956159061e-01 3.972294948915135819e+02
9.980941817229285196e-01 6.169762277297845959e-02 1.186488517595746944e-03 -2.285255443162802713e+00 -6.166500129499385280e-02 9.979238589520857960e-01 -1.858492263815320414e-02 -2.045710863553584957e+01 -2.330670746275250328e-03 1.847633833693739652e-02 9.998265814107621940e-01 3.972294948915135819e+02
9.980772597505515042e-01 6.197519684580245214e-02 9.265769020932869242e-04 -2.285255443162802713e+00 -6.194582084913001496e-02 9.978927980822630550e-01 -1.930489095745823933e-02 -2.045710863553584957e+01 -2.121048834643490116e-03 1.921037509982309252e-02 9.998132138756544718e-01 3.972294948915135819e+02
9.980648644731001662e-01 6.218093437331752293e-02 2.402181397773314969e-04 -2.285255443162802713e+00 -6.216503529545264195e-02 9.978833976866969824e-01 -1.908488951942110753e-02 -2.045710863553584957e+01 -1.426425956236118979e-03 1.903302450254723902e-02 9.998178380521508535e-01 3.972294948915135819e+02
9.981031618531833738e-01 6.156279316463333928e-02 -3.174845633163790419e-04 -2.285255443162802713e+00 -6.155798166632499291e-02 9.979288687729021001e-01 -1.867050515664175209e-02 -2.045710863553584957e+01 -8.325814361143811428e-04 1.865463393916825738e-02 9.998256405197597507e-01 3.972294948915135819e+02
9.982398031578730846e-01 5.929452327329220312e-02 -1.206192822483321278e-03 -2.285255443162802713e+00 -5.930659868789256439e-02 9.980818153934825077e-01 -1.775998685032084690e-02 -2.045710863553584957e+01 1.508091683490319929e-04 1.780026097121392009e-02 9.998415514300009743e-01 3.972294948915135819e+02
9.983441441457601151e-01 5.740973176794089694e-02 -3.618362641284973875e-03 -2.285255443162802713e+00 -5.746198864131969036e-02 9.982107655110106226e-01 -1.653443314138668824e-02 -2.045710863553584957e+01 2.662651170471558998e-03 1.671497281646666666e-02 9.998567497259239767e-01 3.972294948915135819e+02
9.984304287106235964e-01 5.576963554013782826e-02 -5.140698050041843034e-03 -2.285255443162802713e+00 -5.584661607464062871e-02 9.983063407599274131e-01 -1.629740689604567208e-02 -2.045710863553584957e+01 4.223091016447176951e-03 1.655891754444668504e-02 9.998539732141004110e-01 3.972294948915135819e+02
9.984914388834892351e-01 5.465687400225249098e-02 -5.241431167382572601e-03 -2.285255443162802713e+00 -5.473889775032202837e-02 9.983551849540119871e-01 -1.704634120625516530e-02 -2.045710863553584957e+01 4.301110259026264329e-03 1.730753592346932768e-02 9.998409621788844071e-01 3.972294948915135819e+02
9.985391421072142837e-01 5.375770410817085759e-02 -5.448938319361183724e-03 -2.285255443162802713e+00 -5.384605715248731717e-02 9.983936687760401885e-01 -1.762623831250457324e-02 -2.045710863553584957e+01 4.492639415857643988e-03 1.789389272731031766e-02 9.998297979126959945e-01 3.972294948915135819e+02
9.985043299995501886e-01 5.440784950877688292e-02 -5.374838042316524254e-03 -2.285255443162802713e+00 -5.449808779163881761e-02 9.983447008675467860e-01 -1.837978989931341248e-02 -2.045710863553584957e+01 4.365936234723226048e-03 1.864521819444242903e-02 9.998166304074341815e-01 3.972294948915135819e+02
9.985121051841246986e-01 5.428864709935884297e-02 -5.130165386234967519e-03 -2.285255443162802713e+00 -5.437599704877595086e-02 9.983438798877249942e-01 -1.878159832588410100e-02 -2.045710863553584957e+01 4.102041652683702938e-03 1.903261114100279761e-02 9.998104485188354928e-01 3.972294948915135819e+02
9.984343027344161348e-01 5.571724860019921372e-02 -4.952911433206577327e-03 -2.285255443162802713e+00 -5.580468840258596963e-02 9.982465799134606632e-01 -1.973834956040201871e-02 -2.045710863553584957e+01 3.844460369398197425e-03 1.998384095968384205e-02 9.997929116696948615e-01 3.972294948915135819e+02
9.983297486013573696e-01 5.744924973792397971e-02 -6.107107506944083573e-03 -2.285255443162802713e+00 -5.754568612863280447e-02 9.981980696705928802e-01 -1.700316776034945312e-02 -2.045710863553584957e+01 5.119283693702247201e-03 1.732620588736478659e-02 9.998367844423470263e-01 3.972294948915135819e+02
9.982210164265317154e-01 5.924493777798735261e-02 -6.696246117459505112e-03 -2.285255443162802713e+00 -5.934134011200586922e-02 9.981211949795082417e-01 -1.525403180765969556e-02 -2.045710863553584957e+01 5.779941011327344690e-03 1.562425935397456292e-02 9.998612277719071129e-01 3.972294948915135819e+02
9.981807527538802960e-01 5.992538695245211433e-02 -6.643254495885661873e-03 -2.285255443162802713e+00 -6.001026436939105313e-02 9.981076430054436344e-01 -1.341272322957623268e-02 -2.045710863553584957e+01 5.826920457155264355e-03 1.378698562834910005e-02 9.998879767380293160e-01 3.972294948915135819e+02
9.981958842414435651e-01 5.972620340757815033e-02 -6.144697711088697653e-03 -2.285255443162802713e+00 -5.980935384285680084e-02 9.981062514058526292e-01 -1.437887678006705312e-02 -2.045710863553584957e+01 5.274265479098083458e-03 1.472044602153768471e-02 9.998777378222715173e-01 3.972294948915135819e+02
9.981943343378291145e-01 5.983276109419166655e-02 -5.302036939246296612e-03 -2.285255443162802713e+00 -5.991287891696524953e-02 9.980668681017146326e-01 -1.652191688379700540e-02 -2.045710863553584957e+01 4.303235496786840704e-03 1.680974412296102477e-02 9.998494460001364770e-01 3.972294948915135819e+02
9.982132525692395397e-01 5.949074624167460801e-02 -5.581532652402835040e-03 -2.285255443162802713e+00 -5.958232575524961827e-02 9.980610921496767540e-01 -1.800007762731040128e-02 -2.045710863553584957e+01 4.499872524469494123e-03 1.830047673156533564e-02 9.998224060795302126e-01 3.972294948915135819e+02
9.983496384535769375e-01 5.715658344063709317e-02 -5.578921849870919006e-03 -2.285255443162802713e+00 -5.724000661645547300e-02 9.982296920126633166e-01 -1.615746350299997192e-02 -2.045710863553584957e+01 4.645540029061105171e-03 1.645013537014618221e-02 9.998538953287836595e-01 3.972294948915135819e+02
9.984852115763016567e-01 5.479092381384276927e-02 -5.023637233623444442e-03 -2.285255443162802713e+00 -5.485780663892898118e-02 9.983915589073836250e-01 -1.431489270828217343e-02 -2.045710863553584957e+01 4.231230813279670926e-03 1.456879439450742275e-02 9.998849168357804018e-01 3.972294948915135819e+02
9.985478825608283815e-01 5.375196405866592558e-02 -3.585051341773659410e-03 -2.285255443162802713e+00 -5.379886268946897088e-02 9.984449680738359811e-01 -1.460575576119368425e-02 -2.045710863553584957e+01 2.794388413754933173e-03 1.477741817341135175e-02 9.998869032573241000e-01 3.972294948915135819e+02
9.985029343927853684e-01 5.466930879717740721e-02 -1.776706120056600153e-03 -2.285255443162802713e+00 -5.469157184450564035e-02 9.983602082846632086e-01 -1.690344589071811690e-02 -2.045710863553584957e+01 8.496929889442985046e-04 1.697531117364335304e-02 9.998555479829988046e-01 3.972294948915135819e+02
9.984637922082381101e-01 5.540210435259585592e-02 -8.139302484783246484e-04 -2.285255443162802713e+00 -5.540750921478748703e-02 9.982788757483732622e-01 -1.921702779246210052e-02 -2.045710863553584957e+01 -2.521344057161813493e-04 1.923260429237556857e-02 9.998150045685324505e-01 3.972294948915135819e+02
9.983143827006975002e-01 5.803685076461314457e-02 3.424124010036295540e-04 -2.285255443162802713e+00 -5.801627572940062233e-02 9.980866187141707035e-01 -2.138254648546188130e-02 -2.045710863553584957e+01 -1.582732894867666185e-03 2.132663820293304729e-02 9.997713085798897170e-01 3.972294948915135819e+02
9.980882849152671321e-01 6.177607146444074465e-02 1.868825653160749618e-03 -2.285255443162802713e+00 -6.172144145571844404e-02 9.978594217934378952e-01 -2.161106204454684571e-02 -2.045710863553584957e+01 -3.199871798982118279e-03 2.145440123809667227e-02 9.997647070626094479e-01 3.972294948915135819e+02
9.979648484023697641e-01 6.365905036489068192e-02 3.699548604403096567e-03 -2.285255443162802713e+00 -6.357493439647231293e-02 9.977847468559750688e-01 -1.959149453311749556e-02 -2.045710863553584957e+01 -4.938529104932927460e-03 1.931642431189696529e-02 9.998012235850098905e-01 3.972294948915135819e+02
9.979101478112566426e-01 6.444216947050306066e-02 4.748019508381786345e-03 -2.285255443162802713e+00 -6.435073569519997316e-02 9.977757592086949900e-01 -1.739302018046555431e-02 -2.045710863553584957e+01 -5.858302723786774566e-03 1.705113279071301946e-02 9.998374563696592610e-01 3.972294948915135819e+02
9.978728640877607692e-01 6.491507380399744176e-02 5.981664510140792708e-03 -2.285255443162802713e+00 -6.480342758104153111e-02 9.977485030211618033e-01 -1.727543032108557267e-02 -2.045710863553584957e+01 -7.089632644856875589e-03 1.685105076995320819e-02 9.998328756331779088e-01 3.972294948915135819e+02
9.978200409217079514e-01 6.567620515197661324e-02 6.465447535745933762e-03 -2.285255443162802713e+00 -6.555054299440774002e-02 9.976862620355977374e-01 -1.803465715155794236e-02 -2.045710863553584957e+01 -7.634936027256912158e-03 1.757152874030651346e-02 9.998164577209102122e-01 3.972294948915135819e+02
9.976061510731963899e-01 6.866569244291509388e-02 8.184743261630957750e-03 -2.285255443162802713e+00 -6.850284391746140622e-02 9.974747713132272597e-01 -1.874675888905373219e-02 -2.045710863553584957e+01 -9.451334093330068103e-03 1.814120379025012039e-02 9.997907626143067716e-01 3.972294948915135819e+02
9.974028020659577720e-01 7.143464018241946212e-02 9.205575103442237977e-03 -2.285255443162802713e+00 -7.125056093044071504e-02 9.972779369502992042e-01 -1.897561696630548425e-02 -2.045710863553584957e+01 -1.053603331782936199e-02 1.827043114331585588e-02 9.997775669356475658e-01 3.972294948915135819e+02
9.973210264493892474e-01 7.235634783977652751e-02 1.073914005993110120e-02 -2.285255443162802713e+00 -7.213037771010388788e-02 9.971922953152306812e-01 -2.011802115862319079e-02 -2.045710863553584957e+01 -1.216465426287576673e-02 1.928950728324407143e-02 9.997399342306151349e-01 3.972294948915135819e+02
9.971927019752838683e-01 7.391864763286769280e-02 1.194774704123916821e-02 -2.285255443162802713e+00 -7.366230262948832153e-02 9.970697465726923170e-01 -2.063457391825782722e-02 -2.045710863553584957e+01 -1.343801691304104089e-02 1.969654796136390690e-02 9.997156924345295126e-01 3.972294948915135819e+02
9.972013053573951513e-01 7.358293122683318144e-02 1.323286913617847428e-02 -2.285255443162802713e+00 -7.329442473274327963e-02 9.970869972323149755e-01 -2.110562136827794089e-02 -2.045710863553584957e+01 -1.474733523740195604e-02 2.007665764792581492e-02 9.996896738093696833e-01 3.972294948915135819e+02
9.972121239050431019e-01 7.323435703603431435e-02 1.430765132062550120e-02 -2.285255443162802713e+00 -7.294171762709299178e-02 9.971355615719608156e-01 -2.000444146131099069e-02 -2.045710863553584957e+01 -1.573168034265182147e-02 1.890504689463206114e-02 9.996975109679471228e-01 3.972294948915135819e+02
9.972941079056004687e-01 7.186725578922779911e-02 1.547772212243443864e-02 -2.285255443162802713e+00 -7.157897024884393722e-02 9.972645044621243349e-01 -1.843798139786309923e-02 -2.045710863553584957e+01 -1.676047000798929973e-02 1.728021079844032151e-02 9.997101984874782188e-01 3.972294948915135819e+02
9.972964447769552265e-01 7.181413963471473816e-02 1.557339345718480178e-02 -2.285255443162802713e+00 -7.152247168706733771e-02 9.972666554478274437e-01 -1.854060343344089701e-02 -2.045710863553584957e+01 -1.686230349090077005e-02 1.737663029557694888e-02 9.997068147414780448e-01 3.972294948915135819e+02
9.974132502644708076e-01 7.005708550424573355e-02 1.608766507346442651e-02 -2.285255443162802713e+00 -6.975545628472380744e-02 9.973906622592826343e-01 -1.860223525544123235e-02 -2.045710863553584957e+01 -1.734890530768876463e-02 1.743191351055863383e-02 9.996975261927908418e-01 3.972294948915135819e+02
9.975103633332612629e-01 6.866673117542042293e-02 1.606097980910999728e-02 -2.285255443162802713e+00 -6.837857909689379343e-02 9.974997301951463724e-01 -1.785099944819597273e-02 -2.045710863553584957e+01 -1.724659280657877408e-02 1.670832996718095778e-02 9.997116518007941321e-01 3.972294948915135819e+02
9.976055622836864645e-01 6.758822818404101873e-02 1.466197502359578228e-02 -2.285255443162802713e+00 -6.732290948054889257e-02 9.975707984728658939e-01 -1.789211818879977989e-02 -2.045710863553584957e+01 -1.583565469831810235e-02 1.686218980886416280e-02 9.997324134962944919e-01 3.972294948915135819e+02
9.976916687763304203e-01 6.652357521148480335e-02 1.363627498196375021e-02 -2.285255443162802713e+00 -6.627287045852366110e-02 9.976377280911776779e-01 -1.807955005691635336e-02 -2.045710863553584957e+01 -1.480677870063396885e-02 1.713410138159357499e-02 9.997435580559427271e-01 3.972294948915135819e+02
9.977672165668136639e-01 6.556913872669477283e-02 1.269919647668227985e-02 -2.285255443162802713e+00 -6.534508977710526412e-02 9.977123962714981031e-01 -1.732032240480572624e-02 -2.045710863553584957e+01 -1.380582437002503791e-02 1.645181974201691613e-02 9.997693418187220127e-01 3.972294948915135819e+02
9.978534901375509802e-01 6.446035228641726345e-02 1.154448801031953721e-02 -2.285255443162802713e+00 -6.425801455718216371e-02 9.977865370125759137e-01 -1.711531833240335226e-02 -2.045710863553584957e+01 -1.262219416260083708e-02 1.633675425418155275e-02 9.997868726258415384e-01 3.972294948915135819e+02
9.978767885133704718e-01 6.432379180991240619e-02 1.021590688280685222e-02 -2.285255443162802713e+00 -6.414215880125591351e-02 9.977923612868779824e-01 -1.721009069905787836e-02 -2.045710863553584957e+01 -1.130037214243863504e-02 1.651827971522384919e-02 9.997997039530931440e-01 3.972294948915135819e+02
9.978785680850675854e-01 6.444059955695789765e-02 9.261343597768598515e-03 -2.285255443162802713e+00 -6.426768268924508420e-02 9.977722937630424394e-01 -1.789175118847691204e-02 -2.045710863553584957e+01 -1.039366721858261608e-02 1.725858996487417141e-02 9.997970357798499075e-01 3.972294948915135819e+02
9.978555356301017643e-01 6.486805095397854548e-02 8.744482706009760672e-03 -2.285255443162802713e+00 -6.469863184497214037e-02 9.977345465824519755e-01 -1.843533545386524808e-02 -2.045710863553584957e+01 -9.920536767353766230e-03 1.783004546656645137e-02 9.997918145438622339e-01 3.972294948915135819e+02
9.979888856850513967e-01 6.288111969592921624e-02 8.009296779150160139e-03 -2.285255443162802713e+00 -6.270239292825326161e-02 9.978135466245361407e-01 -2.089344618856869146e-02 -2.045710863553584957e+01 -9.305588115816144923e-03 2.034922500612497062e-02 9.997496261922130811e-01 3.972294948915135819e+02
9.983013367118822590e-01 5.782753950618975403e-02 7.100478429667946532e-03 -2.285255443162802713e+00 -5.766409810445248529e-02 9.981067679474174836e-01 -2.139466212304030196e-02 -2.045710863553584957e+01 -8.324236245457928771e-03 2.094887711117326967e-02 9.997458935343078723e-01 3.972294948915135819e+02
9.987086047842880232e-01 5.037474953171999781e-02 6.596009357055205614e-03 -2.285255443162802713e+00 -5.023656242607213440e-02 9.985437469588611670e-01 -1.966400785618201488e-02 -2.045710863553584957e+01 -7.576973368914562829e-03 1.930725301468614111e-02 9.997848865909079175e-01 3.972294948915135819e+02
9.990107141781082722e-01 4.417537125220567101e-02 5.111705398082648684e-03 -2.285255443162802713e+00 -4.407405531479127725e-02 9.988574068387827687e-01 -1.847588837945247225e-02 -2.045710863553584957e+01 -5.922044026829272750e-03 1.823231685856380180e-02 9.998162391242273461e-01 3.972294948915135819e+02
9.991393031386042178e-01 4.131936304047618275e-02 3.655565843268616336e-03 -2.285255443162802713e+00 -4.123006974838225314e-02 9.989112249288008005e-01 -2.182764439386510394e-02 -2.045710863553584957e+01 -4.553490117335869634e-03 2.165813817415585679e-02 9.997550653928097830e-01 3.972294948915135819e+02
9.990991193201701481e-01 4.222482525969786793e-02 4.244279143662125706e-03 -2.285255443162802713e+00 -4.210529012596370135e-02 9.987970164040759213e-01 -2.513293786494446430e-02 -2.045710863553584957e+01 -5.300407255085906426e-03 2.493158948207507830e-02 9.996751079870040968e-01 3.972294948915135819e+02
9.988853034725171387e-01 4.686627455178025287e-02 5.630525397813207662e-03 -2.285255443162802713e+00 -4.668797801993670310e-02 9.985040798839801557e-01 -2.845760291125540645e-02 -2.045710863553584957e+01 -6.955804412731301720e-03 2.816300347409591773e-02 9.995791424496064392e-01 3.972294948915135819e+02
9.988584471925301411e-01 4.749655537307199277e-02 5.087209433590376799e-03 -2.285255443162802713e+00 -4.733428943289820501e-02 9.984779140343554849e-01 -2.830760020707697583e-02 -2.045710863553584957e+01 -6.423979764221435934e-03 2.803448614285248761e-02 9.995863144674880241e-01 3.972294948915135819e+02
9.989889200519106449e-01 4.457363454334967862e-02 5.859071352546820280e-03 -2.285255443162802713e+00 -4.441609348274181551e-02 9.987072674559465124e-01 -2.471850663789667418e-02 -2.045710863553584957e+01 -6.953290821666426730e-03 2.443327719057158606e-02 9.996772812825541754e-01 3.972294948915135819e+02
9.991852914866563573e-01 3.978471565124019199e-02 6.777143740314487026e-03 -2.285255443162802713e+00 -3.962552637713032122e-02 9.989680712132323892e-01 -2.219482723177867989e-02 -2.045710863553584957e+01 -7.653165100941518133e-03 2.190819702903730112e-02 9.997306937205017174e-01 3.972294948915135819e+02
9.993383331105681888e-01 3.592884878758310918e-02 5.658073929459511535e-03 -2.285255443162802713e+00 -3.580761313942818630e-02 9.991537107031679410e-01 -2.024048490886507998e-02 -2.045710863553584957e+01 -6.380502883730303047e-03 2.002449032779445373e-02 9.997791300932740155e-01 3.972294948915135819e+02
9.993842622648813068e-01 3.461340312699709432e-02 5.745316461993812442e-03 -2.285255443162802713e+00 -3.448872201682057215e-02 9.991939625641239608e-01 -2.054150016550049251e-02 -2.045710863553584957e+01 -6.451696747906242833e-03 2.033070336635625641e-02 9.997724931751739152e-01 3.972294948915135819e+02
9.993056080705277067e-01 3.665181645219627027e-02 6.704180005714579539e-03 -2.285255443162802713e+00 -3.651191003264336182e-02 9.991346718805793614e-01 -1.991953493066525235e-02 -2.045710863553584957e+01 -7.428465828329839163e-03 1.966092054915924078e-02 9.997791086528052817e-01 3.972294948915135819e+02
9.990584175015941870e-01 4.251024689955358593e-02 8.669332601232707797e-03 -2.285255443162802713e+00 -4.231558152943545176e-02 9.988724715764842887e-01 -2.152154935198975425e-02 -2.045710863553584957e+01 -9.574444058925926301e-03 2.113443718728806944e-02 9.997307965576232025e-01 3.972294948915135819e+02
9.988618985169361864e-01 4.687583758488280544e-02 8.807016626467789946e-03 -2.285255443162802713e+00 -4.666478094272021038e-02 9.986501353020403871e-01 -2.281020562781192751e-02 -2.045710863553584957e+01 -9.864375839916476527e-03 2.237326779732489238e-02 9.997010207943967108e-01 3.972294948915135819e+02
9.986765775695374270e-01 5.053142196158125210e-02 9.574382932482231393e-03 -2.285255443162802713e+00 -5.029105131643912124e-02 9.984492520591358167e-01 -2.387260396433825774e-02 -2.045710863553584957e+01 -1.076585210210834198e-02 2.335950464139758057e-02 9.996691602582450376e-01 3.972294948915135819e+02
9.984954824329227430e-01 5.388163068811257367e-02 1.017553121150353672e-02 -2.285255443162802713e+00 -5.363827264044518373e-02 9.982991763396685814e-01 -2.284053912864844257e-02 -2.045710863553584957e+01 -1.138890992130979843e-02 2.226037721890386858e-02 9.996873352888278053e-01 3.972294948915135819e+02
9.983408274564435914e-01 5.664755014051822690e-02 1.032701780101475710e-02 -2.285255443162802713e+00 -5.639359631873509110e-02 9.981339897682012241e-01 -2.341582293344936228e-02 -2.045710863553584957e+01 -1.163419648383817381e-02 2.279459436990656854e-02 9.996724723326574358e-01 3.972294948915135819e+02
9.981710502839573618e-01 5.946697222271690036e-02 1.087352701221546390e-02 -2.285255443162802713e+00 -5.917392623878036523e-02 9.979210701090804880e-01 -2.553398296063288594e-02 -2.045710863553584957e+01 -1.236935036734534109e-02 2.484385330437135705e-02 9.996148168792224897e-01 3.972294948915135819e+02
9.978902462899789105e-01 6.401530735148730500e-02 1.082112674452255160e-02 -2.285255443162802713e+00 -6.367789575113502742e-02 9.975466588704647863e-01 -2.908245122198081095e-02 -2.045710863553584957e+01 -1.265630088272205050e-02 2.833202783187118226e-02 9.995184411739989061e-01 3.972294948915135819e+02
9.973952637604792670e-01 7.073767072650234689e-02 1.410211928590679453e-02 -2.285255443162802713e+00 -7.029704236039867327e-02 9.970863985206628310e-01 -2.961485641486619885e-02 -2.045710863553584957e+01 -1.615591729198104926e-02 2.854638024832138743e-02 9.994619004800400219e-01 3.972294948915135819e+02
9.968804692630252040e-01 7.753192394272875876e-02 1.476925088386738145e-02 -2.285255443162802713e+00 -7.705796856168115050e-02 9.965650380797089758e-01 -3.033470550926507803e-02 -2.045710863553584957e+01 -1.707042714985950241e-02 2.910198699274319303e-02 9.994306753697307366e-01 3.972294948915135819e+02
9.965229814464106051e-01 8.188164051753890615e-02 1.540598569758824810e-02 -2.285255443162802713e+00 -8.141266963523244304e-02 9.962602717231419103e-01 -2.893869743085501073e-02 -2.045710863553584957e+01 -1.771791951732121922e-02 2.758383461896833297e-02 9.994624592228021909e-01 3.972294948915135819e+02
9.963813412191340202e-01 8.352118493289592549e-02 1.576180629768143132e-02 -2.285255443162802713e+00 -8.306605143995832163e-02 9.961615828611399825e-01 -2.760673703574827512e-02 -2.045710863553584957e+01 -1.800705329960559584e-02 2.619756666165292541e-02 9.994945890461206517e-01 3.972294948915135819e+02
9.966126099574992292e-01 8.074059775189813826e-02 1.562886906876691934e-02 -2.285255443162802713e+00 -8.031222963945541804e-02 9.964219164820492525e-01 -2.633078283261187924e-02 -2.045710863553584957e+01 -1.769891081512827216e-02 2.498640087937763210e-02 9.995311042319059425e-01 3.972294948915135819e+02
9.965926967186792274e-01 8.124729297112355531e-02 1.420824520678740099e-02 -2.285255443162802713e+00 -8.085448434346276247e-02 9.963781952027921385e-01 -2.632573808989987357e-02 -2.045710863553584957e+01 -1.629568067140872711e-02 2.508723797650267567e-02 9.995524404863238566e-01 3.972294948915135819e+02
