1.000000000000000000e+00 0.000000000000000000e+00 0.000000000000000000e+00 -7.662986200313618435e-01 0.000000000000000000e+00 1.000000000000000000e+00 0.000000000000000000e+00 -6.053360837086469104e+00 0.000000000000000000e+00 0.000000000000000000e+00 1.000000000000000000e+00 3.935096409947423126e+02
9.999995999999999885e-01 -9.035185000000000265e-04 -2.101169000000000008e-04 -7.662986200313618435e-01 9.037964000000000327e-04 9.999987000000000181e-01 1.325645999999999986e-03 -6.053360837086469104e+00 2.089193000000000040e-04 -1.325833999999999910e-03 9.999991000000000296e-01 3.935096409947423126e+02
9.999985000000000124e-01 -1.646347000000000045e-03 -5.538204999999999604e-04 -7.662986200313618435e-01 1.647374999999999968e-03 9.999968999999999664e-01 1.859718999999999912e-03 -6.053360837086469104e+00 5.507574000000000540e-04 -1.860626999999999897e-03 9.999981000000000009e-01 3.935096409947423126e+02
9.999938999999999911e-01 -3.413453999999999794e-03 -7.312196999999999881e-04 -7.662986200313618435e-01 3.413846999999999802e-03 9.999940000000000495e-01 5.361920000000000054e-04 -6.053360837086469104e+00 7.293854999999999913e-04 -5.386841000000000285e-04 9.999995999999999885e-01 3.935096409947423126e+02
9.999932000000000265e-01 -3.635348000000000052e-03 -6.434003000000000205e-04 -7.662986200313618435e-01 3.635872000000000062e-03 9.999930000000000208e-01 8.141188000000000157e-04 -6.053360837086469104e+00 6.404365999999999661e-04 -8.164516999999999608e-04 9.999995000000000411e-01 3.935096409947423126e+02
9.999921999999999978e-01 -3.925218999999999757e-03 -5.162240000000000231e-04 -7.662986200313618435e-01 3.926062000000000128e-03 9.999909000000000159e-01 1.640787000000000105e-03 -6.053360837086469104e+00 5.097791999999999862e-04 -1.642800000000000033e-03 9.999985000000000124e-01 3.935096409947423126e+02
9.999848000000000070e-01 -5.504051999999999729e-03 -4.169862000000000091e-04 -7.662986200313618435e-01 5.505157999999999580e-03 9.999812000000000145e-01 2.694454000000000207e-03 -6.053360837086469104e+00 4.021483000000000067e-04 -2.696707000000000010e-03 9.999962999999999491e-01 3.935096409947423126e+02
9.999864000000000530e-01 -5.184552000000000258e-03 -5.975595999999999903e-04 -7.662986200313618435e-01 5.186661999999999870e-03 9.999801000000000384e-01 3.583038000000000195e-03 -6.053360837086469104e+00 5.789716000000000523e-04 -3.586086999999999955e-03 9.999934000000000323e-01 3.935096409947423126e+02
9.999888999999999584e-01 -4.630869999999999605e-03 -8.604705999999999943e-04 -7.662986200313618435e-01 4.632472000000000326e-03 9.999875000000000291e-01 1.867104999999999980e-03 -6.053360837086469104e+00 8.518138999999999659e-04 -1.871070000000000068e-03 9.999978999999999951e-01 3.935096409947423126e+02
9.999976999999999894e-01 -1.900807000000000017e-03 -9.601046000000000233e-04 -7.662986200313618435e-01 1.900055000000000103e-03 9.999978999999999951e-01 -7.842218999999999666e-04 -6.053360837086469104e+00 9.615936000000000492e-04 7.823964000000000092e-04 9.999991999999999770e-01 3.935096409947423126e+02
9.999985999999999597e-01 1.543588000000000035e-03 -6.218670000000000144e-04 -7.662986200313618435e-01 -1.544659000000000093e-03 9.999972999999999779e-01 -1.724973000000000088e-03 -6.053360837086469104e+00 6.192030999999999534e-04 1.725930999999999993e-03 9.999983000000000066e-01 3.935096409947423126e+02
9.999919999999999920e-01 3.962554000000000076e-03 -5.304796999999999551e-04 -7.662986200313618435e-01 -3.963387999999999980e-03 9.999909000000000159e-01 -1.579139000000000020e-03 -6.053360837086469104e+00 5.242177999999999465e-04 1.581228999999999968e-03 9.999985999999999597e-01 3.935096409947423126e+02
9.999865000000000004e-01 5.189812999999999718e-03 -3.869434000000000263e-04 -7.662986200313618435e-01 -5.190150000000000145e-03 9.999860999999999889e-01 -8.728855999999999898e-04 -6.053360837086469104e+00 3.824082999999999823e-04 8.748825999999999912e-04 9.999995999999999885e-01 3.935096409947423126e+02
9.999955000000000371e-01 2.993089999999999900e-03 2.876760999999999950e-05 -7.662986200313618435e-01 -2.993136999999999881e-03 9.999938999999999911e-01 1.769062999999999972e-03 -6.053360837086469104e+00 -2.347214000000000123e-05 -1.769140999999999899e-03 9.999983999999999540e-01 3.935096409947423126e+02
9.999995999999999885e-01 -8.993856000000000376e-04 2.524903999999999907e-04 -7.662986200313618435e-01 8.983691999999999503e-04 9.999915999999999805e-01 3.998215999999999749e-03 -6.053360837086469104e+00 -2.560838999999999759e-04 -3.997986000000000248e-03 9.999919999999999920e-01 3.935096409947423126e+02
9.999934000000000323e-01 -3.638641000000000184e-03 -3.959215000000000005e-05 -7.662986200313618435e-01 3.638708000000000047e-03 9.999917000000000389e-01 1.831392000000000046e-03 -6.053360837086469104e+00 3.292839000000000069e-05 -1.831523000000000049e-03 9.999983000000000066e-01 3.935096409947423126e+02
9.999869000000000119e-01 -5.119262000000000291e-03 -2.320355999999999981e-04 -7.662986200313618435e-01 5.119134000000000011e-03 9.999867000000000061e-01 -5.539281000000000066e-04 -6.053360837086469104e+00 2.348685999999999894e-04 5.527336000000000098e-04 9.999997999999999942e-01 3.935096409947423126e+02
9.999959000000000486e-01 -2.848774000000000098e-03 4.262614999999999980e-04 -7.662986200313618435e-01 2.849650000000000013e-03 9.999938000000000438e-01 -2.066801999999999962e-03 -6.053360837086469104e+00 -4.203707000000000103e-04 2.068008000000000086e-03 9.999978000000000478e-01 3.935096409947423126e+02
9.999991999999999770e-01 1.424852999999999959e-04 1.245425000000000091e-03 -7.662986200313618435e-01 -1.415312999999999912e-04 9.999997000000000469e-01 -7.660729000000000019e-04 -6.053360837086469104e+00 -1.245533999999999964e-03 7.658966999999999815e-04 9.999989000000000239e-01 3.935096409947423126e+02
9.999970999999999721e-01 1.440634000000000099e-03 1.942057999999999979e-03 -7.662986200313618435e-01 -1.451156000000000104e-03 9.999841999999999897e-01 5.427244000000000339e-03 -6.053360837086469104e+00 -1.934207999999999978e-03 -5.430044000000000190e-03 9.999833999999999667e-01 3.935096409947423126e+02
9.999966000000000133e-01 -1.050890999999999978e-03 2.369238000000000073e-03 -7.662986200313618435e-01 1.037930000000000059e-03 9.999845000000000539e-01 5.465290000000000252e-03 -6.053360837086469104e+00 -2.374944999999999834e-03 -5.462810999999999709e-03 9.999822999999999906e-01 3.935096409947423126e+02
9.999839000000000366e-01 -5.339006999999999781e-03 1.951314999999999907e-03 -7.662986200313618435e-01 5.331391999999999902e-03 9.999782000000000393e-01 3.887906999999999908e-03 -6.053360837086469104e+00 -1.972030000000000050e-03 -3.877438999999999886e-03 9.999905000000000044e-01 3.935096409947423126e+02
9.999803999999999915e-01 -5.933228999999999934e-03 1.984891999999999820e-03 -7.662986200313618435e-01 5.930623000000000318e-03 9.999814999999999676e-01 1.317192999999999923e-03 -6.053360837086469104e+00 -1.992671000000000112e-03 -1.305394999999999993e-03 9.999972000000000305e-01 3.935096409947423126e+02
9.999780999999999809e-01 -6.177288999999999870e-03 2.396695999999999809e-03 -7.662986200313618435e-01 6.179643000000000289e-03 9.999803999999999915e-01 -9.754600999999999680e-04 -6.053360837086469104e+00 -2.390623000000000140e-03 9.902498999999999937e-04 9.999966999999999606e-01 3.935096409947423126e+02
9.999909000000000159e-01 -2.864263000000000139e-03 3.173275000000000141e-03 -7.662986200313618435e-01 2.868672000000000062e-03 9.999949000000000199e-01 -1.385713000000000006e-03 -6.053360837086469104e+00 -3.169289999999999954e-03 1.394803999999999922e-03 9.999940000000000495e-01 3.935096409947423126e+02
9.999917999999999862e-01 -1.916603999999999921e-03 3.569832000000000213e-03 -7.662986200313618435e-01 1.929097999999999967e-03 9.999919999999999920e-01 -3.499496999999999851e-03 -6.053360837086469104e+00 -3.563095999999999972e-03 3.506355000000000062e-03 9.999875000000000291e-01 3.935096409947423126e+02
9.999934000000000323e-01 -1.021449000000000011e-03 3.498427000000000134e-03 -7.662986200313618435e-01 1.035312000000000038e-03 9.999915999999999805e-01 -3.963091999999999657e-03 -6.053360837086469104e+00 -3.494349999999999800e-03 3.966688000000000332e-03 9.999860000000000415e-01 3.935096409947423126e+02
9.999936999999999854e-01 -9.562966000000000218e-04 3.408962000000000190e-03 -7.662986200313618435e-01 9.619573999999999660e-04 9.999981000000000009e-01 -1.659242000000000009e-03 -6.053360837086469104e+00 -3.407368999999999936e-03 1.662510999999999980e-03 9.999928000000000150e-01 3.935096409947423126e+02
9.999955000000000371e-01 -1.889566999999999929e-04 2.986144000000000038e-03 -7.662986200313618435e-01 1.891380999999999976e-04 1.000000000000000000e+00 -6.045352000000000120e-05 -6.053360837086469104e+00 -2.986131999999999849e-03 6.101873000000000117e-05 9.999955000000000371e-01 3.935096409947423126e+02
9.999924999999999509e-01 2.514535999999999941e-03 2.962671000000000054e-03 -7.662986200313618435e-01 -2.513425000000000121e-03 9.999966999999999606e-01 -3.789501999999999823e-04 -6.053360837086469104e+00 -2.963613999999999832e-03 3.715015999999999805e-04 9.999955000000000371e-01 3.935096409947423126e+02
9.999824000000000490e-01 5.051550999999999611e-03 3.101410000000000191e-03 -7.662986200313618435e-01 -5.049834999999999914e-03 9.999871000000000176e-01 -5.613031000000000097e-04 -6.053360837086469104e+00 -3.104205000000000072e-03 5.456322999999999902e-04 9.999949999999999672e-01 3.935096409947423126e+02
9.999692000000000025e-01 7.203651999999999625e-03 3.111047000000000031e-03 -7.662986200313618435e-01 -7.203530999999999997e-03 9.999740000000000295e-01 -5.033623000000000307e-05 -6.053360837086469104e+00 -3.111328000000000010e-03 2.792485000000000082e-05 9.999951999999999730e-01 3.935096409947423126e+02
9.999614999999999476e-01 8.308311000000000515e-03 2.843621000000000169e-03 -7.662986200313618435e-01 -8.308996000000000784e-03 9.999654000000000043e-01 2.285386999999999944e-04 -6.053360837086469104e+00 -2.841624000000000060e-03 -2.521566999999999841e-04 9.999959000000000486e-01 3.935096409947423126e+02
9.999706999999999901e-01 7.259716000000000259e-03 2.412258999999999931e-03 -7.662986200313618435e-01 -7.259296999999999625e-03 9.999736000000000180e-01 -1.830540999999999928e-04 -6.053360837086469104e+00 -2.413523999999999791e-03 1.655380999999999931e-04 9.999970999999999721e-01 3.935096409947423126e+02
9.999778999999999751e-01 6.426237999999999916e-03 1.720933000000000011e-03 -7.662986200313618435e-01 -6.424858000000000305e-03 9.999789999999999512e-01 -8.074729999999999581e-04 -6.053360837086469104e+00 -1.726085000000000032e-03 7.963989000000000094e-04 9.999981999999999482e-01 3.935096409947423126e+02
9.999829000000000079e-01 5.800168999999999984e-03 7.616190999999999803e-04 -7.662986200313618435e-01 -5.800121999999999570e-03 9.999831999999999610e-01 -6.598168999999999812e-05 -6.053360837086469104e+00 -7.619887000000000318e-04 6.156377000000000637e-05 9.999997000000000469e-01 3.935096409947423126e+02
9.999818999999999791e-01 6.010564999999999831e-03 -2.411951999999999976e-04 -7.662986200313618435e-01 -6.010373999999999751e-03 9.999816000000000260e-01 7.926520999999999524e-04 -6.053360837086469104e+00 2.459553999999999864e-04 -7.911873000000000473e-04 9.999997000000000469e-01 3.935096409947423126e+02
9.999770999999999521e-01 6.648910000000000063e-03 -1.303817000000000084e-03 -7.662986200313618435e-01 -6.647540000000000393e-03 9.999772999999999579e-01 1.052800000000000003e-03 -6.053360837086469104e+00 1.310788000000000014e-03 -1.044107999999999972e-03 9.999985999999999597e-01 3.935096409947423126e+02
9.999748999999999999e-01 6.638251000000000394e-03 -2.479480000000000052e-03 -7.662986200313618435e-01 -6.636600999999999785e-03 9.999776999999999694e-01 6.739965000000000105e-04 -6.053360837086469104e+00 2.483899999999999823e-03 -6.575233999999999463e-04 9.999966999999999606e-01 3.935096409947423126e+02
9.999698999999999671e-01 6.882776000000000172e-03 -3.588300999999999904e-03 -7.662986200313618435e-01 -6.875797000000000332e-03 9.999744000000000410e-01 1.954122999999999884e-03 -6.053360837086469104e+00 3.601659000000000110e-03 -1.929390999999999919e-03 9.999917000000000389e-01 3.935096409947423126e+02
9.999753000000000114e-01 5.497092000000000298e-03 -4.387405999999999945e-03 -7.662986200313618435e-01 -5.484306000000000424e-03 9.999806999999999446e-01 2.921094999999999855e-03 -6.053360837086469104e+00 4.403378999999999800e-03 -2.896960000000000073e-03 9.999860999999999889e-01 3.935096409947423126e+02
9.999793999999999627e-01 4.003114999999999798e-03 -5.028577999999999694e-03 -7.662986200313618435e-01 -3.988903999999999714e-03 9.999879999999999880e-01 2.833037999999999963e-03 -6.053360837086469104e+00 5.039858999999999832e-03 -2.812920000000000004e-03 9.999833999999999667e-01 3.935096409947423126e+02
9.999824999999999964e-01 1.719377000000000015e-03 -5.654443000000000316e-03 -7.662986200313618435e-01 -1.705846000000000012e-03 9.999955999999999845e-01 2.396848000000000034e-03 -6.053360837086469104e+00 5.658540000000000098e-03 -2.387160000000000150e-03 9.999812000000000145e-01 3.935096409947423126e+02
9.999835000000000251e-01 3.749396000000000109e-04 -5.730769000000000141e-03 -7.662986200313618435e-01 -3.587007000000000129e-04 9.999959000000000486e-01 2.834405999999999818e-03 -6.053360837086469104e+00 5.731809000000000036e-03 -2.832302000000000083e-03 9.999795999999999685e-01 3.935096409947423126e+02
9.999856000000000300e-01 -8.364906000000000511e-04 -5.300789000000000195e-03 -7.662986200313618435e-01 8.549023000000000429e-04 9.999936000000000380e-01 3.472041999999999837e-03 -6.053360837086469104e+00 5.297851999999999596e-03 -3.476522000000000119e-03 9.999799000000000326e-01 3.935096409947423126e+02
9.999862000000000473e-01 -1.858791000000000046e-03 -4.917931000000000386e-03 -7.662986200313618435e-01 1.878972000000000021e-03 9.999898000000000398e-01 4.102185999999999853e-03 -6.053360837086469104e+00 4.910257000000000337e-03 -4.111369000000000135e-03 9.999795000000000211e-01 3.935096409947423126e+02
9.999827000000000021e-01 -3.792549000000000094e-03 -4.488790000000000315e-03 -7.662986200313618435e-01 3.809032999999999863e-03 9.999860000000000415e-01 3.669129000000000140e-03 -6.053360837086469104e+00 4.474811999999999887e-03 -3.686163000000000113e-03 9.999831999999999610e-01 3.935096409947423126e+02
9.999780000000000335e-01 -5.296196000000000410e-03 -4.008198000000000143e-03 -7.662986200313618435e-01 5.307525999999999911e-03 9.999818999999999791e-01 2.820927999999999890e-03 -6.053360837086469104e+00 3.993186000000000131e-03 -2.842138000000000130e-03 9.999879999999999880e-01 3.935096409947423126e+02
9.999806999999999446e-01 -5.220464000000000181e-03 -3.359594999999999942e-03 -7.662986200313618435e-01 5.228046000000000082e-03 9.999837999999999782e-01 2.251723000000000179e-03 -6.053360837086469104e+00 3.347786000000000164e-03 -2.269241999999999874e-03 9.999917999999999862e-01 3.935096409947423126e+02
9.999907000000000101e-01 -3.482461999999999971e-03 -2.553135000000000213e-03 -7.662986200313618435e-01 3.488377999999999878e-03 9.999911999999999690e-01 2.316103999999999819e-03 -6.053360837086469104e+00 2.545046999999999934e-03 -2.324987000000000147e-03 9.999940999999999969e-01 3.935096409947423126e+02
9.999976999999999894e-01 -6.481361000000000370e-04 -2.068771999999999972e-03 -7.662986200313618435e-01 6.556851999999999949e-04 9.999930999999999681e-01 3.650429000000000174e-03 -6.053360837086469104e+00 2.066391999999999795e-03 -3.651775999999999807e-03 9.999911999999999690e-01 3.935096409947423126e+02
9.999945999999999557e-01 3.012864999999999988e-03 -1.287970999999999951e-03 -7.662986200313618435e-01 -3.006441999999999795e-03 9.999831999999999610e-01 4.960904999999999829e-03 -6.053360837086469104e+00 1.302896999999999909e-03 -4.957004000000000098e-03 9.999869000000000119e-01 3.935096409947423126e+02
9.999776999999999694e-01 6.659932999999999825e-03 -5.287412999999999922e-04 -7.662986200313618435e-01 -6.656920000000000198e-03 9.999626000000000348e-01 5.510824000000000104e-03 -6.053360837086469104e+00 5.654235999999999984e-04 -5.507180000000000408e-03 9.999846999999999486e-01 3.935096409947423126e+02
9.999377999999999878e-01 1.115147000000000013e-02 1.358832999999999938e-04 -7.662986200313618435e-01 -1.115202000000000034e-02 9.999246999999999996e-01 5.112812999999999906e-03 -6.053360837086469104e+00 -7.885742999999999692e-05 -5.114007999999999748e-03 9.999869000000000119e-01 3.935096409947423126e+02
9.998985999999999708e-01 1.421690999999999927e-02 8.503239999999999583e-04 -7.662986200313618435e-01 -1.422069999999999931e-02 9.998882000000000048e-01 4.621051000000000152e-03 -6.053360837086469104e+00 -7.845315000000000491e-04 -4.632673000000000346e-03 9.999890000000000168e-01 3.935096409947423126e+02
9.998648999999999454e-01 1.636597999999999872e-02 1.544957999999999922e-03 -7.662986200313618435e-01 -1.637256000000000128e-02 9.998565000000000369e-01 4.344500999999999745e-03 -6.053360837086469104e+00 -1.473633999999999925e-03 -4.369206999999999952e-03 9.999894000000000283e-01 3.935096409947423126e+02
9.998597999999999653e-01 1.663765999999999856e-02 1.883621000000000037e-03 -7.662986200313618435e-01 -1.664594999999999964e-02 9.998513999999999458e-01 4.472344999999999966e-03 -6.053360837086469104e+00 -1.808930999999999950e-03 -4.503070999999999983e-03 9.999881999999999938e-01 3.935096409947423126e+02
9.998793000000000264e-01 1.540191999999999950e-02 2.040510000000000154e-03 -7.662986200313618435e-01 -1.541124999999999960e-02 9.998704999999999954e-01 4.635585000000000226e-03 -6.053360837086469104e+00 -1.968848000000000039e-03 -4.666469999999999820e-03 9.999871999999999650e-01 3.935096409947423126e+02
9.998966999999999716e-01 1.423630000000000034e-02 1.959368999999999868e-03 -7.662986200313618435e-01 -1.424344999999999951e-02 9.998917000000000499e-01 3.684602999999999837e-03 -6.053360837086469104e+00 -1.906701000000000012e-03 -3.712129000000000210e-03 9.999913000000000274e-01 3.935096409947423126e+02
9.999076000000000075e-01 1.348986999999999929e-02 1.677214999999999913e-03 -7.662986200313618435e-01 -1.349578000000000062e-02 9.999025999999999748e-01 3.560724999999999828e-03 -6.053360837086469104e+00 -1.629018000000000089e-03 -3.583030000000000069e-03 9.999922999999999451e-01 3.935096409947423126e+02
9.999074000000000018e-01 1.353415999999999994e-02 1.448463000000000094e-03 -7.662986200313618435e-01 -1.353963000000000041e-02 9.999010000000000398e-01 3.833191000000000116e-03 -6.053360837086469104e+00 -1.396440000000000094e-03 -3.852447000000000163e-03 9.999915999999999805e-01 3.935096409947423126e+02
9.999139999999999695e-01 1.308010000000000075e-02 9.085344000000000406e-04 -7.662986200313618435e-01 -1.308305000000000058e-02 9.999088999999999894e-01 3.317810999999999937e-03 -6.053360837086469104e+00 -8.650539999999999749e-04 -3.329411000000000002e-03 9.999940999999999969e-01 3.935096409947423126e+02
9.999097000000000124e-01 1.343478000000000033e-02 1.870472999999999938e-04 -7.662986200313618435e-01 -1.343539000000000018e-02 9.999029000000000389e-01 3.681202000000000172e-03 -6.053360837086469104e+00 -1.375726999999999983e-04 -3.683381999999999802e-03 9.999932000000000265e-01 3.935096409947423126e+02
9.999145000000000394e-01 1.305409000000000083e-02 -7.454491999999999846e-04 -7.662986200313618435e-01 -1.305069000000000021e-02 9.999050999999999911e-01 4.397268999999999657e-03 -6.053360837086469104e+00 8.027813000000000180e-04 -4.387163000000000347e-03 9.999900999999999929e-01 3.935096409947423126e+02
9.999384999999999524e-01 1.093064000000000015e-02 -1.877975000000000044e-03 -7.662986200313618435e-01 -1.092023999999999946e-02 9.999253999999999643e-01 5.458590000000000143e-03 -6.053360837086469104e+00 1.937500999999999893e-03 -5.437744999999999905e-03 9.999833000000000194e-01 3.935096409947423126e+02
9.999565999999999732e-01 8.790730999999999545e-03 -3.086647000000000089e-03 -7.662986200313618435e-01 -8.771543999999999175e-03 9.999424000000000090e-01 6.176184999999999835e-03 -6.053360837086469104e+00 3.140762999999999975e-03 -6.148840000000000035e-03 9.999761999999999817e-01 3.935096409947423126e+02
9.999700000000000255e-01 6.803260000000000210e-03 -3.711636999999999836e-03 -7.662986200313618435e-01 -6.779631999999999846e-03 9.999569000000000374e-01 6.342124999999999672e-03 -6.053360837086469104e+00 3.754623999999999809e-03 -6.316768999999999856e-03 9.999730000000000008e-01 3.935096409947423126e+02
9.999761000000000344e-01 5.509751999999999705e-03 -4.188779999999999587e-03 -7.662986200313618435e-01 -5.485989000000000143e-03 9.999689000000000494e-01 5.663658999999999707e-03 -6.053360837086469104e+00 4.219856000000000128e-03 -5.640542000000000125e-03 9.999751999999999530e-01 3.935096409947423126e+02
9.999808999999999504e-01 4.282216999999999621e-03 -4.468492000000000124e-03 -7.662986200313618435e-01 -4.259218000000000379e-03 9.999776999999999694e-01 5.143990000000000194e-03 -6.053360837086469104e+00 4.490420999999999649e-03 -5.124857000000000024e-03 9.999767999999999990e-01 3.935096409947423126e+02
9.999772000000000105e-01 4.941454999999999979e-03 -4.604768000000000402e-03 -7.662986200313618435e-01 -4.919520999999999616e-03 9.999765000000000459e-01 4.762663999999999787e-03 -6.053360837086469104e+00 4.628194999999999878e-03 -4.739901000000000357e-03 9.999780999999999809e-01 3.935096409947423126e+02
9.999786999999999981e-01 4.738575000000000079e-03 -4.487409999999999836e-03 -7.662986200313618435e-01 -4.720318999999999730e-03 9.999805000000000499e-01 4.070436999999999667e-03 -6.053360837086469104e+00 4.506610999999999777e-03 -4.049167000000000217e-03 9.999816999999999734e-01 3.935096409947423126e+02
9.999761000000000344e-01 5.462031000000000004e-03 -4.246259999999999965e-03 -7.662986200313618435e-01 -5.447631999999999995e-03 9.999793999999999627e-01 3.395396000000000178e-03 -6.053360837086469104e+00 4.264719000000000149e-03 -3.372181000000000137e-03 9.999852000000000185e-01 3.935096409947423126e+02
9.999675999999999565e-01 7.060839999999999651e-03 -3.876949000000000194e-03 -7.662986200313618435e-01 -7.047185000000000081e-03 9.999689000000000494e-01 3.524910999999999930e-03 -6.053360837086469104e+00 3.901718000000000200e-03 -3.497473000000000075e-03 9.999862999999999946e-01 3.935096409947423126e+02
9.999651000000000511e-01 7.529260000000000293e-03 -3.627206999999999914e-03 -7.662986200313618435e-01 -7.511447000000000089e-03 9.999597999999999542e-01 4.900143000000000033e-03 -6.053360837086469104e+00 3.663955999999999897e-03 -4.872724999999999626e-03 9.999814000000000203e-01 3.935096409947423126e+02
9.999550000000000383e-01 8.833811000000000441e-03 -3.458297999999999841e-03 -7.662986200313618435e-01 -8.811342999999999259e-03 9.999403000000000041e-01 6.459623000000000274e-03 -6.053360837086469104e+00 3.515154999999999842e-03 -6.428857999999999968e-03 9.999732000000000065e-01 3.935096409947423126e+02
9.999597000000000069e-01 8.302254000000000231e-03 -3.413288999999999906e-03 -7.662986200313618435e-01 -8.284615999999999855e-03 9.999523999999999635e-01 5.149957999999999619e-03 -6.053360837086469104e+00 3.455884000000000213e-03 -5.121470999999999836e-03 9.999808999999999504e-01 3.935096409947423126e+02
9.999609999999999888e-01 8.173870999999999221e-03 -3.338204999999999905e-03 -7.662986200313618435e-01 -8.165524000000000393e-03 9.999635000000000051e-01 2.507095999999999891e-03 -6.053360837086469104e+00 3.358575999999999836e-03 -2.479738999999999902e-03 9.999913000000000274e-01 3.935096409947423126e+02
9.999651000000000511e-01 7.633273999999999788e-03 -3.387355999999999787e-03 -7.662986200313618435e-01 -7.628806000000000129e-03 9.999700000000000255e-01 1.330447000000000010e-03 -6.053360837086469104e+00 3.397410999999999921e-03 -1.304557999999999933e-03 9.999934000000000323e-01 3.935096409947423126e+02
9.999795999999999685e-01 5.504928000000000078e-03 -3.239048000000000014e-03 -7.662986200313618435e-01 -5.496405000000000214e-03 9.999814000000000203e-01 2.634819000000000050e-03 -6.053360837086469104e+00 3.253493000000000097e-03 -2.616961000000000113e-03 9.999913000000000274e-01 3.935096409947423126e+02
9.999915999999999805e-01 3.142105000000000072e-03 -2.625882999999999863e-03 -7.662986200313618435e-01 -3.129621999999999873e-03 9.999837999999999782e-01 4.744784000000000154e-03 -6.053360837086469104e+00 2.640748999999999961e-03 -4.736525000000000110e-03 9.999852999999999659e-01 3.935096409947423126e+02
9.999972999999999779e-01 1.561464999999999945e-03 -1.709519000000000056e-03 -7.662986200313618435e-01 -1.552201999999999922e-03 9.999841999999999897e-01 5.406522999999999884e-03 -6.053360837086469104e+00 1.717933999999999954e-03 -5.403853999999999602e-03 9.999839000000000366e-01 3.935096409947423126e+02
9.999993000000000354e-01 6.761649000000000218e-04 -1.000187999999999945e-03 -7.662986200313618435e-01 -6.721987999999999921e-04 9.999919000000000446e-01 3.960469000000000316e-03 -6.053360837086469104e+00 1.002857999999999918e-03 -3.959792000000000173e-03 9.999917000000000389e-01 3.935096409947423126e+02
9.999966000000000133e-01 2.581200000000000074e-03 -3.337540999999999967e-04 -7.662986200313618435e-01 -2.580677999999999878e-03 9.999953999999999787e-01 1.556831999999999964e-03 -6.053360837086469104e+00 3.377713999999999760e-04 -1.555963999999999958e-03 9.999987000000000181e-01 3.935096409947423126e+02
9.999894999999999756e-01 4.532669999999999928e-03 7.482826999999999838e-04 -7.662986200313618435e-01 -4.532188000000000362e-03 9.999894999999999756e-01 -6.455748999999999776e-04 -6.053360837086469104e+00 -7.512007999999999923e-04 6.421773999999999885e-04 9.999995000000000411e-01 3.935096409947423126e+02
9.999689999999999968e-01 7.570196999999999864e-03 2.161282000000000047e-03 -7.662986200313618435e-01 -7.568321999999999723e-03 9.999710000000000543e-01 -8.754175999999999581e-04 -6.053360837086469104e+00 -2.167846000000000183e-03 8.590336999999999539e-04 9.999972999999999779e-01 3.935096409947423126e+02
9.999531000000000391e-01 8.996723999999999347e-03 3.596944999999999830e-03 -7.662986200313618435e-01 -9.001425000000000398e-03 9.999586000000000308e-01 1.292098999999999895e-03 -6.053360837086469104e+00 -3.585170999999999844e-03 -1.324415000000000011e-03 9.999926999999999566e-01 3.935096409947423126e+02
9.999479000000000006e-01 9.079887999999999501e-03 4.667313000000000191e-03 -7.662986200313618435e-01 -9.097321000000000227e-03 9.999516000000000515e-01 3.727156000000000132e-03 -6.053360837086469104e+00 -4.633245999999999719e-03 -3.769419999999999889e-03 9.999822000000000433e-01 3.935096409947423126e+02
9.999525000000000219e-01 8.077878999999999615e-03 5.449540000000000113e-03 -7.662986200313618435e-01 -8.102032999999999804e-03 9.999573999999999963e-01 4.424713000000000257e-03 -6.053360837086469104e+00 -5.413565000000000391e-03 -4.468653999999999855e-03 9.999753999999999587e-01 3.935096409947423126e+02
9.999422000000000033e-01 8.587162000000000614e-03 6.468938999999999939e-03 -7.662986200313618435e-01 -8.611020000000000479e-03 9.999561999999999617e-01 3.668979000000000164e-03 -6.053360837086469104e+00 -6.437148999999999649e-03 -3.724468999999999783e-03 9.999723999999999835e-01 3.935096409947423126e+02
9.999166999999999916e-01 1.035030999999999972e-02 7.709246999999999801e-03 -7.662986200313618435e-01 -1.037510999999999989e-02 9.999411000000000271e-01 3.183679000000000023e-03 -6.053360837086469104e+00 -7.675841000000000088e-03 -3.263396000000000005e-03 9.999651999999999985e-01 3.935096409947423126e+02
9.998842000000000008e-01 1.238024000000000069e-02 8.849720000000000156e-03 -7.662986200313618435e-01 -1.240543000000000028e-02 9.999190999999999496e-01 2.797299000000000053e-03 -6.053360837086469104e+00 -8.814373000000000347e-03 -2.906759000000000079e-03 9.999569000000000374e-01 3.935096409947423126e+02
9.998641000000000334e-01 1.313727999999999944e-02 9.963118999999999448e-03 -7.662986200313618435e-01 -1.315501999999999991e-02 9.999120000000000230e-01 1.716443000000000005e-03 -6.053360837086469104e+00 -9.939692999999999445e-03 -1.847274000000000095e-03 9.999489000000000294e-01 3.935096409947423126e+02
9.998377000000000514e-01 1.423200999999999980e-02 1.105094000000000042e-02 -7.662986200313618435e-01 -1.424546999999999966e-02 9.998979000000000061e-01 1.139845000000000007e-03 -6.053360837086469104e+00 -1.103358999999999937e-02 -1.297084999999999905e-03 9.999382999999999466e-01 3.935096409947423126e+02
9.998388000000000275e-01 1.339481000000000005e-02 1.195753999999999914e-02 -7.662986200313618435e-01 -1.340614000000000042e-02 9.999097000000000124e-01 8.676731999999999717e-04 -6.053360837086469104e+00 -1.194483999999999997e-02 -1.027836999999999978e-03 9.999280999999999864e-01 3.935096409947423126e+02
9.998361999999999528e-01 1.286455000000000064e-02 1.272995000000000029e-02 -7.662986200313618435e-01 -1.288657999999999991e-02 9.999156000000000155e-01 1.649653000000000057e-03 -6.053360837086469104e+00 -1.270764999999999915e-02 -1.813427000000000051e-03 9.999175999999999620e-01 3.935096409947423126e+02
9.998371000000000342e-01 1.188958000000000029e-02 1.357739999999999989e-02 -7.662986200313618435e-01 -1.193361000000000074e-02 9.999238000000000293e-01 3.166743999999999983e-03 -6.053360837086469104e+00 -1.353872000000000062e-02 -3.328255000000000016e-03 9.999027999999999805e-01 3.935096409947423126e+02
9.998441000000000134e-01 1.089170000000000069e-02 1.389623000000000073e-02 -7.662986200313618435e-01 -1.093766000000000009e-02 9.999348999999999599e-01 3.235384000000000003e-03 -6.053360837086469104e+00 -1.386008000000000032e-02 -3.386870000000000158e-03 9.998981999999999593e-01 3.935096409947423126e+02
9.998648999999999454e-01 8.812544999999999754e-03 1.387257000000000073e-02 -7.662986200313618435e-01 -8.863631000000000287e-03 9.999540999999999569e-01 3.625221999999999993e-03 -6.053360837086469104e+00 -1.383998999999999993e-02 -3.747691999999999950e-03 9.998972000000000415e-01 3.935096409947423126e+02
9.998827000000000131e-01 7.142772999999999831e-03 1.354834000000000073e-02 -7.662986200313618435e-01 -7.199653000000000302e-03 9.999654000000000043e-01 4.154062000000000032e-03 -6.053360837086469104e+00 -1.351819999999999931e-02 -4.251116999999999570e-03 9.998995999999999995e-01 3.935096409947423126e+02
9.998995999999999995e-01 5.636613999999999861e-03 1.300498999999999926e-02 -7.662986200313618435e-01 -5.686390000000000368e-03 9.999765999999999933e-01 3.793552999999999856e-03 -6.053360837086469104e+00 -1.298329999999999970e-02 -3.867122000000000181e-03 9.999082000000000248e-01 3.935096409947423126e+02
9.999228000000000005e-01 4.048643000000000207e-03 1.174935000000000042e-02 -7.662986200313618435e-01 -4.092636999999999664e-03 9.999846999999999486e-01 3.722650999999999998e-03 -6.053360837086469104e+00 -1.173410000000000078e-02 -3.770448000000000029e-03 9.999240999999999824e-01 3.935096409947423126e+02
9.999390999999999696e-01 2.791726999999999924e-03 1.067836999999999953e-02 -7.662986200313618435e-01 -2.842434999999999927e-03 9.999846999999999486e-01 4.736388000000000230e-03 -6.053360837086469104e+00 -1.066497999999999925e-02 -4.766450999999999674e-03 9.999318000000000373e-01 3.935096409947423126e+02
9.999525999999999692e-01 1.228059000000000095e-03 9.656580999999999151e-03 -7.662986200313618435e-01 -1.276893000000000082e-03 9.999864000000000530e-01 5.052512000000000322e-03 -6.053360837086469104e+00 -9.650245000000000004e-03 -5.064601999999999646e-03 9.999405999999999572e-01 3.935096409947423126e+02
9.999649999999999928e-01 4.853851999999999754e-04 8.355190999999999660e-03 -7.662986200313618435e-01 -5.268856999999999621e-04 9.999875000000000291e-01 4.965533999999999747e-03 -6.053360837086469104e+00 -8.352675999999999851e-03 -4.969760000000000150e-03 9.999527999999999750e-01 3.935096409947423126e+02
9.999748000000000525e-01 2.292746000000000020e-04 7.102144000000000339e-03 -7.662986200313618435e-01 -2.612741000000000130e-04 9.999898000000000398e-01 4.505000999999999797e-03 -6.053360837086469104e+00 -7.101038999999999962e-03 -4.506740999999999872e-03 9.999645999999999813e-01 3.935096409947423126e+02
9.999816000000000260e-01 -1.461826000000000054e-04 6.061112999999999917e-03 -7.662986200313618435e-01 1.219015000000000051e-04 9.999919000000000446e-01 4.006238999999999981e-03 -6.053360837086469104e+00 -6.061650000000000024e-03 -4.005424999999999958e-03 9.999736000000000180e-01 3.935096409947423126e+02
9.999856000000000300e-01 -1.774247000000000064e-03 5.074855999999999985e-03 -7.662986200313618435e-01 1.762936000000000104e-03 9.999959000000000486e-01 2.232535999999999809e-03 -6.053360837086469104e+00 -5.078797000000000346e-03 -2.223555999999999797e-03 9.999846000000000013e-01 3.935096409947423126e+02
9.999656000000000100e-01 -7.298614000000000143e-03 3.947403999999999843e-03 -7.662986200313618435e-01 7.295542000000000346e-03 9.999730000000000008e-01 7.925720999999999938e-04 -6.053360837086469104e+00 -3.953082000000000124e-03 -7.637454999999999808e-04 9.999919000000000446e-01 3.935096409947423126e+02
9.998966999999999716e-01 -1.409567999999999932e-02 2.802841999999999834e-03 -7.662986200313618435e-01 1.408553000000000062e-02 9.998943000000000136e-01 3.608253000000000068e-03 -6.053360837086469104e+00 -2.853406000000000171e-03 -3.568399999999999784e-03 9.999896000000000340e-01 3.935096409947423126e+02
9.997629999999999573e-01 -2.173080000000000150e-02 1.320180999999999915e-03 -7.662986200313618435e-01 2.172460000000000016e-02 9.997536000000000200e-01 4.543875999999999644e-03 -6.053360837086469104e+00 -1.418598000000000081e-03 -4.514118000000000124e-03 9.999888000000000110e-01 3.935096409947423126e+02
9.996861999999999693e-01 -2.504947000000000076e-02 1.332437000000000064e-04 -7.662986200313618435e-01 2.504914000000000099e-02 9.996840000000000170e-01 2.113372000000000080e-03 -6.053360837086469104e+00 -1.861401000000000104e-04 -2.109370000000000168e-03 9.999978000000000478e-01 3.935096409947423126e+02
9.996840999999999644e-01 -2.513251999999999847e-02 3.807422000000000085e-04 -7.662986200313618435e-01 2.513320000000000137e-02 9.996823000000000237e-01 -1.884702999999999943e-03 -6.053360837086469104e+00 -3.332534999999999968e-04 1.893677000000000077e-03 9.999981999999999482e-01 3.935096409947423126e+02
9.997662000000000493e-01 -2.158749000000000084e-02 1.248821999999999910e-03 -7.662986200313618435e-01 2.159192000000000056e-02 9.997601999999999878e-01 -3.645128999999999991e-03 -6.053360837086469104e+00 -1.169832999999999897e-03 3.671241000000000001e-03 9.999926000000000093e-01 3.935096409947423126e+02
9.997705000000000064e-01 -2.133186999999999930e-02 2.001938999999999889e-03 -7.662986200313618435e-01 2.133904000000000009e-02 9.997656999999999794e-01 -3.630060999999999965e-03 -6.053360837086469104e+00 -1.924034000000000031e-03 3.671947000000000058e-03 9.999913999999999747e-01 3.935096409947423126e+02
9.997070999999999596e-01 -2.405937999999999827e-02 2.609288999999999879e-03 -7.662986200313618435e-01 2.406072000000000072e-02 9.997103999999999990e-01 -4.795237999999999844e-04 -6.053360837086469104e+00 -2.596995999999999853e-03 5.421653999999999710e-04 9.999964999999999549e-01 3.935096409947423126e+02
9.995597000000000509e-01 -2.951217000000000076e-02 3.081804999999999961e-03 -7.662986200313618435e-01 2.950364999999999932e-02 9.995608000000000271e-01 2.776577000000000125e-03 -6.053360837086469104e+00 -3.162393999999999795e-03 -2.684428999999999895e-03 9.999913999999999747e-01 3.935096409947423126e+02
9.994283999999999946e-01 -3.366699000000000080e-02 3.070718000000000059e-03 -7.662986200313618435e-01 3.365623000000000226e-02 9.994273000000000184e-01 3.494310999999999945e-03 -6.053360837086469104e+00 -3.186602000000000184e-03 -3.388963999999999952e-03 9.999892000000000225e-01 3.935096409947423126e+02
9.993665000000000465e-01 -3.546242000000000144e-02 3.006804000000000074e-03 -7.662986200313618435e-01 3.545071000000000333e-02 9.993638999999999717e-01 3.864764000000000133e-03 -6.053360837086469104e+00 -3.141945000000000154e-03 -3.755721000000000059e-03 9.999879999999999880e-01 3.935096409947423126e+02
9.994176000000000171e-01 -3.391111000000000125e-02 3.821913000000000133e-03 -7.662986200313618435e-01 3.389483000000000079e-02 9.994163000000000352e-01 4.248695000000000249e-03 -6.053360837086469104e+00 -3.963760000000000200e-03 -4.116675000000000195e-03 9.999837000000000309e-01 3.935096409947423126e+02
9.995378999999999792e-01 -2.997703999999999994e-02 5.043696000000000290e-03 -7.662986200313618435e-01 2.995748999999999981e-02 9.995435000000000292e-01 3.909705999999999772e-03 -6.053360837086469104e+00 -5.158595000000000194e-03 -3.756801000000000151e-03 9.999795999999999685e-01 3.935096409947423126e+02
9.996296999999999544e-01 -2.654346999999999956e-02 5.992326000000000076e-03 -7.662986200313618435e-01 2.653482000000000063e-02 9.996466999999999992e-01 1.518786000000000051e-03 -6.053360837086469104e+00 -6.030523000000000307e-03 -1.359217000000000021e-03 9.999808999999999504e-01 3.935096409947423126e+02
9.996962999999999822e-01 -2.370306999999999970e-02 6.750227000000000137e-03 -7.662986200313618435e-01 2.369904000000000108e-02 9.997188999999999659e-01 6.776078000000000483e-04 -6.053360837086469104e+00 -6.764390999999999807e-03 -5.174272999999999850e-04 9.999770000000000048e-01 3.935096409947423126e+02
9.997390000000000443e-01 -2.170098000000000166e-02 7.145420999999999891e-03 -7.662986200313618435e-01 2.168704000000000118e-02 9.997627000000000042e-01 2.022973999999999866e-03 -6.053360837086469104e+00 -7.187625999999999911e-03 -1.867481999999999953e-03 9.999723999999999835e-01 3.935096409947423126e+02
9.997747999999999635e-01 -2.006188999999999889e-02 6.919388999999999748e-03 -7.662986200313618435e-01 2.004972000000000004e-02 9.997972999999999999e-01 1.825343000000000104e-03 -6.053360837086469104e+00 -6.954606999999999803e-03 -1.686198999999999988e-03 9.999744000000000410e-01 3.935096409947423126e+02
9.998148999999999509e-01 -1.813299000000000161e-02 6.434411999999999597e-03 -7.662986200313618435e-01 1.813719000000000095e-02 9.998352999999999824e-01 -5.943429999999999980e-04 -6.053360837086469104e+00 -6.422574999999999812e-03 7.109357000000000176e-04 9.999791000000000096e-01 3.935096409947423126e+02
9.998753000000000224e-01 -1.463466000000000072e-02 5.933088999999999898e-03 -7.662986200313618435e-01 1.465565999999999917e-02 9.998863999999999530e-01 -3.510450000000000029e-03 -6.053360837086469104e+00 -5.881041000000000046e-03 3.596966000000000052e-03 9.999761999999999817e-01 3.935096409947423126e+02
9.999362000000000528e-01 -9.733293999999999974e-03 5.740251000000000034e-03 -7.662986200313618435e-01 9.761014999999999622e-03 9.999407000000000156e-01 -4.820709000000000279e-03 -6.053360837086469104e+00 -5.692988999999999862e-03 4.876431999999999989e-03 9.999719000000000246e-01 3.935096409947423126e+02
9.999685999999999853e-01 -5.143146000000000349e-03 6.037006999999999617e-03 -7.662986200313618435e-01 5.167231000000000428e-03 9.999786999999999981e-01 -3.980535000000000323e-03 -6.053360837086469104e+00 -6.016406000000000184e-03 4.011604999999999685e-03 9.999738999999999711e-01 3.935096409947423126e+02
9.999767999999999990e-01 -1.828107999999999947e-03 6.567233999999999919e-03 -7.662986200313618435e-01 1.838035000000000016e-03 9.999972000000000305e-01 -1.505772999999999964e-03 -6.053360837086469104e+00 -6.564463000000000416e-03 1.517810000000000079e-03 9.999772999999999579e-01 3.935096409947423126e+02
9.999765000000000459e-01 -1.477610000000000078e-03 6.696020999999999918e-03 -7.662986200313618435e-01 1.474494999999999929e-03 9.999987999999999655e-01 4.701384999999999982e-04 -6.053360837086469104e+00 -6.696708000000000001e-03 -4.602534000000000139e-04 9.999774999999999636e-01 3.935096409947423126e+02
9.999730999999999481e-01 -4.339593000000000096e-03 5.909489999999999882e-03 -7.662986200313618435e-01 4.328926000000000301e-03 9.999890000000000168e-01 1.816911999999999954e-03 -6.053360837086469104e+00 -5.917308999999999937e-03 -1.791279999999999912e-03 9.999808999999999504e-01 3.935096409947423126e+02
