1.000000000000000000e+00 0.000000000000000000e+00 0.000000000000000000e+00 1.861356403339152621e+01 0.000000000000000000e+00 1.000000000000000000e+00 0.000000000000000000e+00 -2.034010150596845108e+02 0.000000000000000000e+00 0.000000000000000000e+00 1.000000000000000000e+00 3.725164390713655393e+02
9.999995300813347976e-01 4.538480371811368271e-04 -8.566557468894209736e-04 1.861356403339152621e+01 -4.550026303766110773e-04 9.999989878286639211e-01 -1.348077985133527747e-03 -2.034010150596845108e+02 8.560430572595091082e-04 1.348467132264682174e-03 9.999987244125251307e-01 3.725164390713655393e+02
9.999953325717712005e-01 3.115205082970345343e-04 -3.039373232372577938e-03 1.861356403339152621e+01 -3.181010490865257469e-04 9.999976061047778364e-01 -2.164854830282023166e-03 -2.034010150596845108e+02 3.038691559754399998e-03 2.165811553791260370e-03 9.999930377827228600e-01 3.725164390713655393e+02
9.999877143729564155e-01 -1.545056226583502775e-03 -4.709979236386823732e-03 1.861356403339152621e+01 1.528078962397686705e-03 9.999923308374993880e-01 -3.606000675237858513e-03 -2.034010150596845108e+02 4.715514588587025983e-03 3.598759153073991402e-03 9.999824062725919394e-01 3.725164390713655393e+02
9.999797253780131623e-01 -3.587043558287103875e-03 -5.261364026959450442e-03 1.861356403339152621e+01 3.557794085412944920e-03 9.999782242505181884e-01 -5.558158510340166503e-03 -2.034010150596845108e+02 5.281186813494920945e-03 5.539326970961106454e-03 9.999707120323824139e-01 3.725164390713655393e+02
9.999673426512604157e-01 -4.387827997605807384e-03 -6.786795741748664207e-03 1.861356403339152621e+01 4.344292964975217386e-03 9.999699795411363112e-01 -6.416162025211100996e-03 -2.034010150596845108e+02 6.814745014397679754e-03 6.386468661374671354e-03 9.999563851830870487e-01 3.725164390713655393e+02
9.999581274927576979e-01 -4.777071683524191162e-03 -7.805308918188073701e-03 1.861356403339152621e+01 4.730638068505660897e-03 9.999710692727348249e-01 -5.956650149870857877e-03 -2.034010150596845108e+02 7.833538449684150293e-03 5.919476638489490350e-03 9.999517965740568615e-01 3.725164390713655393e+02
9.999497106857084816e-01 -4.703197643457167863e-03 -8.857540939479092296e-03 1.861356403339152621e+01 4.649251270831844876e-03 9.999705793535484943e-01 -6.101220365550078135e-03 -2.034010150596845108e+02 8.885975590144151379e-03 6.059732605892235655e-03 9.999421578664222654e-01 3.725164390713655393e+02
9.999441337302048538e-01 -3.542264359556556667e-03 -9.959005058610153130e-03 1.861356403339152621e+01 3.454046882161861034e-03 9.999547719926340505e-01 -8.861350308769720338e-03 -2.034010150596845108e+02 9.989943878032305977e-03 8.826456387810493673e-03 9.999111433967261542e-01 3.725164390713655393e+02
9.999359841524962933e-01 -9.371660138480387287e-04 -1.127605058703649334e-02 1.861356403339152621e+01 7.965347666681482381e-04 9.999219328902682058e-01 -1.246970959385863137e-02 -2.034010150596845108e+02 1.128685648639189167e-02 1.245992956850756894e-02 9.998586685256090067e-01 3.725164390713655393e+02
9.999194334492989000e-01 1.165292626390071603e-03 -1.263996453824947803e-02 1.861356403339152621e+01 -1.365192964934818561e-03 9.998739577879159901e-01 -1.581786286756184379e-02 -2.034010150596845108e+02 1.261993893019359471e-02 1.583384446757578334e-02 9.997949922412969759e-01 3.725164390713655393e+02
9.998998338748347203e-01 3.324658570674883518e-03 -1.375750204313102958e-02 1.861356403339152621e+01 -3.541363592694998178e-03 9.998695713603850121e-01 -1.575750651289389501e-02 -2.034010150596845108e+02 1.370331934177448571e-02 1.580464846138619761e-02 9.997811921245716160e-01 3.725164390713655393e+02
9.998751961076571826e-01 6.210424153621962352e-03 -1.452662522770631001e-02 1.861356403339152621e+01 -6.339223963110312589e-03 9.999408565504691593e-01 -8.837286951270947183e-03 -2.034010150596845108e+02 1.447088277264564106e-02 8.928271554208278005e-03 9.998554293090751166e-01 3.725164390713655393e+02
9.998550939181686248e-01 7.761760632728107248e-03 -1.515078340450963686e-02 1.861356403339152621e+01 -7.736248519420860746e-03 9.999685578633608074e-01 1.741764483415674490e-03 -2.034010150596845108e+02 1.516382619050649951e-02 -1.624301865467700414e-03 9.998837032468896879e-01 3.725164390713655393e+02
9.998334045684734717e-01 8.866023579608849417e-03 -1.595483421728411538e-02 1.861356403339152621e+01 -8.733414931125631567e-03 9.999268989320719836e-01 8.362072454247030523e-03 -2.034010150596845108e+02 1.602780623341796759e-02 -8.221339183801187195e-03 9.998377463415597521e-01 3.725164390713655393e+02
9.997875947386618556e-01 1.153074677255039489e-02 -1.708236767981588175e-02 1.861356403339152621e+01 -1.140799448311399442e-02 9.999085271952133924e-01 7.266010196234362790e-03 -2.034010150596845108e+02 1.716458763135136206e-02 -7.069591301189875193e-03 9.998276840587482228e-01 3.725164390713655393e+02
9.997270277992821308e-01 1.484639890666960421e-02 -1.804035274370935707e-02 1.861356403339152621e+01 -1.484766937320763404e-02 9.998897652637691591e-01 6.352124014100058098e-05 -2.034010150596845108e+02 1.803930713185332088e-02 2.043532923063527879e-04 9.998372575764191694e-01 3.725164390713655393e+02
9.997045258259709133e-01 1.539560950343273581e-02 -1.881053564066335893e-02 1.861356403339152621e+01 -1.551166897583399103e-02 9.998614456974352915e-01 -6.039663353047160753e-03 -2.034010150596845108e+02 1.871494506150108914e-02 6.329661590622604091e-03 9.998048240609230808e-01 3.725164390713655393e+02
9.997234499847367228e-01 1.362020826051358290e-02 -1.917064103143721956e-02 1.861356403339152621e+01 -1.370469038824095008e-02 9.998969159945005902e-01 -4.282387890937526358e-03 -2.034010150596845108e+02 1.911033783004483649e-02 4.543931296380880960e-03 9.998070552243545350e-01 3.725164390713655393e+02
9.997239082885919226e-01 1.311284907846253095e-02 -1.949770204996170361e-02 1.861356403339152621e+01 -1.302289552861245724e-02 9.999039950125047094e-01 4.733386745565171250e-03 -2.034010150596845108e+02 1.955789835934480456e-02 -4.478163359873161067e-03 9.997986970709092924e-01 3.725164390713655393e+02
9.997090205018079878e-01 1.281284430030771131e-02 -2.043784108589850185e-02 1.861356403339152621e+01 -1.257333919739929765e-02 9.998512716554610602e-01 1.180447840371605210e-02 -2.034010150596845108e+02 2.058605034346101120e-02 -1.154407163407816447e-02 9.997214356716394024e-01 3.725164390713655393e+02
9.997090062653014586e-01 1.226877362538297996e-02 -2.076968911114054558e-02 1.861356403339152621e+01 -1.197723712159449658e-02 9.998288064932451258e-01 1.410331511472913933e-02 -2.034010150596845108e+02 2.093916385573746375e-02 -1.385044764696633304e-02 9.996848085856868682e-01 3.725164390713655393e+02
9.997167876077092119e-01 1.105696010262692021e-02 -2.107340049950083560e-02 1.861356403339152621e+01 -1.079123343407228756e-02 9.998613502899749150e-01 1.268185622370830018e-02 -2.034010150596845108e+02 2.121070145692513856e-02 -1.245085658082867482e-02 9.996974954025387161e-01 3.725164390713655393e+02
9.997366383842661852e-01 1.095987627144041042e-02 -2.016271272033866996e-02 1.861356403339152621e+01 -1.075980012558531811e-02 9.998920580616317277e-01 1.000494510387252289e-02 -2.034010150596845108e+02 2.027018927848587421e-02 -9.785363426504187917e-03 9.997466509517427546e-01 3.725164390713655393e+02
9.997080976865134749e-01 1.461067824153659475e-02 -1.924181647703388995e-02 1.861356403339152621e+01 -1.447933622667449578e-02 9.998710315917669345e-01 6.947589945470120272e-03 -2.034010150596845108e+02 1.934084389183873473e-02 -6.666953197508934323e-03 9.997907198472157919e-01 3.725164390713655393e+02
9.997658693437410093e-01 1.223583981516428165e-02 -1.784630828414428272e-02 1.861356403339152621e+01 -1.221672341774474209e-02 9.999246770341594370e-01 1.179799587176844512e-03 -2.034010150596845108e+02 1.785939988603771345e-02 -9.614999475900436405e-04 9.998400458841212313e-01 3.725164390713655393e+02
9.998106303188126764e-01 1.026586507092974027e-02 -1.653225682854895379e-02 1.861356403339152621e+01 -1.035660160719753531e-02 9.999317219976127102e-01 -5.412221913256571107e-03 -2.034010150596845108e+02 1.647556689918232981e-02 5.582415000159492505e-03 9.998486847209016037e-01 3.725164390713655393e+02
9.998061555267983014e-01 1.249404503860551512e-02 -1.521677394516711239e-02 1.861356403339152621e+01 -1.266255446266914900e-02 9.998590072903473791e-01 -1.102838405391564150e-02 -2.034010150596845108e+02 1.507683936390375248e-02 1.121892949144523768e-02 9.998233966735632361e-01 3.725164390713655393e+02
9.997893276408355012e-01 1.412428024902080866e-02 -1.489312065803164234e-02 1.861356403339152621e+01 -1.429694946420964445e-02 9.998310615100975962e-01 -1.155186892276823842e-02 -2.034010150596845108e+02 1.472744280265260788e-02 1.176236145670176390e-02 9.998223588625415603e-01 3.725164390713655393e+02
9.997770023778882464e-01 1.497439728894409128e-02 -1.489002827795369958e-02 1.861356403339152621e+01 -1.513819247352260998e-02 9.998254604816266822e-01 -1.094914157993614849e-02 -2.034010150596845108e+02 1.472347258359863777e-02 1.117210806140750586e-02 9.998291870897472178e-01 3.725164390713655393e+02
9.997454636517726367e-01 1.699213575184906760e-02 -1.484167208552453904e-02 1.861356403339152621e+01 -1.717558265376165419e-02 9.997765649815776312e-01 -1.232150454046885939e-02 -2.034010150596845108e+02 1.462898725843001825e-02 1.257328263532340486e-02 9.998139353377535343e-01 3.725164390713655393e+02
9.997218300893977450e-01 1.886303717004331540e-02 -1.415797554130566495e-02 1.861356403339152621e+01 -1.906785788018123054e-02 9.997134191457790475e-01 -1.447398962680159634e-02 -2.034010150596845108e+02 1.388089473225181773e-02 1.473992566389373954e-02 9.997950066652941947e-01 3.725164390713655393e+02
9.996307632874615878e-01 2.314364447290836319e-02 -1.423758441028516800e-02 1.861356403339152621e+01 -2.335870848058361343e-02 9.996126637690700978e-01 -1.512921579669156656e-02 -2.034010150596845108e+02 1.388192448644959970e-02 1.545620111849505159e-02 9.997841757197089008e-01 3.725164390713655393e+02
9.995885712189273020e-01 2.470542127903673640e-02 -1.457156298858925704e-02 1.861356403339152621e+01 -2.492210351985806385e-02 9.995786343846403410e-01 -1.488094210333549411e-02 -2.034010150596845108e+02 1.419778308929195605e-02 1.523797365671244325e-02 9.997830900321266201e-01 3.725164390713655393e+02
9.995596136451335711e-01 2.571936331694918421e-02 -1.480179449133426847e-02 1.861356403339152621e+01 -2.594204512905019799e-02 9.995500899627126623e-01 -1.505416719899725468e-02 -2.034010150596845108e+02 1.440795141979763633e-02 1.543152636986404140e-02 9.997771146259457620e-01 3.725164390713655393e+02
9.995505335230764343e-01 2.595091481199638533e-02 -1.500936221680969178e-02 1.861356403339152621e+01 -2.617877077625997695e-02 9.995418771818286308e-01 -1.518906581953378097e-02 -2.034010150596845108e+02 1.460831593233543994e-02 1.557516549660381729e-02 9.997719796660512470e-01 3.725164390713655393e+02
9.995235428302304825e-01 2.667631620295128972e-02 -1.552615477013243386e-02 1.861356403339152621e+01 -2.689942703657989889e-02 9.995352408172366587e-01 -1.434305370318124558e-02 -2.034010150596845108e+02 1.513631901122803117e-02 1.475386451980578544e-02 9.997765827066176225e-01 3.725164390713655393e+02
9.994874635967275767e-01 2.739990083825023792e-02 -1.655462313179775768e-02 1.861356403339152621e+01 -2.760930291168572220e-02 9.995399328863683319e-01 -1.255583363401521421e-02 -2.034010150596845108e+02 1.620297829760266456e-02 1.300645991683894130e-02 9.997841244462325472e-01 3.725164390713655393e+02
9.994699133381964584e-01 2.789543210582294541e-02 -1.678502902496949167e-02 1.861356403339152621e+01 -2.808726630155987739e-02 9.995415601927248872e-01 -1.130375686214814789e-02 -2.034010150596845108e+02 1.646201091740939065e-02 1.176921047151097306e-02 9.997952229739013319e-01 3.725164390713655393e+02
9.994925485895317374e-01 2.754237167182596591e-02 -1.600197102531772733e-02 1.861356403339152621e+01 -2.773402133862344285e-02 9.995447324873577566e-01 -1.188073302305685773e-02 -2.034010150596845108e+02 1.566746228311688416e-02 1.231850313420309456e-02 9.998013728266932354e-01 3.725164390713655393e+02
9.993812482402552044e-01 2.970949327010810950e-02 -1.882728539605106263e-02 1.861356403339152621e+01 -2.998950655531167075e-02 9.994410954544564740e-01 -1.476909656563202104e-02 -2.034010150596845108e+02 1.837798036564074200e-02 1.532457915994577674e-02 9.997136625610613114e-01 3.725164390713655393e+02
9.992843558178301500e-01 3.184385085519107067e-02 -2.041434251838835506e-02 1.861356403339152621e+01 -3.225977195809726084e-02 9.992717350961566325e-01 -2.037907140004721271e-02 -2.034010150596845108e+02 1.975052735896678027e-02 2.102304927047942210e-02 9.995838874593840906e-01 3.725164390713655393e+02
9.992371775482160601e-01 3.157846148221245958e-02 -2.297528619828246091e-02 1.861356403339152621e+01 -3.202332579921689931e-02 9.993015453780087487e-01 -1.925949142320846838e-02 -2.034010150596845108e+02 2.235105389537090856e-02 1.998054492599873541e-02 9.995505030833745641e-01 3.725164390713655393e+02
9.991874696043779869e-01 3.181503499681338082e-02 -2.474275921867278433e-02 1.861356403339152621e+01 -3.221627069347830774e-02 9.993530023785838212e-01 -1.599026389758779337e-02 -2.034010150596845108e+02 2.421801990680099576e-02 1.677439075082929124e-02 9.995659594677747117e-01 3.725164390713655393e+02
9.991797179469289469e-01 3.141659390985269279e-02 -2.555169017110954163e-02 1.861356403339152621e+01 -3.176448692250572609e-02 9.994065521688247911e-01 -1.332519615509140422e-02 -2.034010150596845108e+02 2.511789429962099987e-02 1.412590206411984926e-02 9.995846888967581112e-01 3.725164390713655393e+02
9.991796020166779924e-01 3.076211754785137045e-02 -2.634036897551884221e-02 1.861356403339152621e+01 -3.110165931022848551e-02 9.994370657093618604e-01 -1.257928751602807073e-02 -2.034010150596845108e+02 2.593857555735818929e-02 1.338819667590058528e-02 9.995738824558308977e-01 3.725164390713655393e+02
9.991804775071606581e-01 3.065993420247257323e-02 -2.642615755768944544e-02 1.861356403339152621e+01 -3.103673178723529574e-02 9.994206376937002645e-01 -1.396818642072874574e-02 -2.034010150596845108e+02 2.598258356151277385e-02 1.477692074205800600e-02 9.995531741557587280e-01 3.725164390713655393e+02
9.991524927618794516e-01 3.102737365890239490e-02 -2.704807371246082878e-02 1.861356403339152621e+01 -3.142591720175085673e-02 9.994018259738857157e-01 -1.443613411171537284e-02 -2.034010150596845108e+02 2.658397893003539014e-02 1.527390990851985528e-02 9.995298893681742181e-01 3.725164390713655393e+02
9.991326747068927094e-01 3.100791567406322585e-02 -2.779222010926860401e-02 1.861356403339152621e+01 -3.137977089695574012e-02 9.994224024780852256e-01 -1.304497617424240849e-02 -2.034010150596845108e+02 2.737166987062390755e-02 1.390577543620511586e-02 9.995285994397620222e-01 3.725164390713655393e+02
9.990995979442265362e-01 3.137484784505485680e-02 -2.855892698239217986e-02 1.861356403339152621e+01 -3.169655553395826775e-02 9.994382923989897360e-01 -1.088246543178512070e-02 -2.034010150596845108e+02 2.820144951892814694e-02 1.177788645262610803e-02 9.995328707129852441e-01 3.725164390713655393e+02
9.990727224073825408e-01 3.158083474683292396e-02 -2.926339382565404032e-02 1.861356403339152621e+01 -3.183235737712527408e-02 9.994598351624924826e-01 -8.169389253685892596e-03 -2.034010150596845108e+02 2.898959063728008198e-02 9.093336772411359306e-03 9.995383508705543152e-01 3.725164390713655393e+02
9.990087034239114594e-01 3.314373474930762398e-02 -2.971705453344437170e-02 1.861356403339152621e+01 -3.339959472535706381e-02 9.994088059807588742e-01 -8.155096584076260147e-03 -2.034010150596845108e+02 2.942919563049713541e-02 9.139550042603172483e-03 9.995250827615891343e-01 3.725164390713655393e+02
9.989218953758576269e-01 3.552088463758518860e-02 -2.988835380659636554e-02 1.861356403339152621e+01 -3.588741830355218071e-02 9.992859647037523052e-01 -1.181752738929935792e-02 -2.034010150596845108e+02 2.944724343993491630e-02 1.287740271383691279e-02 9.994833827298659212e-01 3.725164390713655393e+02
9.988888758608102103e-01 3.678855767679005406e-02 -2.945531710216573243e-02 1.861356403339152621e+01 -3.725820776334313328e-02 9.991845630025929514e-01 -1.555747446023666818e-02 -2.034010150596845108e+02 2.885896110034466902e-02 1.663764049914670876e-02 9.994450206403705517e-01 3.725164390713655393e+02
9.989030249830459507e-01 3.716243185464631477e-02 -2.849035518153097621e-02 1.861356403339152621e+01 -3.762175085068222846e-02 9.991677845252183721e-01 -1.575887781208133026e-02 -2.034010150596845108e+02 2.788100684426970954e-02 1.681344776111324060e-02 9.994698381800897202e-01 3.725164390713655393e+02
9.988856435538833178e-01 3.746345341378673477e-02 -2.870471669008787391e-02 1.861356403339152621e+01 -3.784661807411463658e-02 9.991999902250252585e-01 -1.292335229968264755e-02 -2.034010150596845108e+02 2.819759922931880727e-02 1.399532752823747471e-02 9.995043902880470510e-01 3.725164390713655393e+02
9.988561567326929014e-01 3.884609290448726854e-02 -2.788116251612674304e-02 1.861356403339152621e+01 -3.915746818892291981e-02 9.991756542744362202e-01 -1.071002288914096184e-02 -2.034010150596845108e+02 2.744213625482206861e-02 1.178952803586193199e-02 9.995538685766084397e-01 3.725164390713655393e+02
9.988960698979766351e-01 3.795173330030002928e-02 -2.768225933481726492e-02 1.861356403339152621e+01 -3.822776796859075898e-02 9.992237857990191596e-01 -9.511238069551758434e-03 -2.034010150596845108e+02 2.729980400143505390e-02 1.055896931423701626e-02 9.995715226378273366e-01 3.725164390713655393e+02
9.989121496659185695e-01 3.852312957190818371e-02 -2.627709530751127023e-02 1.861356403339152621e+01 -3.881274035313926618e-02 9.991902596596043962e-01 -1.060170682732508238e-02 -2.034010150596845108e+02 2.584740675761992498e-02 1.161005983441626768e-02 9.995984784274872803e-01 3.725164390713655393e+02
9.989411505468853703e-01 3.844226012201571591e-02 -2.527390711340527646e-02 1.861356403339152621e+01 -3.875501123345417853e-02 9.991766475939889425e-01 -1.200316654608063818e-02 -2.034010150596845108e+02 2.479166893052183601e-02 1.296994755384096691e-02 9.996085001699867023e-01 3.725164390713655393e+02
9.989166759981058519e-01 3.949526252741370619e-02 -2.460891405135373286e-02 1.861356403339152621e+01 -3.985213988817738057e-02 9.991049078500693348e-01 -1.418414806176470505e-02 -2.034010150596845108e+02 2.402668015414093083e-02 1.514949991899364710e-02 9.995965242501472225e-01 3.725164390713655393e+02
9.989574804671886854e-01 3.936370605036336456e-02 -2.311819336859859825e-02 1.861356403339152621e+01 -3.975684304323844065e-02 9.990681534524199492e-01 -1.679935083292585091e-02 -2.034010150596845108e+02 2.243536605189755048e-02 1.770094356674257671e-02 9.995915820708798361e-01 3.725164390713655393e+02
9.990246621840469521e-01 3.809383188598813169e-02 -2.232900177558310578e-02 1.861356403339152621e+01 -3.854850227398749080e-02 9.990505451038984575e-01 -2.029830781213744217e-02 -2.034010150596845108e+02 2.153456107015660342e-02 2.113925968065033176e-02 9.995445934922913001e-01 3.725164390713655393e+02
9.991120473262691259e-01 3.624784632062858641e-02 -2.147581254872912501e-02 1.861356403339152621e+01 -3.672141114798120609e-02 9.990815171039849618e-01 -2.208302842685610015e-02 -2.034010150596845108e+02 2.065562516151433006e-02 2.285204188505924119e-02 9.995254520675652676e-01 3.725164390713655393e+02
9.992060344453316256e-01 3.403513420041753140e-02 -2.071015132719958643e-02 1.861356403339152621e+01 -3.444943674388614707e-02 9.992065415194815170e-01 -1.998808877071913195e-02 -2.034010150596845108e+02 2.001342139827490263e-02 2.068567196483418746e-02 9.995856971462219187e-01 3.725164390713655393e+02
9.992298860469703836e-01 3.358026109093079081e-02 -2.029780519229751681e-02 1.861356403339152621e+01 -3.387181577329755749e-02 9.993253761162854687e-01 -1.419481406235451569e-02 -2.034010150596845108e+02 1.980744624577671781e-02 1.487140595606021264e-02 9.996932061178123163e-01 3.725164390713655393e+02
9.993053030835766792e-01 3.132759644027292845e-02 -2.018645412937182873e-02 1.861356403339152621e+01 -3.149740613994501948e-02 9.994706079379873653e-01 -8.149679412458869093e-03 -2.034010150596845108e+02 1.992045771304443505e-02 8.779838799539382496e-03 9.997630168170639209e-01 3.725164390713655393e+02
9.993441452236526690e-01 3.010981981684718659e-02 -2.011661397464575146e-02 1.861356403339152621e+01 -3.026305751162933558e-02 9.995148940000438964e-01 -7.356903025702245594e-03 -2.034010150596845108e+02 1.988534025999392357e-02 7.960868211367657168e-03 9.997705725915647657e-01 3.725164390713655393e+02
9.994379004552460533e-01 2.714618637916306823e-02 -1.967149457153952521e-02 1.861356403339152621e+01 -2.735204108078031701e-02 9.995730828650815081e-01 -1.027218868173299278e-02 -2.034010150596845108e+02 1.938424572496121046e-02 1.080447021679245209e-02 9.997537268952831901e-01 3.725164390713655393e+02
9.994715815410177839e-01 2.609402343210070335e-02 -1.938194089925375507e-02 1.861356403339152621e+01 -2.635987700355611751e-02 9.995601364183757109e-01 -1.359009078838653052e-02 -2.034010150596845108e+02 1.901879534183443035e-02 1.409381511174921837e-02 9.997197856396266014e-01 3.725164390713655393e+02
9.994095534718645535e-01 2.842781861659028284e-02 -1.929776043666881977e-02 1.861356403339152621e+01 -2.877387672044211947e-02 9.994256945521465818e-01 -1.789818670807924797e-02 -2.034010150596845108e+02 1.877787122241551115e-02 1.844289016566287229e-02 9.996535656689727878e-01 3.725164390713655393e+02
9.993883211631670038e-01 2.929157900245078425e-02 -1.910463091007109926e-02 1.861356403339152621e+01 -2.971548890619093997e-02 9.993097048205366040e-01 -2.229581957585716201e-02 -2.034010150596845108e+02 1.843836331491782374e-02 2.284988514273785312e-02 9.995688618135473158e-01 3.725164390713655393e+02
9.992971466712444739e-01 3.273205450848811621e-02 -1.827088564801721687e-02 1.861356403339152621e+01 -3.314613384487975073e-02 9.991894996767299864e-01 -2.284026153319133889e-02 -2.034010150596845108e+02 1.750846840380050617e-02 2.342981740049676284e-02 9.995721570705800030e-01 3.725164390713655393e+02
9.991827017000235456e-01 3.665915143221206568e-02 -1.703042100806724177e-02 1.861356403339152621e+01 -3.698468996139751136e-02 9.991311687089993177e-01 -1.921042484302921613e-02 -2.034010150596845108e+02 1.631138657199875802e-02 1.982458903635862454e-02 9.996704078533273918e-01 3.725164390713655393e+02
9.991001094518373593e-01 3.893225947850208896e-02 -1.683004650098594152e-02 1.861356403339152621e+01 -3.921955069291666734e-02 9.990844428593509408e-01 -1.709101751995004137e-02 -2.034010150596845108e+02 1.614924570289616446e-02 1.773570433673491917e-02 9.997122819366115465e-01 3.725164390713655393e+02
9.991138637529456412e-01 3.844815002224349215e-02 -1.712387270822867194e-02 1.861356403339152621e+01 -3.873029832785391396e-02 9.991140944935986701e-01 -1.646177923776623656e-02 -2.034010150596845108e+02 1.647577761733882637e-02 1.711040455701053759e-02 9.997178516000397863e-01 3.725164390713655393e+02
9.991613157664870348e-01 3.721111850147067884e-02 -1.708794123504319210e-02 1.861356403339152621e+01 -3.749260905591600412e-02 9.991613483947897612e-01 -1.645916583812631270e-02 -2.034010150596845108e+02 1.646114643525878676e-02 1.708603329553703976e-02 9.997185094436635833e-01 3.725164390713655393e+02
9.991876159657493428e-01 3.642198931345361906e-02 -1.724954478046663436e-02 1.861356403339152621e+01 -3.668726961729290581e-02 9.992093493032812024e-01 -1.532059114207559233e-02 -2.034010150596845108e+02 1.667790000901538117e-02 1.594098363857302664e-02 9.997338309229730768e-01 3.725164390713655393e+02
9.992204851657433551e-01 3.534911808646176712e-02 -1.757446658212841184e-02 1.861356403339152621e+01 -3.558907922090363135e-02 9.992748619383722275e-01 -1.353394762279191282e-02 -2.034010150596845108e+02 1.708330955480281965e-02 1.414885679331037531e-02 9.997539549239586876e-01 3.725164390713655393e+02
9.992353886115269423e-01 3.454520836295557618e-02 -1.831029015421050885e-02 1.861356403339152621e+01 -3.476900204518405119e-02 9.993227502727931588e-01 -1.204812367149681908e-02 -2.034010150596845108e+02 1.788168457258395086e-02 1.267554205474750659e-02 9.997597591373962311e-01 3.725164390713655393e+02
9.992319352658735054e-01 3.448033201796679020e-02 -1.861843840790228938e-02 1.861356403339152621e+01 -3.473315041440299539e-02 9.993063724888406885e-01 -1.343064278007051471e-02 -2.034010150596845108e+02 1.814243112453617704e-02 1.406700419869744492e-02 9.997364510638615531e-01 3.725164390713655393e+02
9.991900195292753306e-01 3.545148615631107253e-02 -1.903935404356967356e-02 1.861356403339152621e+01 -3.578799172475721768e-02 9.992038100508147114e-01 -1.763421753992118479e-02 -2.034010150596845108e+02 1.839903588224727979e-02 1.830131441305331633e-02 9.996632119715909148e-01 3.725164390713655393e+02
9.991438044868060642e-01 3.628301513595682398e-02 -1.987965714684766447e-02 1.861356403339152621e+01 -3.668136211230634686e-02 9.991257821358952018e-01 -2.005365664717629476e-02 -2.034010150596845108e+02 1.913467086777680126e-02 2.076569969880385363e-02 9.996012455408409547e-01 3.725164390713655393e+02
9.990434709681211833e-01 3.862899231975470277e-02 -2.049253689347798127e-02 1.861356403339152621e+01 -3.900744400088199809e-02 9.990694765775165465e-01 -1.840109463174617252e-02 -2.034010150596845108e+02 1.976265236470766198e-02 1.918285493582089218e-02 9.996206558730279523e-01 3.725164390713655393e+02
9.989793542711657981e-01 3.990622873755311079e-02 -2.115993024355310170e-02 1.861356403339152621e+01 -4.021081952757627614e-02 9.990907379742509642e-01 -1.416994308346533789e-02 -2.034010150596845108e+02 2.057522133262823169e-02 1.500633872781897450e-02 9.996756824416100917e-01 3.725164390713655393e+02
9.988936509969392752e-01 4.168067978093582815e-02 -2.177601733571110296e-02 1.861356403339152621e+01 -4.190829164793800216e-02 9.990703845225451518e-01 -1.010256705627435303e-02 -2.034010150596845108e+02 2.133469215052046994e-02 1.100398577671880818e-02 9.997118300829834769e-01 3.725164390713655393e+02
9.988185566828561290e-01 4.319172700495393924e-02 -2.227028388474099063e-02 1.861356403339152621e+01 -4.341675743016020633e-02 9.990097457926279123e-01 -9.721778931921843878e-03 -2.034010150596845108e+02 2.182833022079464294e-02 1.067719671449656252e-02 9.997047171390618381e-01 3.725164390713655393e+02
9.987953283755480749e-01 4.336014781657099998e-02 -2.297367181160791735e-02 1.861356403339152621e+01 -4.364471563097029050e-02 9.989746431449890718e-01 -1.203333498390225798e-02 -2.034010150596845108e+02 2.242834841610276408e-02 1.302151813991647526e-02 9.996636480600149532e-01 3.725164390713655393e+02
9.987708178600931408e-01 4.350563186593044140e-02 -2.375107128168992346e-02 1.861356403339152621e+01 -4.382238460910019284e-02 9.989549789382035083e-01 -1.298262923089313174e-02 -2.034010150596845108e+02 2.316143342398919308e-02 1.400749979549783912e-02 9.996336018518109379e-01 3.725164390713655393e+02
9.987698487952304527e-01 4.321409388433132548e-02 -2.431730304350606525e-02 1.861356403339152621e+01 -4.354809020361776611e-02 9.989617713744809446e-01 -1.337696422878677065e-02 -2.034010150596845108e+02 2.371398273532071208e-02 1.441948064657186564e-02 9.996147886064470356e-01 3.725164390713655393e+02
9.987800350581579334e-01 4.260377428788746784e-02 -2.496717816759750838e-02 1.861356403339152621e+01 -4.294132472113722926e-02 9.989911426519926252e-01 -1.314304127899771323e-02 -2.034010150596845108e+02 2.438204668233728140e-02 1.419913093447342997e-02 9.996018709867873220e-01 3.725164390713655393e+02
9.988042196424365970e-01 4.173988403712018680e-02 -2.545413335849026557e-02 1.861356403339152621e+01 -4.204693123862442150e-02 9.990477243214286318e-01 -1.164903865521844419e-02 -2.034010150596845108e+02 2.494366448376108061e-02 1.270537715867323808e-02 9.996081167104322596e-01 3.725164390713655393e+02
9.987762394922150566e-01 4.217537613570371269e-02 -2.583139705091624244e-02 1.861356403339152621e+01 -4.241762715732763644e-02 9.990603001715439024e-01 -8.902894332090210971e-03 -2.034010150596845108e+02 2.543164037438635713e-02 9.987705890660258587e-03 9.996266690114411491e-01 3.725164390713655393e+02
9.987768486933905621e-01 4.162147431030095018e-02 -2.669193493056534403e-02 1.861356403339152621e+01 -4.185572064623005462e-02 9.990893732256116433e-01 -8.277859435922461581e-03 -2.034010150596845108e+02 2.632309182610078485e-02 9.384944533298562527e-03 9.996094325549461646e-01 3.725164390713655393e+02
9.987371200874126664e-01 4.108477534115715507e-02 -2.891723006562581938e-02 1.861356403339152621e+01 -4.133413599537104355e-02 9.991127180578368572e-01 -8.078726174290602399e-03 -2.034010150596845108e+02 2.855965967965773053e-02 9.263792433427791781e-03 9.995491623670805792e-01 3.725164390713655393e+02
9.986381224992583183e-01 4.108498381213637057e-02 -3.215469477873433846e-02 1.861356403339152621e+01 -4.140368455937600001e-02 9.990991335013007513e-01 -9.308938814877541421e-03 -2.034010150596845108e+02 3.174327009091484214e-02 1.062758402027149350e-02 9.994395525802584057e-01 3.725164390713655393e+02
9.985128534715532744e-01 4.143065728318375690e-02 -3.543419378482507570e-02 1.861356403339152621e+01 -4.181091742151725466e-02 9.990749108622953845e-01 -1.005831347042307131e-02 -2.034010150596845108e+02 3.498469145881145936e-02 1.152489143469884701e-02 9.993213938673333185e-01 3.725164390713655393e+02
9.983854722749940791e-01 4.170969670687530578e-02 -3.855839663235732101e-02 1.861356403339152621e+01 -4.211736783506873222e-02 9.990643966062072723e-01 -9.821342093737162396e-03 -2.034010150596845108e+02 3.811267606562461496e-02 1.142946343872550813e-02 9.992080820773115990e-01 3.725164390713655393e+02
9.981823441626661575e-01 4.316933268166321669e-02 -4.205254472377811803e-02 1.861356403339152621e+01 -4.356689101200732217e-02 9.990136401115023990e-01 -8.583290669396587136e-03 -2.034010150596845108e+02 4.164053085004271182e-02 1.039978783376621467e-02 9.990785307489793432e-01 3.725164390713655393e+02
9.979905655649032870e-01 4.457693727489232816e-02 -4.503029765208921981e-02 1.861356403339152621e+01 -4.497411020731188064e-02 9.989573463372112272e-01 -7.845355949812502991e-03 -2.034010150596845108e+02 4.463362470723178377e-02 9.854788790684458621e-03 9.989548151359924910e-01 3.725164390713655393e+02
9.978075210140734397e-01 4.604444681880335427e-02 -4.754008755672026187e-02 1.861356403339152621e+01 -4.638203601268212767e-02 9.989056221459806650e-01 -6.022024615623526936e-03 -2.034010150596845108e+02 4.721077994556442670e-02 8.213827506302881498e-03 9.988511777510342693e-01 3.725164390713655393e+02
9.976002588019945438e-01 4.812878181778764558e-02 -4.977292435581873870e-02 1.861356403339152621e+01 -4.843604674335798971e-02 9.988138459877548003e-01 -4.985021467004703208e-03 -2.034010150596845108e+02 4.947396299135043557e-02 7.383862396269429314e-03 9.987481191782258128e-01 3.725164390713655393e+02
9.973785975762730072e-01 5.063412642015198417e-02 -5.169253658368584692e-02 1.861356403339152621e+01 -5.092140428903328686e-02 9.986936003423415587e-01 -4.254787948419606197e-03 -2.034010150596845108e+02 5.140956800071817823e-02 6.875890991082666409e-03 9.986539833401048005e-01 3.725164390713655393e+02
9.971195344955211537e-01 5.311673050722744843e-02 -5.414099064164484137e-02 1.861356403339152621e+01 -5.349537168306803259e-02 9.985525763477254291e-01 -5.567537859087028952e-03 -2.034010150596845108e+02 5.376689628318260389e-02 8.447793176003330282e-03 9.985177793382193911e-01 3.725164390713655393e+02
9.969879719954273245e-01 5.510636436492535178e-02 -5.457354948073284834e-02 1.861356403339152621e+01 -5.569745901264432780e-02 9.984037339010820578e-01 -9.368948282173968425e-03 -2.034010150596845108e+02 5.397014689604548443e-02 1.238033678295228854e-02 9.984657983652519553e-01 3.725164390713655393e+02
9.968134138329696192e-01 5.804381913442185903e-02 -5.471684441698437817e-02 1.861356403339152621e+01 -5.885100608537435773e-02 9.981787508712901547e-01 -1.325671119742731670e-02 -2.034010150596845108e+02 5.384772126470342007e-02 1.643460888866169617e-02 9.984139054246368161e-01 3.725164390713655393e+02
9.965948588514548234e-01 6.019206787900231032e-02 -5.635248242357679405e-02 1.861356403339152621e+01 -6.116607276005274485e-02 9.980037985147987012e-01 -1.572035919267632600e-02 -2.034010150596845108e+02 5.529375058686015337e-02 1.911368919084951296e-02 9.982871671175352901e-01 3.725164390713655393e+02
9.963934378816771131e-01 6.286314064372879040e-02 -5.699423211817362250e-02 1.861356403339152621e+01 -6.387378224568342200e-02 9.978283363839675069e-01 -1.608574060578417050e-02 -2.034010150596845108e+02 5.585925964389888004e-02 1.966816355464632779e-02 9.982449130621319222e-01 3.725164390713655393e+02
9.963300610992088524e-01 6.569874269501797814e-02 -5.486423751718008668e-02 1.861356403339152621e+01 -6.669863693048447284e-02 9.976351496235423832e-01 -1.659518204869765701e-02 -2.034010150596845108e+02 5.364420920903911066e-02 2.019364860315767812e-02 9.983559061649454058e-01 3.725164390713655393e+02
9.962618528925710759e-01 6.969973297728111750e-02 -5.103202615963499389e-02 1.861356403339152621e+01 -7.053379943143353592e-02 9.974006637785923779e-01 -1.472749237960973602e-02 -2.034010150596845108e+02 4.987287447930264378e-02 1.827192154429456775e-02 9.985884203585835284e-01 3.725164390713655393e+02
9.963439805930102144e-01 7.298167205719392758e-02 -4.441112337930906706e-02 1.861356403339152621e+01 -7.362815953395639157e-02 9.971997561046888059e-01 -1.309734890705568748e-02 -2.034010150596845108e+02 4.333089497942882451e-02 1.631937402252535418e-02 9.989274806370054272e-01 3.725164390713655393e+02
9.965337456937667371e-01 7.442124840568785371e-02 -3.717487699092639902e-02 1.861356403339152621e+01 -7.487495735991127332e-02 9.971326611398340090e-01 -1.096343233417390248e-02 -2.034010150596845108e+02 3.625237170038789897e-02 1.370889761919002851e-02 9.992486335603184555e-01 3.725164390713655393e+02
9.967824379629978138e-01 7.501724428799011468e-02 -2.823445462514083404e-02 1.861356403339152621e+01 -7.527318861845073983e-02 9.971299487565158381e-01 -8.112482236695806037e-03 -2.034010150596845108e+02 2.754484423180265582e-02 1.021167725036246574e-02 9.995684084663641888e-01 3.725164390713655393e+02
9.970210765593758850e-01 7.529043038880060823e-02 -1.674287873255352055e-02 1.861356403339152621e+01 -7.541416706553737137e-02 9.971285259941474743e-01 -6.885205483617689443e-03 -2.034010150596845108e+02 1.617641190731294518e-02 8.127345237503842343e-03 9.998361215505245925e-01 3.725164390713655393e+02
9.972022351196463408e-01 7.473952715937817737e-02 1.305891410046353856e-03 1.861356403339152621e+01 -7.472935281915438210e-02 9.971819544578445216e-01 -6.608595226335281340e-03 -2.034010150596845108e+02 -1.796134630983745300e-03 6.492517510777703720e-03 9.999773103009685915e-01 3.725164390713655393e+02
9.970358866633384221e-01 7.510950172247099488e-02 1.667343565236500263e-02 1.861356403339152621e+01 -7.499646854618730041e-02 9.971570427255920244e-01 -7.304919462575488326e-03 -2.034010150596845108e+02 -1.717470264814454153e-02 6.032818060913754631e-03 9.998343036199506262e-01 3.725164390713655393e+02
9.966056915340353317e-01 7.472362759514107611e-02 3.454670868535442835e-02 1.861356403339152621e+01 -7.441378986891226954e-02 9.971755819026736356e-01 -1.017087677694661525e-02 -2.034010150596845108e+02 -3.520913914473703527e-02 7.565602163021850624e-03 9.993513287050741489e-01 3.725164390713655393e+02
9.954591655715760989e-01 7.458853317329200427e-02 5.914051402041646532e-02 1.861356403339152621e+01 -7.389887401488355601e-02 9.971707102338773776e-01 -1.376702840118472493e-02 -2.034010150596845108e+02 -6.000005082393463501e-02 9.334097209873328319e-03 9.981547317577579292e-01 3.725164390713655393e+02
9.938318897780231698e-01 7.214684792396880431e-02 8.421999284540347686e-02 1.861356403339152621e+01 -7.090551106753006927e-02 9.973270048921940578e-01 -1.764238682888478668e-02 -2.034010150596845108e+02 -8.526771581610757822e-02 1.156190500753842380e-02 9.962909911226237591e-01 3.725164390713655393e+02
9.907945454569282440e-01 7.037068832353408909e-02 1.156465949246755082e-01 1.861356403339152621e+01 -6.848738043896493433e-02 9.974477935892090974e-01 -2.018360187451592735e-02 -2.034010150596845108e+02 -1.167717749004803934e-01 1.207747030186750482e-02 9.930853373692004604e-01 3.725164390713655393e+02
9.869214428633619196e-01 6.815400704080820660e-02 1.460859231438213501e-01 1.861356403339152621e+01 -6.581855279124598779e-02 9.976154840455452311e-01 -2.076689916767593749e-02 -2.034010150596845108e+02 -1.471529263214531036e-01 1.088013404586119295e-02 9.890539110474093620e-01 3.725164390713655393e+02
9.815826165657156599e-01 6.657258968384117959e-02 1.790632769687614811e-01 1.861356403339152621e+01 -6.356602737178843054e-02 9.977243598082903286e-01 -2.248248227639012067e-02 -2.034010150596845108e+02 -1.801525104464924143e-01 1.068607261467293540e-02 9.835806427700273247e-01 3.725164390713655393e+02
9.743423456637313462e-01 6.412990233382816208e-02 2.157413939723967222e-01 1.861356403339152621e+01 -6.054875166066797654e-02 9.978961747750605404e-01 -2.317483638860296999e-02 -2.034010150596845108e+02 -2.167737117798974600e-01 9.517352360683652840e-03 9.761754851896292662e-01 3.725164390713655393e+02
9.651873531293148067e-01 6.199466881627812426e-02 2.541063446622074395e-01 1.861356403339152621e+01 -5.804629976360632659e-02 9.980485753647043712e-01 -2.301452359358152969e-02 -2.034010150596845108e+02 -2.550372530493971168e-01 7.463394056724386404e-03 9.669024238805957738e-01 3.725164390713655393e+02
9.540013500439394889e-01 5.990840041687772732e-02 2.937556938577242094e-01 1.861356403339152621e+01 -5.555357358700640374e-02 9.981872036398700132e-01 -2.315398348733169534e-02 -2.034010150596845108e+02 -2.946102927191362464e-01 5.769752950482338189e-03 9.556000656000577242e-01 3.725164390713655393e+02
9.403286319216912492e-01 6.107011807545661974e-02 3.347424452717809862e-01 1.861356403339152621e+01 -5.600682331274590975e-02 9.981231460978902126e-01 -2.476733667688577750e-02 -2.034010150596845108e+02 -3.356267267824428746e-01 4.541574826106804970e-03 9.419841157723423120e-01 3.725164390713655393e+02
9.235923029645007887e-01 6.406957962673812124e-02 3.779845854941490391e-01 1.861356403339152621e+01 -5.820614078060194069e-02 9.979413044630136564e-01 -2.692950096249223033e-02 -2.034010150596845108e+02 -3.789317921211673990e-01 2.870855815463063242e-03 9.254201505838991482e-01 3.725164390713655393e+02
9.039580202737262926e-01 6.513630302671608030e-02 4.226312335959303557e-01 1.861356403339152621e+01 -5.931526884295414137e-02 9.978761096941199948e-01 -2.692524064550280011e-02 -2.034010150596845108e+02 -4.234874218496866294e-01 -7.291980128695448602e-04 9.059016899230087905e-01 3.725164390713655393e+02
8.820214683117888477e-01 6.527352450146965690e-02 4.666663652292425968e-01 1.861356403339152621e+01 -5.972465430120674212e-02 9.978580131953372900e-01 -2.668990765171360899e-02 -2.034010150596845108e+02 -4.674089163737877306e-01 -4.330415801246679901e-03 8.840306286511058209e-01 3.725164390713655393e+02
8.570695991639664113e-01 6.323592386867284143e-02 5.113051145073693737e-01 1.861356403339152621e+01 -5.746649945339743493e-02 9.979796075030257230e-01 -2.709805248871617264e-02 -2.034010150596845108e+02 -5.119856478745198336e-01 -6.157998098728933480e-03 8.589719293608631956e-01 3.725164390713655393e+02
8.300621928239193537e-01 6.290263156243959541e-02 5.541119155792152418e-01 1.861356403339152621e+01 -5.656269395545003575e-02 9.979904627270793638e-01 -2.856042643753360297e-02 -2.034010150596845108e+02 -5.547949330129557932e-01 -7.635132501249908103e-03 8.319520942066543912e-01 3.725164390713655393e+02
