1.000000000000000000e+00 0.000000000000000000e+00 0.000000000000000000e+00 3.645277332927781089e+01 0.000000000000000000e+00 1.000000000000000000e+00 0.000000000000000000e+00 3.163852217139996696e+02 0.000000000000000000e+00 0.000000000000000000e+00 1.000000000000000000e+00 -3.058213523508018739e+02
9.999963849005109040e-01 -1.239428812215837006e-03 -2.386210830516247074e-03 3.645277332927781089e+01 1.238292738644409521e-03 9.999991193034515335e-01 -4.775179740731106391e-04 3.163852217139996696e+02 2.386800578524318414e-03 4.745614202537946262e-04 9.999970389828446438e-01 -3.058213523508018739e+02
9.999923998854820528e-01 -2.187489971265341518e-03 -3.227237037886710683e-03 3.645277332927781089e+01 2.179584409883168674e-03 9.999946206861505260e-01 -2.451124346639332093e-03 3.163852217139996696e+02 3.232581487492616149e-03 2.444071682278678350e-03 9.999917884315542294e-01 -3.058213523508018739e+02
9.999822892686984765e-01 -2.494407385088048823e-03 -5.403617374384830745e-03 3.645277332927781089e+01 2.470853537352962325e-03 9.999874373170052344e-01 -4.361202926473027423e-03 3.163852217139996696e+02 5.414428107240588581e-03 4.347774139275696441e-03 9.999758901235094033e-01 -3.058213523508018739e+02
9.999735519775067027e-01 -4.780234372227840957e-03 -5.481305030195589637e-03 3.645277332927781089e+01 4.746174970956742664e-03 9.999694543851133099e-01 -6.210001600981157784e-03 3.163852217139996696e+02 5.510822863467846992e-03 6.183822125976482995e-03 9.999656949992242749e-01 -3.058213523508018739e+02
9.998871149792848412e-01 -6.388924672139683139e-03 -1.359922571085846014e-02 3.645277332927781089e+01 6.280298589404828026e-03 9.999481539321712908e-01 -8.015441177577586201e-03 3.163852217139996696e+02 1.364973069437758028e-02 7.929129156285429081e-03 9.998753991187070422e-01 -3.058213523508018739e+02
9.998500379120771608e-01 -7.177561332343929991e-03 -1.576021257906112805e-02 3.645277332927781089e+01 7.028688438075691991e-03 9.999303489975042147e-01 -9.481281167137148996e-03 3.163852217139996696e+02 1.582716734154200264e-02 9.369085710481206072e-03 9.998308461969416250e-01 -3.058213523508018739e+02
9.997767008581162074e-01 -6.954069153271657741e-03 -1.995468224428014609e-02 3.645277332927781089e+01 6.782372087515588580e-03 9.999395073123743538e-01 -8.659165361272614173e-03 3.163852217139996696e+02 2.001369156665269711e-02 8.521891697209538555e-03 9.997633867629758253e-01 -3.058213523508018739e+02
9.997581547307659022e-01 -7.242505560944188445e-03 -2.076482994222179218e-02 3.645277332927781089e+01 7.060376097319649887e-03 9.999360802935635117e-01 -8.830991819271449134e-03 3.163852217139996696e+02 2.082746116774763720e-02 8.682248576688728070e-03 9.997453852961555310e-01 -3.058213523508018739e+02
9.997176986202719329e-01 -6.987661165217852466e-03 -2.270893341448195976e-02 3.645277332927781089e+01 6.715918510287075156e-03 9.999051957293938475e-01 -1.202064856525815982e-02 3.163852217139996696e+02 2.279077672977374361e-02 1.186474377331614947e-02 9.996698496760053620e-01 -3.058213523508018739e+02
9.997202567463679967e-01 -4.801574585211645929e-03 -2.315929904972133940e-02 3.645277332927781089e+01 4.435510469904669142e-03 9.998648293354955863e-01 -1.583190780591764088e-02 3.163852217139996696e+02 2.323218667803582729e-02 1.572475562310652122e-02 9.996064213292903400e-01 -3.058213523508018739e+02
9.997658216429777811e-01 -3.618869757441462234e-03 -2.133554911915420613e-02 3.645277332927781089e+01 3.181764626691483550e-03 9.997850842727786791e-01 -2.048564471860374325e-02 3.163852217139996696e+02 2.140509865423385200e-02 2.041296272850287585e-02 9.995624706361516676e-01 -3.058213523508018739e+02
9.997330593947256761e-01 -1.297129960135306277e-03 -2.306788692368762911e-02 3.645277332927781089e+01 8.136591183749954581e-04 9.997800749767109529e-01 -2.095565886354056398e-02 3.163852217139996696e+02 2.308999593106536227e-02 2.093129555074278378e-02 9.995142484999758326e-01 -3.058213523508018739e+02
9.997187386687753641e-01 1.156460031474191739e-03 -2.368767938621091709e-02 3.645277332927781089e+01 -1.516552099092333518e-03 9.998834851908672272e-01 -1.518934206275636412e-02 3.163852217139996696e+02 2.366735355376887659e-02 1.522099348808340219e-02 9.996040104626418010e-01 -3.058213523508018739e+02
9.997013221772227398e-01 1.453549968648128882e-03 -2.439577073176217928e-02 3.645277332927781089e+01 -1.562615454805664538e-03 9.999888679941981717e-01 -4.452204018923327719e-03 3.163852217139996696e+02 2.438902765688920338e-02 4.488995452697928587e-03 9.996924648359503118e-01 -3.058213523508018739e+02
9.996926943972426205e-01 1.958468436048477375e-03 -2.471196410975589480e-02 3.645277332927781089e+01 -1.904000480830846153e-03 9.999957066158102759e-01 2.227449689415885760e-03 3.163852217139996696e+02 2.471622040170994017e-02 -2.179713590099084837e-03 9.996921312572785157e-01 -3.058213523508018739e+02
9.995929365826610180e-01 3.578014464838361833e-03 -2.830475130675924947e-02 3.645277332927781089e+01 -3.535270383254318551e-03 9.999925340467178403e-01 1.560036584156241496e-03 3.163852217139996696e+02 2.831012181827256488e-02 -1.459336601332871831e-03 9.995981229170646243e-01 -3.058213523508018739e+02
9.995575706224701928e-01 5.054809011417023094e-03 -2.931061099941925305e-02 3.645277332927781089e+01 -5.223540772562034785e-03 9.999702087971846787e-01 -5.682969286819908490e-03 3.163852217139996696e+02 2.928101147670011256e-02 5.833560145880097719e-03 9.995541966011279866e-01 -3.058213523508018739e+02
9.995177089693466632e-01 4.988299930999262784e-03 -3.065071484423165238e-02 3.645277332927781089e+01 -5.344393265680679080e-03 9.999190504398900448e-01 -1.154686225831966576e-02 3.163852217139996696e+02 3.059063447014190654e-02 1.170510278422221863e-02 9.994634578870434938e-01 -3.058213523508018739e+02
9.994934105691490878e-01 2.638660830690353013e-03 -3.171686771840730168e-02 3.645277332927781089e+01 -2.969380889654819194e-03 9.999416688336846271e-01 -1.038468618882967126e-02 3.163852217139996696e+02 3.168761597183632206e-02 1.047360487744655386e-02 9.994429441418323234e-01 -3.058213523508018739e+02
9.994820581715595509e-01 1.201227332569247122e-03 -3.215855167812547988e-02 3.645277332927781089e+01 -1.242936467515061427e-03 9.999984121568217255e-01 -1.277024970705870153e-03 3.163852217139996696e+02 3.215696661808981061e-02 1.316334582680859242e-03 9.994819642000503102e-01 -3.058213523508018739e+02
9.993743489809356895e-01 1.539936925332637820e-04 -3.536787928148285576e-02 3.645277332927781089e+01 6.378697917796298446e-05 9.999810473239003628e-01 6.156372651079757181e-03 3.163852217139996696e+02 3.536815700808007557e-02 -6.154776920436109966e-03 9.993553983398060225e-01 -3.058213523508018739e+02
9.993957112064080217e-01 -1.799563788700559298e-04 -3.475888430222585229e-02 3.645277332927781089e+01 4.877730465786611147e-04 9.999607412041376930e-01 8.847492748172165050e-03 3.163852217139996696e+02 3.475592754752626634e-02 -8.859100754344359507e-03 9.993565639120686184e-01 -3.058213523508018739e+02
9.994009912598990075e-01 -1.650989295056130195e-03 -3.456780153661090371e-02 3.645277332927781089e+01 1.925933178937686832e-03 9.999667660306084116e-01 7.921970441690845757e-03 3.163852217139996696e+02 3.455357362295838342e-02 -7.983800388059267977e-03 9.993709568930083664e-01 -3.058213523508018739e+02
9.994505894841388960e-01 -2.076332617695254498e-03 -3.307881531529874297e-02 3.645277332927781089e+01 2.254900377518545291e-03 9.999830827907627562e-01 5.361861297367789998e-03 3.163852217139996696e+02 3.306712270655610963e-02 -5.433504867528274503e-03 9.994383634925994020e-01 -3.058213523508018739e+02
9.994966473046048572e-01 4.013413249518435824e-04 -3.172208933835852368e-02 3.645277332927781089e+01 -3.418291875116462753e-04 9.999981716512811314e-01 1.881448086842047850e-03 3.163852217139996696e+02 3.172278644218575611e-02 -1.869657518851093863e-03 9.994949570663709260e-01 -3.058213523508018739e+02
9.995315750409977662e-01 -2.924421027288036812e-03 -3.046437686402994963e-02 3.645277332927781089e+01 2.808908064665241195e-03 9.999887057705657556e-01 -3.833844910141619503e-03 3.163852217139996696e+02 3.047524456903925871e-02 3.746477407638903329e-03 9.995285005318721439e-01 -3.058213523508018739e+02
9.995652112329289629e-01 -6.011030787576476797e-03 -2.886617400586936541e-02 3.645277332927781089e+01 5.687605223614443026e-03 9.999202778824386462e-01 -1.127337688224180900e-02 3.163852217139996696e+02 2.893163734887140709e-02 1.110429594254544287e-02 9.995197121477570334e-01 -3.058213523508018739e+02
9.995767601525871182e-01 -4.958176341707201500e-03 -2.866560744547258510e-02 3.645277332927781089e+01 4.506406135457598390e-03 9.998649666625893939e-01 -1.580318779751868977e-02 3.163852217139996696e+02 2.874009162469207124e-02 1.566732038945827660e-02 9.994641275229538824e-01 -3.058213523508018739e+02
9.995919235979062734e-01 -3.315653066571918120e-03 -2.837239367017576480e-02 3.645277332927781089e+01 2.855701571156217360e-03 9.998641024966841151e-01 -1.623642531591493188e-02 3.163852217139996696e+02 2.842237228610231328e-02 1.614877652470831509e-02 9.994655500668276904e-01 -3.058213523508018739e+02
9.995475281907660881e-01 -2.718846464149697866e-03 -2.995574672128263269e-02 3.645277332927781089e+01 2.247399684059553978e-03 9.998732690676946921e-01 -1.576055197459464222e-02 3.163852217139996696e+02 2.999480092258248465e-02 1.568609823341155299e-02 9.994269649353210161e-01 -3.058213523508018739e+02
9.994838924214359821e-01 -1.088305983213621328e-03 -3.210551946595206763e-02 3.645277332927781089e+01 5.147241611992620959e-04 9.998402152851433300e-01 -1.786837870648418786e-02 3.163852217139996696e+02 3.211983575813599778e-02 1.784263121424077905e-02 9.993247503500670703e-01 -3.058213523508018739e+02
9.994523339893045533e-01 1.733361436467131854e-03 -3.304584000231038793e-02 3.645277332927781089e+01 -2.390162383948054269e-03 9.998001854068002681e-01 -1.984631916271549501e-02 3.163852217139996696e+02 3.300483611694143143e-02 1.991443493199277631e-02 9.992567718430704904e-01 -3.058213523508018739e+02
9.994383230939736240e-01 5.695524246552668458e-03 -3.302422345277791077e-02 3.645277332927781089e+01 -6.375130049125090834e-03 9.997693146919049978e-01 -2.051036609467963776e-02 3.163852217139996696e+02 3.289978796221870033e-02 2.070937961499357341e-02 9.992440770642596615e-01 -3.058213523508018739e+02
9.995198645188023701e-01 8.525296902953408140e-03 -2.978858413935439944e-02 3.645277332927781089e+01 -9.136815237538514420e-03 9.997490618938568163e-01 -2.045316233913613974e-02 3.163852217139996696e+02 2.960673976692085319e-02 2.071551483966411339e-02 9.993469409595961972e-01 -3.058213523508018739e+02
9.995673487077962882e-01 8.792160713327100766e-03 -2.806801217140066085e-02 3.645277332927781089e+01 -9.377315099567101742e-03 9.997399987556219170e-01 -2.078463012985827876e-02 3.163852217139996696e+02 2.787797264484060886e-02 2.103884022712488797e-02 9.993899068147086284e-01 -3.058213523508018739e+02
9.995512633343314191e-01 9.531358498993607042e-03 -2.839762616666631490e-02 3.645277332927781089e+01 -1.011665697441551173e-02 9.997378681739147455e-01 -2.053894327225748093e-02 3.163852217139996696e+02 2.819441821354491326e-02 2.081701573815351522e-02 9.993856746208432673e-01 -3.058213523508018739e+02
9.995832101944184256e-01 1.073600101881593862e-02 -2.679821224525113024e-02 3.645277332927781089e+01 -1.126685198213101848e-02 9.997417124545846523e-01 -1.973743713834780894e-02 3.163852217139996696e+02 2.657938945556315852e-02 2.003114226651373647e-02 9.994459912349786812e-01 -3.058213523508018739e+02
9.995759046217350674e-01 1.092056069309682229e-02 -2.699541171726044589e-02 3.645277332927781089e+01 -1.139308077309865615e-02 9.997834809133288037e-01 -1.741232331792737578e-02 3.163852217139996696e+02 2.679941436177039546e-02 1.771249973828174090e-02 9.994838961898728780e-01 -3.058213523508018739e+02
9.996691453005843719e-01 1.251221314645198888e-02 -2.247319416933993980e-02 3.645277332927781089e+01 -1.288596259756752925e-02 9.997797719122956117e-01 -1.656380520698032613e-02 3.163852217139996696e+02 2.226099507949789655e-02 1.684791373370192469e-02 9.996102219869970051e-01 -3.058213523508018739e+02
9.996769168381481885e-01 1.256366556887343264e-02 -2.209561604579451249e-02 3.645277332927781089e+01 -1.294687242457399218e-02 9.997667516563877310e-01 -1.728643331804671779e-02 3.163852217139996696e+02 2.187328131286475977e-02 1.756691748460102731e-02 9.996064040284547980e-01 -3.058213523508018739e+02
9.996277525906254180e-01 1.438451790695577555e-02 -2.318279308442853029e-02 3.645277332927781089e+01 -1.482034308026965522e-02 9.997145695815217170e-01 -1.873864449255589412e-02 3.163852217139996696e+02 2.290662964284227721e-02 1.907524602775905603e-02 9.995556119133078843e-01 -3.058213523508018739e+02
9.996120164086306215e-01 1.400563519127236319e-02 -2.407610504952709118e-02 3.645277332927781089e+01 -1.443934737477743126e-02 9.997348717326662859e-01 -1.793576006368289080e-02 3.163852217139996696e+02 2.381852008118160238e-02 1.827644452732179320e-02 9.995492232384471931e-01 -3.058213523508018739e+02
9.995956828068368605e-01 1.311646822097336726e-02 -2.522754794538258419e-02 3.645277332927781089e+01 -1.349285076712408542e-02 9.997993188770863959e-01 -1.480759774887746745e-02 3.163852217139996696e+02 2.502826186743107098e-02 1.514200232216626404e-02 9.995720613710508129e-01 -3.058213523508018739e+02
9.995927825935850830e-01 1.292427381971173080e-02 -2.544075732051858524e-02 3.645277332927781089e+01 -1.320954047546546613e-02 9.998513926329227752e-01 -1.107703437001986667e-02 3.163852217139996696e+02 2.529381401124888157e-02 1.140858432236540460e-02 9.996149594601537736e-01 -3.058213523508018739e+02
9.995218505065487369e-01 1.355703149654540265e-02 -2.778987687919545410e-02 3.645277332927781089e+01 -1.381521883697921053e-02 9.998629747270277868e-01 -9.119840925594830533e-03 3.163852217139996696e+02 2.766243099305908115e-02 9.499403508815252098e-03 9.995721841090476900e-01 -3.058213523508018739e+02
9.995025659698384413e-01 1.252366319960252633e-02 -2.894440325461988470e-02 3.645277332927781089e+01 -1.277565948049067326e-02 9.998819377864832658e-01 -8.537740520105025280e-03 3.163852217139996696e+02 2.883406222754396342e-02 8.903277397277212235e-03 9.995445605409725154e-01 -3.058213523508018739e+02
9.994594996371797269e-01 1.240553822123960197e-02 -3.044357414027190969e-02 3.645277332927781089e+01 -1.273890781896472833e-02 9.998607355453777989e-01 -1.078098985432053916e-02 3.163852217139996696e+02 3.030559045082256014e-02 1.116298061004602181e-02 9.994783434628925489e-01 -3.058213523508018739e+02
9.994247732519074834e-01 1.362735222294361899e-02 -3.105507819600548253e-02 3.645277332927781089e+01 -1.398298121854054006e-02 9.998387942495001734e-01 -1.126329214534212662e-02 3.163852217139996696e+02 3.089658308956414953e-02 1.169105577358427531e-02 9.994542112414603885e-01 -3.058213523508018739e+02
9.993609950324715552e-01 1.361912089664794011e-02 -3.304725637183527492e-02 3.645277332927781089e+01 -1.396763359880961487e-02 9.998490037036955602e-01 -1.033803677592883344e-02 3.163852217139996696e+02 3.290147138583530972e-02 1.079302268752290427e-02 9.994003221141741777e-01 -3.058213523508018739e+02
9.993637484564029672e-01 1.299919416868844553e-02 -3.321323865758273042e-02 3.645277332927781089e+01 -1.327925017096152557e-02 9.998779944995181967e-01 -8.225425856682613487e-03 3.163852217139996696e+02 3.310226255194707867e-02 8.661239321907127087e-03 9.994144401334974503e-01 -3.058213523508018739e+02
9.993316096987230335e-01 1.288281972241925484e-02 -3.421062427012757506e-02 3.645277332927781089e+01 -1.308698728462399929e-02 9.998978246149619054e-01 -5.750747263098228597e-03 3.163852217139996696e+02 3.413304294616126972e-02 6.194617524225356185e-03 9.993980999046203628e-01 -3.058213523508018739e+02
9.992318228284513548e-01 1.456546905089122455e-02 -3.638146998474579841e-02 3.645277332927781089e+01 -1.482349638630646275e-02 9.998667807735817092e-01 -6.832617387545354345e-03 3.163852217139996696e+02 3.627710299636415642e-02 7.366669315694374456e-03 9.993146171158439062e-01 -3.058213523508018739e+02
9.991952119576513747e-01 1.601384210903500707e-02 -3.677615072032474480e-02 3.645277332927781089e+01 -1.640761356488155964e-02 9.998109795483715034e-01 -1.043050294265869017e-02 3.163852217139996696e+02 3.660216684846540058e-02 1.102551746803830460e-02 9.992690925604374996e-01 -3.058213523508018739e+02
9.991753113510734030e-01 1.719049359346766156e-02 -3.678565095918883560e-02 3.645277332927781089e+01 -1.772894373688788452e-02 9.997396792411125110e-01 -1.436169575145545933e-02 3.163852217139996696e+02 3.652919025180872276e-02 1.500202256017077115e-02 9.992199745694900770e-01 -3.058213523508018739e+02
9.991102685753960877e-01 1.774785436491515406e-02 -3.825813498637684745e-02 3.645277332927781089e+01 -1.831814535072743416e-02 9.997254921432794372e-01 -1.460773458794280451e-02 3.163852217139996696e+02 3.798837688167191334e-02 1.529555570496642959e-02 9.991611127328632325e-01 -3.058213523508018739e+02
9.990883469455448251e-01 1.803349129123682851e-02 -3.869454986766662080e-02 3.645277332927781089e+01 -1.849883523842327931e-02 9.997604004632745234e-01 -1.170191267863973476e-02 3.163852217139996696e+02 3.847425233106394754e-02 1.240704869683075667e-02 9.991825644246404847e-01 -3.058213523508018739e+02
9.990364306865556765e-01 1.950939818560883804e-02 -3.931403748657647662e-02 3.645277332927781089e+01 -1.991840474993899698e-02 9.997512084112055719e-01 -1.003884617652376146e-02 3.163852217139996696e+02 3.910840463734686911e-02 1.081224596341810902e-02 9.991764749151916813e-01 -3.058213523508018739e+02
9.990585258615579667e-01 1.802773770025833250e-02 -3.945963224277244941e-02 3.645277332927781089e+01 -1.839706640317518432e-02 9.997901022700574902e-01 -9.016615251241651141e-03 3.163852217139996696e+02 3.928880058084728566e-02 9.734067815781993066e-03 9.991804832324723273e-01 -3.058213523508018739e+02
9.990370736606549729e-01 1.954550537907799243e-02 -3.927974886661636522e-02 3.645277332927781089e+01 -1.993231033773922023e-02 9.997563863522443972e-01 -9.480029140569687027e-03 3.163852217139996696e+02 3.908488782315169829e-02 1.025383671521074361e-02 9.991832816738228651e-01 -3.058213523508018739e+02
9.990713365023534687e-01 1.869188383313442892e-02 -3.882110325792684918e-02 3.645277332927781089e+01 -1.913870610861022337e-02 9.997544383081421460e-01 -1.117018404786892551e-02 3.163852217139996696e+02 3.860277849951401080e-02 1.190279639174758770e-02 9.991837413259757605e-01 -3.058213523508018739e+02
9.990867287248083040e-01 1.861188238244749354e-02 -3.846175139195973786e-02 3.645277332927781089e+01 -1.914040961230132135e-02 9.997267452256519693e-01 -1.341937406890146740e-02 3.163852217139996696e+02 3.820148172294608735e-02 1.414329221608234474e-02 9.991699625586540900e-01 -3.058213523508018739e+02
9.990958039969232152e-01 1.752140469575998519e-02 -3.873725355807849241e-02 3.645277332927781089e+01 -1.816499914091862164e-02 9.997017147043935070e-01 -1.632526947126289318e-02 3.163852217139996696e+02 3.843965715177703052e-02 1.701417040546232551e-02 9.991160647109362802e-01 -3.058213523508018739e+02
9.991648190840479726e-01 1.599020209200005885e-02 -3.760289539107578710e-02 3.645277332927781089e+01 -1.674813239136993537e-02 9.996611243125365087e-01 -1.992828641905054765e-02 3.163852217139996696e+02 3.727149535686205550e-02 2.054142096485478755e-02 9.990940324406949458e-01 -3.058213523508018739e+02
9.992105284595845793e-01 1.446085578313845502e-02 -3.700274943204479722e-02 3.645277332927781089e+01 -1.527710027071746413e-02 9.996440454675448173e-01 -2.187218710150358805e-02 3.163852217139996696e+02 3.667328759233489527e-02 2.242021434562639290e-02 9.990757748869033561e-01 -3.058213523508018739e+02
9.992591597619880917e-01 1.344875164947896377e-02 -3.605915571431104333e-02 3.645277332927781089e+01 -1.416348878072978823e-02 9.997067978336855454e-01 -1.963960159171629014e-02 3.163852217139996696e+02 3.578445496743881682e-02 2.013577523200135722e-02 9.991566560547401332e-01 -3.058213523508018739e+02
9.992471429145155515e-01 1.110740987604201015e-02 -3.717220497919954125e-02 3.645277332927781089e+01 -1.161538999978241511e-02 9.998417054241092172e-01 -1.347764110544213099e-02 3.163852217139996696e+02 3.701661913685751898e-02 1.389926402582600251e-02 9.992179844094170038e-01 -3.058213523508018739e+02
9.993173207350263265e-01 9.406909283591877169e-03 -3.572677618663908095e-02 3.645277332927781089e+01 -9.684588813874090568e-03 9.999241666019065278e-01 -7.607219268230025998e-03 3.163852217139996696e+02 3.565250648224176783e-02 7.948025114384887901e-03 9.993326411552440058e-01 -3.058213523508018739e+02
9.993777228202029850e-01 7.703310382020646559e-03 -3.442130357576256988e-02 3.645277332927781089e+01 -7.945952473985846282e-03 9.999445003270187593e-01 -6.917955264093194299e-03 3.163852217139996696e+02 3.436610204806318791e-02 7.187160420707932630e-03 9.993834678215915979e-01 -3.058213523508018739e+02
9.994017911158977752e-01 4.606125805770187528e-03 -3.427599042169755805e-02 3.645277332927781089e+01 -4.950593759040632959e-03 9.999380258990370196e-01 -9.971759251773154586e-03 3.163852217139996696e+02 3.422793502038891378e-02 1.013548056106597546e-02 9.993626571460618724e-01 -3.058213523508018739e+02
9.994301155460355579e-01 3.438756832208994269e-03 -3.358004006962565097e-02 3.645277332927781089e+01 -3.889686846632930267e-03 9.999030194838196550e-01 -1.337243296416257277e-02 3.163852217139996696e+02 3.353079891478843999e-02 1.349542806267364781e-02 9.993465659847647897e-01 -3.058213523508018739e+02
9.993998291216376062e-01 5.475156160850710475e-03 -3.420532439031982036e-02 3.645277332927781089e+01 -6.081621193997660546e-03 9.998257071134083462e-01 -1.765132512961014449e-02 3.163852217139996696e+02 3.410271888406528340e-02 1.784875514406341485e-02 9.992589386663108808e-01 -3.058213523508018739e+02
9.994726776378224375e-01 5.957400205716829704e-03 -3.191983769164045970e-02 3.645277332927781089e+01 -6.669759888031625596e-03 9.997300259548524970e-01 -2.225734726671551103e-02 3.163852217139996696e+02 3.177862423875548598e-02 2.245850812284802892e-02 9.992425803849576127e-01 -3.058213523508018739e+02
9.994798616083599985e-01 8.946364569225059502e-03 -3.098336328287415800e-02 3.645277332927781089e+01 -9.664028453819568584e-03 9.996866542743907402e-01 -2.309111993220473377e-02 3.163852217139996696e+02 3.076707320120167233e-02 2.337853345858358078e-02 9.992531367876501536e-01 -3.058213523508018739e+02
9.994696918228919147e-01 1.259456426018198093e-02 -3.002852108479281759e-02 3.645277332927781089e+01 -1.318267028947342837e-02 9.997235679463698510e-01 -1.946804809486737606e-02 3.163852217139996696e+02 2.977502865629319193e-02 1.985358012251246460e-02 9.993594363515243550e-01 -3.058213523508018739e+02
9.994350294537782675e-01 1.561317082894349978e-02 -2.976324574675459633e-02 3.645277332927781089e+01 -1.614181807279159095e-02 9.997147122080878301e-01 -1.760499656375142524e-02 3.163852217139996696e+02 2.947988483730500445e-02 1.807548315732725869e-02 9.994019278041289533e-01 -3.058213523508018739e+02
9.994901391506653132e-01 1.379979497918293156e-02 -2.879283589899660212e-02 3.645277332927781089e+01 -1.432497312529477755e-02 9.997333026663546285e-01 -1.811404661546815384e-02 3.163852217139996696e+02 2.853518679689988000e-02 1.851726757273084584e-02 9.994212594877632805e-01 -3.058213523508018739e+02
9.995270016051231998e-01 1.090802197346665489e-02 -2.875392353905322287e-02 3.645277332927781089e+01 -1.141271937941791201e-02 9.997826521881262307e-01 -1.744701177985880092e-02 3.163852217139996696e+02 2.855736154882560288e-02 1.776691983170082881e-02 9.994342467921861761e-01 -3.058213523508018739e+02
9.995012015786092219e-01 9.061822876444844410e-03 -3.025279175652379263e-02 3.645277332927781089e+01 -9.535692840813814533e-03 9.998335218457286011e-01 -1.555632204654547324e-02 3.163852217139996696e+02 3.010678669259830853e-02 1.583704390743414375e-02 9.994212172229092195e-01 -3.058213523508018739e+02
9.995102806608913149e-01 8.779876984849175128e-03 -3.003518958336424960e-02 3.645277332927781089e+01 -9.183971473430856125e-03 9.998688056766276144e-01 -1.334264227103079507e-02 3.163852217139996696e+02 2.991410237919945800e-02 1.361195044540939106e-02 9.994597847256885270e-01 -3.058213523508018739e+02
9.994795046137985306e-01 7.637969758296975220e-03 -3.134296212736840948e-02 3.645277332927781089e+01 -8.019057321939009747e-03 9.998952286148881097e-01 -1.205099634270375385e-02 3.163852217139996696e+02 3.124763313619236677e-02 1.229606486464781059e-02 9.994360370790276171e-01 -3.058213523508018739e+02
9.994472878191669185e-01 6.971244845058514189e-03 -3.250416305971146752e-02 3.645277332927781089e+01 -7.414261789945190105e-03 9.998809904359821088e-01 -1.352899430380063821e-02 3.163852217139996696e+02 3.240598082164022203e-02 1.376251103804308588e-02 9.993800306674717193e-01 -3.058213523508018739e+02
9.994026478718784912e-01 7.804798907170857475e-03 -3.366648987773275536e-02 3.645277332927781089e+01 -8.386205793111892876e-03 9.998175330500530533e-01 -1.716310455903097623e-02 3.163852217139996696e+02 3.352639227630578589e-02 1.743518625444467549e-02 9.992857425687657891e-01 -3.058213523508018739e+02
9.993731221687759403e-01 8.351905049409686158e-03 -3.440360982032842491e-02 3.645277332927781089e+01 -9.007673710997097030e-03 9.997798486887853331e-01 -1.895035540954979197e-02 3.163852217139996696e+02 3.423776425148600255e-02 1.924837234359244934e-02 9.992283401010920718e-01 -3.058213523508018739e+02
9.993136078505628905e-01 1.065310765857784871e-02 -3.547991631749362884e-02 3.645277332927781089e+01 -1.127902480848318525e-02 9.997834486054639758e-01 -1.748826732234835812e-02 3.163852217139996696e+02 3.528592869759328288e-02 1.787644236929969779e-02 9.992173617607768010e-01 -3.058213523508018739e+02
9.992854963191867279e-01 1.207403268531034857e-02 -3.581500496747697798e-02 3.645277332927781089e+01 -1.255670091772857939e-02 9.998329380016036660e-01 -1.328252043651880626e-02 3.163852217139996696e+02 3.564864805528394215e-02 1.372274833252073133e-02 9.992701637045079410e-01 -3.058213523508018739e+02
9.991732957411946225e-01 1.272072639050052419e-02 -3.861228040103870107e-02 3.645277332927781089e+01 -1.307113525202326272e-02 9.998755256417861670e-01 -8.836212185441337172e-03 3.163852217139996696e+02 3.849507112468043141e-02 9.333613590707575888e-03 9.992151986216214476e-01 -3.058213523508018739e+02
9.991277856360378795e-01 1.393447769519761195e-02 -3.936366727555994788e-02 3.645277332927781089e+01 -1.426568113481848504e-02 9.998650605986884043e-01 -8.145608371497720102e-03 3.163852217139996696e+02 3.924485076770114350e-02 8.700053180523728905e-03 9.991917487463947145e-01 -3.058213523508018739e+02
9.990651664341450022e-01 1.405408658450491358e-02 -4.088124103034145029e-02 3.645277332927781089e+01 -1.448995045961549467e-02 9.998410839498085290e-01 -1.038499791771764838e-02 3.163852217139996696e+02 4.072879268507770961e-02 1.096765683034069475e-02 9.991100419623805129e-01 -3.058213523508018739e+02
9.990149176080793669e-01 1.461600894618736608e-02 -4.189948303976152172e-02 3.645277332927781089e+01 -1.510064869275776732e-02 9.998224219155172898e-01 -1.127364377864148795e-02 3.163852217139996696e+02 4.172726693150065336e-02 1.189524768445488281e-02 9.990582256690321294e-01 -3.058213523508018739e+02
9.991157824351882821e-01 1.434544865009499022e-02 -3.952039210255017809e-02 3.645277332927781089e+01 -1.480299522669088937e-02 9.998264707937604134e-01 -1.130927196660577554e-02 3.163852217139996696e+02 3.935129758001500166e-02 1.188429228534011381e-02 9.991547622744173518e-01 -3.058213523508018739e+02
9.990579842355059581e-01 1.313561818652600119e-02 -4.135939639471180457e-02 3.645277332927781089e+01 -1.360934966436906125e-02 9.998447350543145928e-01 -1.119336347497324781e-02 3.163852217139996696e+02 4.120594298145041634e-02 1.174569363756634323e-02 9.990816327728099244e-01 -3.058213523508018739e+02
9.990379575488484987e-01 1.209456947109641828e-02 -4.215306354138247807e-02 3.645277332927781089e+01 -1.254374051467052262e-02 9.998671599251448550e-01 -1.040754904516974326e-02 3.163852217139996696e+02 4.202158910031930650e-02 1.092629363213870781e-02 9.990569564128713997e-01 -3.058213523508018739e+02
9.989714327459233711e-01 1.282021249961705182e-02 -4.349389277831714612e-02 3.645277332927781089e+01 -1.317626932430345822e-02 9.998819053131905443e-01 -7.909573563721085041e-03 3.163852217139996696e+02 4.338735396680681172e-02 8.474525280570537403e-03 9.990223821001359417e-01 -3.058213523508018739e+02
9.989141896047637470e-01 1.085865762328499032e-02 -4.530487127084936033e-02 3.645277332927781089e+01 -1.118091461626023221e-02 9.999139206948925995e-01 -6.865737317604382259e-03 3.163852217139996696e+02 4.522641876815281653e-02 7.364832326035294224e-03 9.989496134891985291e-01 -3.058213523508018739e+02
9.988258140487193959e-01 1.049630542335017354e-02 -4.729503951116705712e-02 3.645277332927781089e+01 -1.083359350097237543e-02 9.999176399199861676e-01 -6.880888656477000299e-03 3.163852217139996696e+02 4.721892037901008476e-02 7.385184446362011088e-03 9.988572633809776891e-01 -3.058213523508018739e+02
9.986880747604870434e-01 9.643009873616723363e-03 -5.029057259327197188e-02 3.645277332927781089e+01 -1.004379614649125209e-02 9.999197371145170932e-01 -7.722790156749302984e-03 3.163852217139996696e+02 5.021206518507350530e-02 8.217766692641730042e-03 9.987047695993230834e-01 -3.058213523508018739e+02
9.985889048200768947e-01 8.037719094989166299e-03 -5.249375431401132053e-02 3.645277332927781089e+01 -8.471401854023343295e-03 9.999317596908872119e-01 -8.044334162389333090e-03 3.163852217139996696e+02 5.242551402569076840e-02 8.477678528848831691e-03 9.985888515529829368e-01 -3.058213523508018739e+02
9.984500736356786144e-01 7.747210928483540086e-03 -5.511289485889630385e-02 3.645277332927781089e+01 -8.195414219793695221e-03 9.999351227370278927e-01 -7.911099964813081420e-03 3.163852217139996696e+02 5.504803032502345733e-02 8.350511344628811297e-03 9.984487885302982813e-01 -3.058213523508018739e+02
9.982590618710552866e-01 8.633178082655748597e-03 -5.834649628301153551e-02 3.645277332927781089e+01 -9.051988703662061306e-03 9.999351027353361454e-01 -6.917500862577785278e-03 3.163852217139996696e+02 5.828298973817028911e-02 7.433609746822562002e-03 9.982724250189995985e-01 -3.058213523508018739e+02
9.980799078931864576e-01 9.795021621879833329e-03 -6.116007694031266873e-02 3.645277332927781089e+01 -1.015754731453800096e-02 9.999326210817346405e-01 -5.619388682677386310e-03 3.163852217139996696e+02 6.110091400684263679e-02 6.229835314106000298e-03 9.981121517442262947e-01 -3.058213523508018739e+02
9.978861632334019571e-01 1.098944467947090935e-02 -6.405027191938109099e-02 3.645277332927781089e+01 -1.126028604334313593e-02 9.999291154370485435e-01 -3.869116114298013897e-03 3.163852217139996696e+02 6.400321230635643011e-02 4.582161817368818856e-03 9.979391727993990324e-01 -3.058213523508018739e+02
9.976536193644376382e-01 1.312266224623585657e-02 -6.719413296261786406e-02 3.645277332927781089e+01 -1.338069019294819972e-02 9.999047232364077775e-01 -3.391397865985719753e-03 3.163852217139996696e+02 6.714322675436265597e-02 4.282544231663321446e-03 9.977341564344271996e-01 -3.058213523508018739e+02
9.974666756498217213e-01 1.461189324610992317e-02 -6.961841382742661732e-02 3.645277332927781089e+01 -1.481207492201192660e-02 9.998875100193629351e-01 -2.360030462853388369e-03 3.163852217139996696e+02 6.957609794022619198e-02 3.385244901779418426e-03 9.975709031003106020e-01 -3.058213523508018739e+02
9.972678478208997221e-01 1.755039083578510337e-02 -7.175530282962343243e-02 3.645277332927781089e+01 -1.789111327451121947e-02 9.998315004221485225e-01 -4.108385254093270718e-03 3.163852217139996696e+02 7.167110832447849689e-02 5.380942771341631729e-03 9.974138046399972923e-01 -3.058213523508018739e+02
9.970736045672158321e-01 1.854822354331501361e-02 -7.416326906707576549e-02 3.645277332927781089e+01 -1.917802836181045287e-02 9.997857445395839093e-01 -7.788982191912310546e-03 3.163852217139996696e+02 7.400290739884905766e-02 9.188493827574088085e-03 9.972156944601806572e-01 -3.058213523508018739e+02
9.968606493175738992e-01 2.138017377888298473e-02 -7.623472969269487476e-02 3.645277332927781089e+01 -2.231423365581617496e-02 9.996857611076314098e-01 -1.142164677318943146e-02 3.163852217139996696e+02 7.596657698282810456e-02 1.308690978964965369e-02 9.970244791245960192e-01 -3.058213523508018739e+02
9.966517797160057146e-01 2.339048833034671621e-02 -7.834612335383762949e-02 3.645277332927781089e+01 -2.454972813346910365e-02 9.996024445582569751e-01 -1.386591799097181173e-02 3.163852217139996696e+02 7.799064583320512722e-02 1.574286787174747002e-02 9.968297855068811719e-01 -3.058213523508018739e+02
9.967839878137270127e-01 2.497406448872852014e-02 -7.614445312079599903e-02 3.645277332927781089e+01 -2.622348475517873381e-02 9.995366601948665330e-01 -1.545295356199783386e-02 3.163852217139996696e+02 7.572324930593000991e-02 1.740002958063446847e-02 9.969770451144536194e-01 -3.058213523508018739e+02
9.967757722176582291e-01 2.777477119558091276e-02 -7.527696862196550653e-02 3.645277332927781089e+01 -2.893014899974585830e-02 9.994791222509601392e-01 -1.430142172322245581e-02 3.163852217139996696e+02 7.484053980786484206e-02 1.643308460045943623e-02 9.970601021662554020e-01 -3.058213523508018739e+02
9.968178372193821080e-01 3.169261316721554145e-02 -7.314217437220979501e-02 3.645277332927781089e+01 -3.267306386093025289e-02 9.993910544399615681e-01 -1.224708958580985468e-02 3.163852217139996696e+02 7.270949249721053720e-02 1.459789628735099626e-02 9.972463241971784020e-01 -3.058213523508018739e+02
9.971505760218466463e-01 3.447666207540888567e-02 -6.709760436428041652e-02 3.645277332927781089e+01 -3.522891163638239287e-02 9.993286329186702455e-01 -1.006017961170540924e-02 3.163852217139996696e+02 6.670571582858704496e-02 1.239528946985898189e-02 9.976956972317542194e-01 -3.058213523508018739e+02
9.974414570824943205e-01 3.565327109702810110e-02 -6.196276263385978172e-02 3.645277332927781089e+01 -3.622191958247272109e-02 9.993111221216268714e-01 -8.077979065276262582e-03 3.163852217139996696e+02 6.163207147987161821e-02 1.030172141438425240e-02 9.980457716462719508e-01 -3.058213523508018739e+02
9.980063776711856072e-01 3.523875797072523880e-02 -5.235933598038371162e-02 3.645277332927781089e+01 -3.557092120387794765e-02 9.993524278792095261e-01 -5.425353135067055577e-03 3.163852217139996696e+02 5.213424682811105410e-02 7.277006844362612741e-03 9.986135716477393398e-01 -3.058213523508018739e+02
9.985943899688456415e-01 3.421891593725319425e-02 -4.047604371497669218e-02 3.645277332927781089e+01 -3.441433533585525756e-02 9.993990724631828249e-01 -4.140951958629220629e-03 3.163852217139996696e+02 4.031002165875819526e-02 5.528087536495361262e-03 9.991719283497014770e-01 -3.058213523508018739e+02
9.989887238321274454e-01 3.273972095252074971e-02 -3.081623481539140508e-02 3.645277332927781089e+01 -3.285027582625515280e-02 9.994555135870707430e-01 -3.087999116992511724e-03 3.163852217139996696e+02 3.069835556484865058e-02 4.097198110693194006e-03 9.995202969091009360e-01 -3.058213523508018739e+02
9.993625792058614676e-01 3.226730511657750766e-02 -1.527273071558979921e-02 3.645277332927781089e+01 -3.231853278046543931e-02 9.994727522501637429e-01 -3.119286521496853273e-03 3.163852217139996696e+02 1.516402723275492477e-02 3.610890471686142248e-03 9.998784994928570091e-01 -3.058213523508018739e+02
9.994936708640573819e-01 3.173237633198258689e-02 2.336278024096753031e-03 3.645277332927781089e+01 -3.171816844415763920e-02 9.994795201286810205e-01 -5.886139132901938020e-03 3.163852217139996696e+02 -2.521843220515053875e-03 5.809056349262176414e-03 9.999799473844980247e-01 -3.058213523508018739e+02
9.992374095888306718e-01 3.134662690500049365e-02 2.328064131143337337e-02 3.645277332927781089e+01 -3.111383566229297681e-02 9.994628243874128515e-01 -1.029523666155410765e-02 3.163852217139996696e+02 -2.359085646119985988e-02 9.563035564920861070e-03 9.996759574193090359e-01 -3.058213523508018739e+02
9.984736783179277708e-01 2.998511840122214389e-02 4.638109939103757240e-02 3.645277332927781089e+01 -2.932374976516495188e-02 9.994592818505492193e-01 -1.487486546145965101e-02 3.163852217139996696e+02 -4.680204489086525060e-02 1.349209387941434531e-02 9.988130615869936779e-01 -3.058213523508018739e+02
9.969675140204796726e-01 3.007282966766226806e-02 7.177326036619929850e-02 3.645277332927781089e+01 -2.880444077932747468e-02 9.994112077967458596e-01 -1.864247627440798749e-02 3.163852217139996696e+02 -7.229163284367289000e-02 1.651855459872753409e-02 9.972467383625606141e-01 -3.058213523508018739e+02
9.944086253442688816e-01 2.784462372928485710e-02 1.018634515922468287e-01 3.645277332927781089e+01 -2.606729862100132938e-02 9.994845574326588489e-01 -1.873807344012767134e-02 3.163852217139996696e+02 -1.023327014375873811e-01 1.597799683997913611e-02 9.946218989311805814e-01 -3.058213523508018739e+02
9.906004915270318900e-01 2.622201502418943300e-02 1.342500358080575273e-01 3.645277332927781089e+01 -2.375764434884886089e-02 9.995191479693867898e-01 -1.992604269658318494e-02 3.163852217139996696e+02 -1.347079823966869372e-01 1.654928308487877905e-02 9.907471325762142733e-01 -3.058213523508018739e+02
9.854592972679979690e-01 2.415398833035327375e-02 1.681860822892050633e-01 3.645277332927781089e+01 -2.130566332681326988e-02 9.995977381843490495e-01 -1.871978971407053591e-02 3.163852217139996696e+02 -1.685705850326714439e-01 1.486427477112617357e-02 9.855775013652001704e-01 -3.058213523508018739e+02
9.779134433861119691e-01 2.153193879030509961e-02 2.078982271608848520e-01 3.645277332927781089e+01 -1.804305526003812180e-02 9.996630016914892503e-01 -1.866363324881147381e-02 3.163852217139996696e+02 -2.082300300187019670e-01 1.450029865531615725e-02 9.779723901712750189e-01 -3.058213523508018739e+02
9.694611731528168797e-01 1.965811233969886468e-02 2.444557063526948681e-01 3.645277332927781089e+01 -1.556086498855890898e-02 9.997043984704145902e-01 -1.868087684546582139e-02 3.163852217139996696e+02 -2.447506756476076628e-01 1.430644253989533238e-02 9.694804961792119480e-01 -3.058213523508018739e+02
9.581364928413308446e-01 2.078744076474506319e-02 2.855562000590395333e-01 3.645277332927781089e+01 -1.585115235904653586e-02 9.996824890517448381e-01 -1.958729313099664970e-02 3.163852217139996696e+02 -2.858727025348749007e-01 1.424090551058605249e-02 9.581617789056520174e-01 -3.058213523508018739e+02
9.439106023196074391e-01 2.383777510025091376e-02 3.293395440983327704e-01 3.645277332927781089e+01 -1.796876800995432857e-02 9.996210588773590811e-01 -2.085334565754214803e-02 3.163852217139996696e+02 -3.297118411656281833e-01 1.376586819558675741e-02 9.439812512269460942e-01 -3.058213523508018739e+02
9.272348801701864041e-01 2.581437992714159801e-02 3.735894736000330285e-01 3.645277332927781089e+01 -1.903290923194218831e-02 9.995805050015813542e-01 -2.183030890650883987e-02 3.163852217139996696e+02 -3.739962905724290021e-01 1.313132932197079265e-02 9.273372325256318272e-01 -3.058213523508018739e+02
9.075506732426800172e-01 2.605803497026279100e-02 4.191333371496950844e-01 3.645277332927781089e+01 -1.948963486255185507e-02 9.996110782818246054e-01 -1.994608505881060104e-02 3.163852217139996696e+02 -4.194900828740419918e-01 9.933327223913520146e-03 9.077055686623211050e-01 -3.058213523508018739e+02
8.846665681708381079e-01 2.505094358147958583e-02 4.655507634904096914e-01 3.645277332927781089e+01 -1.757720788308606702e-02 9.996376090760755728e-01 -2.038853314249599452e-02 3.163852217139996696e+02 -4.658928041125496855e-01 9.853971095213742704e-03 8.847862986788362916e-01 -3.058213523508018739e+02
