1.000000000000000000e+00 0.000000000000000000e+00 0.000000000000000000e+00 -4.714974112570040177e+00 0.000000000000000000e+00 1.000000000000000000e+00 0.000000000000000000e+00 -2.421352514958157176e+00 0.000000000000000000e+00 0.000000000000000000e+00 1.000000000000000000e+00 3.811870919637538009e+02
9.999930999999999681e-01 -2.475044000000000029e-03 -2.755837000000000130e-03 -4.714974112570040177e+00 2.468661999999999940e-03 9.999942000000000553e-01 -2.316827999999999943e-03 -2.421352514958157176e+00 2.761556000000000080e-03 2.310009000000000021e-03 9.999934999999999796e-01 3.811870919637538009e+02
9.999862999999999946e-01 -2.528163999999999845e-03 -4.580896999999999573e-03 -4.714974112570040177e+00 2.512019999999999791e-03 9.999905999999999517e-01 -3.526614999999999871e-03 -2.421352514958157176e+00 4.589771000000000302e-03 3.515059000000000065e-03 9.999833000000000194e-01 3.811870919637538009e+02
9.999675000000000091e-01 -4.648687000000000305e-03 -6.595320000000000002e-03 -4.714974112570040177e+00 4.612815000000000144e-03 9.999744999999999884e-01 -5.443973999999999862e-03 -2.421352514958157176e+00 6.620459999999999887e-03 5.413372999999999970e-03 9.999633999999999467e-01 3.811870919637538009e+02
9.999413000000000329e-01 -7.134576000000000112e-03 -8.152763000000000371e-03 -4.714974112570040177e+00 7.072901000000000361e-03 9.999462999999999546e-01 -7.569120999999999835e-03 -2.421352514958157176e+00 8.206328000000000580e-03 7.511012000000000070e-03 9.999381000000000519e-01 3.811870919637538009e+02
9.999200000000000310e-01 -8.311337999999999712e-03 -9.539067999999999506e-03 -4.714974112570040177e+00 8.230327000000000823e-03 9.999299999999999855e-01 -8.500811999999999952e-03 -2.421352514958157176e+00 9.609054000000000553e-03 8.421622000000000136e-03 9.999183999999999850e-01 3.811870919637538009e+02
9.999040999999999624e-01 -8.525348000000000301e-03 -1.091073000000000043e-02 -4.714974112570040177e+00 8.441126999999999658e-03 9.999344000000000010e-01 -7.742225000000000149e-03 -2.421352514958157176e+00 1.097601999999999953e-02 7.649383000000000050e-03 9.999105000000000354e-01 3.811870919637538009e+02
9.998884000000000105e-01 -8.811523999999999399e-03 -1.206612999999999956e-02 -4.714974112570040177e+00 8.715867999999999879e-03 9.999303000000000496e-01 -7.957588999999999288e-03 -2.421352514958157176e+00 1.213539999999999931e-02 7.851533000000000817e-03 9.998955000000000481e-01 3.811870919637538009e+02
9.998780000000000445e-01 -8.278891999999999501e-03 -1.324786000000000019e-02 -4.714974112570040177e+00 8.141373000000000359e-03 9.999126999999999876e-01 -1.040105000000000023e-02 -2.421352514958157176e+00 1.333281000000000049e-02 1.029191999999999954e-02 9.998582000000000303e-01 3.811870919637538009e+02
9.998747999999999525e-01 -6.580037000000000386e-03 -1.439058999999999998e-02 -4.714974112570040177e+00 6.374275999999999900e-03 9.998774000000000273e-01 -1.429780999999999934e-02 -2.421352514958157176e+00 1.448290999999999988e-02 1.420428999999999962e-02 9.997941999999999663e-01 3.811870919637538009e+02
9.998652000000000095e-01 -5.082826999999999831e-03 -1.561246999999999982e-02 -4.714974112570040177e+00 4.800846999999999580e-03 9.998255999999999810e-01 -1.804597000000000145e-02 -2.421352514958157176e+00 1.570146999999999862e-02 1.796858999999999956e-02 9.997152999999999734e-01 3.811870919637538009e+02
9.998521999999999688e-01 -3.623833999999999823e-03 -1.680538000000000171e-02 -4.714974112570040177e+00 3.306954999999999877e-03 9.998169000000000084e-01 -1.884542999999999982e-02 -2.421352514958157176e+00 1.687059999999999949e-02 1.878706000000000126e-02 9.996812000000000475e-01 3.811870919637538009e+02
9.998394000000000448e-01 -1.112535999999999907e-03 -1.788541999999999910e-02 -4.714974112570040177e+00 8.907687000000000287e-04 9.999227000000000531e-01 -1.240253000000000015e-02 -2.421352514958157176e+00 1.789782999999999999e-02 1.238460000000000082e-02 9.997631000000000157e-01 3.811870919637538009e+02
9.998257999999999868e-01 -8.672135999999999669e-05 -1.866531000000000093e-02 -4.714974112570040177e+00 5.358731000000000177e-05 9.999983999999999540e-01 -1.775663000000000024e-03 -2.421352514958157176e+00 1.866543000000000022e-02 1.774353999999999905e-03 9.998242000000000518e-01 3.811870919637538009e+02
9.998120000000000340e-01 1.004604000000000087e-03 -1.936674999999999855e-02 -4.714974112570040177e+00 -8.989153000000000161e-04 9.999846000000000013e-01 5.465140999999999749e-03 -2.421352514958157176e+00 1.937194000000000069e-02 -5.446702000000000314e-03 9.997975000000000056e-01 3.811870919637538009e+02
9.997816999999999954e-01 3.389969999999999963e-03 -2.061746000000000065e-02 -4.714974112570040177e+00 -3.275843000000000071e-03 9.999791000000000096e-01 5.566727999999999954e-03 -2.421352514958157176e+00 2.063589999999999869e-02 -5.497970999999999935e-03 9.997719000000000467e-01 3.811870919637538009e+02
9.997542999999999846e-01 5.555763000000000021e-03 -2.145926000000000083e-02 -4.714974112570040177e+00 -5.595211000000000108e-03 9.999827000000000021e-01 -1.778629000000000104e-03 -2.421352514958157176e+00 2.144901000000000099e-02 1.898261000000000046e-03 9.997681999999999958e-01 3.811870919637538009e+02
9.997369000000000394e-01 4.812929999999999986e-03 -2.242765000000000036e-02 -4.714974112570040177e+00 -5.013394000000000010e-03 9.999479000000000006e-01 -8.890577000000000202e-03 -2.421352514958157176e+00 2.238369000000000122e-02 9.000674999999999648e-03 9.997089000000000114e-01 3.811870919637538009e+02
9.997144999999999504e-01 2.620743000000000031e-03 -2.375048999999999910e-02 -4.714974112570040177e+00 -2.819209000000000038e-03 9.999613000000000529e-01 -8.326642000000000418e-03 -2.421352514958157176e+00 2.372774999999999884e-02 8.391221000000000790e-03 9.996831999999999940e-01 3.811870919637538009e+02
9.997063000000000477e-01 1.893748000000000003e-03 -2.416093999999999881e-02 -4.714974112570040177e+00 -1.858131000000000062e-03 9.999970999999999721e-01 1.496504000000000063e-03 -2.421352514958157176e+00 2.416371000000000144e-02 -1.451168999999999983e-03 9.997070000000000123e-01 3.811870919637538009e+02
9.996966000000000463e-01 1.625146000000000056e-03 -2.457882000000000122e-02 -4.714974112570040177e+00 -1.393167000000000060e-03 9.999542999999999626e-01 9.452360999999999402e-03 -2.421352514958157176e+00 2.459305999999999992e-02 -9.415247999999999326e-03 9.996532000000000195e-01 3.811870919637538009e+02
9.996863000000000277e-01 7.583641000000000123e-04 -2.503531999999999980e-02 -4.714974112570040177e+00 -4.521018000000000020e-04 9.999249999999999527e-01 1.223661000000000020e-02 -2.421352514958157176e+00 2.504272000000000095e-02 -1.222145000000000002e-02 9.996116999999999919e-01 3.811870919637538009e+02
9.996791999999999900e-01 -1.382699000000000037e-03 -2.529212000000000127e-02 -4.714974112570040177e+00 1.667548999999999941e-03 9.999354000000000298e-01 1.124475999999999948e-02 -2.421352514958157176e+00 2.527493999999999921e-02 -1.128332999999999940e-02 9.996169000000000304e-01 3.811870919637538009e+02
9.996850999999999932e-01 -2.198699000000000139e-03 -2.499778999999999890e-02 -4.714974112570040177e+00 2.413900000000000073e-03 9.999601999999999657e-01 8.581850000000000242e-03 -2.421352514958157176e+00 2.497792999999999888e-02 -8.639486999999999514e-03 9.996507000000000032e-01 3.811870919637538009e+02
9.997040999999999844e-01 5.747478999999999999e-05 -2.432654999999999887e-02 -4.714974112570040177e+00 6.660545999999999502e-05 9.999869999999999592e-01 5.099768000000000183e-03 -2.421352514958157176e+00 2.432652999999999899e-02 -5.099877000000000056e-03 9.996911000000000547e-01 3.811870919637538009e+02
9.997239999999999460e-01 -2.636624000000000172e-03 -2.334610000000000157e-02 -4.714974112570040177e+00 2.632564999999999905e-03 9.999964999999999549e-01 -2.046125999999999999e-04 -2.421352514958157176e+00 2.334655999999999884e-02 1.430966999999999949e-04 9.997274000000000438e-01 3.811870919637538009e+02
9.997262999999999566e-01 -5.544119000000000130e-03 -2.272785999999999904e-02 -4.714974112570040177e+00 5.399776000000000228e-03 9.999649000000000454e-01 -6.407463000000000394e-03 -2.421352514958157176e+00 2.276258999999999921e-02 6.282984000000000138e-03 9.997211999999999765e-01 3.811870919637538009e+02
9.997553000000000134e-01 -5.085929999999999791e-03 -2.153035999999999839e-02 -4.714974112570040177e+00 4.819452000000000111e-03 9.999112999999999474e-01 -1.241077999999999973e-02 -2.421352514958157176e+00 2.159157000000000090e-02 1.230396999999999914e-02 9.996912000000000020e-01 3.811870919637538009e+02
9.997662000000000493e-01 -3.838835999999999984e-03 -2.127843000000000095e-02 -4.714974112570040177e+00 3.555293000000000168e-03 9.999046000000000323e-01 -1.334728999999999950e-02 -2.421352514958157176e+00 2.132763999999999840e-02 1.326852000000000066e-02 9.996844999999999759e-01 3.811870919637538009e+02
9.997622000000000453e-01 -3.422674000000000116e-03 -2.153588000000000030e-02 -4.714974112570040177e+00 3.148128999999999945e-03 9.999135000000000106e-01 -1.276932000000000067e-02 -2.421352514958157176e+00 2.157772999999999983e-02 1.269847999999999984e-02 9.996865000000000334e-01 3.811870919637538009e+02
9.997667999999999555e-01 -2.204437999999999970e-03 -2.148374000000000117e-02 -4.714974112570040177e+00 1.910245000000000085e-03 9.999042000000000208e-01 -1.370467000000000039e-02 -2.421352514958157176e+00 2.151188999999999879e-02 1.366043999999999939e-02 9.996753000000000444e-01 3.811870919637538009e+02
9.997726000000000113e-01 4.687528999999999958e-04 -2.131794999999999871e-02 -4.714974112570040177e+00 -8.075310000000000040e-04 9.998734999999999706e-01 -1.588584999999999997e-02 -2.421352514958157176e+00 2.130780999999999994e-02 1.589944999999999900e-02 9.996464999999999934e-01 3.811870919637538009e+02
9.997643000000000502e-01 4.013693999999999942e-03 -2.133588000000000151e-02 -4.714974112570040177e+00 -4.371518999999999926e-03 9.998500999999999639e-01 -1.675089000000000092e-02 -2.421352514958157176e+00 2.126545000000000171e-02 1.684021000000000129e-02 9.996319999999999650e-01 3.811870919637538009e+02
9.997576000000000240e-01 5.791202999999999976e-03 -2.123995999999999870e-02 -4.714974112570040177e+00 -6.143965000000000364e-03 9.998436000000000545e-01 -1.658089000000000091e-02 -2.421352514958157176e+00 2.114061999999999886e-02 1.670736999999999917e-02 9.996369000000000504e-01 3.811870919637538009e+02
9.997475000000000112e-01 6.655409999999999625e-03 -2.146388999999999936e-02 -4.714974112570040177e+00 -7.009523000000000142e-03 9.998397999999999453e-01 -1.646517999999999940e-02 -2.421352514958157176e+00 2.135087000000000096e-02 1.661146999999999971e-02 9.996340000000000225e-01 3.811870919637538009e+02
9.997432000000000540e-01 6.684037999999999785e-03 -2.165237000000000064e-02 -4.714974112570040177e+00 -7.043805000000000205e-03 9.998377000000000514e-01 -1.658207999999999904e-02 -2.421352514958157176e+00 2.153802999999999968e-02 1.673033000000000159e-02 9.996279999999999610e-01 3.811870919637538009e+02
9.997300000000000075e-01 7.470018999999999618e-03 -2.200511999999999954e-02 -4.714974112570040177e+00 -7.810435000000000121e-03 9.998504999999999754e-01 -1.542466999999999970e-02 -2.421352514958157176e+00 2.188661000000000079e-02 1.559236999999999949e-02 9.996388999999999969e-01 3.811870919637538009e+02
9.997179999999999955e-01 8.169160999999999437e-03 -2.229874000000000092e-02 -4.714974112570040177e+00 -8.471997999999999682e-03 9.998726999999999476e-01 -1.352028000000000084e-02 -2.421352514958157176e+00 2.218546000000000060e-02 1.370537999999999965e-02 9.996599000000000457e-01 3.811870919637538009e+02
9.997047999999999490e-01 8.828654999999999489e-03 -2.263483000000000162e-02 -4.714974112570040177e+00 -9.107452000000000256e-03 9.998835000000000361e-01 -1.224375999999999937e-02 -2.421352514958157176e+00 2.252409999999999829e-02 1.244629000000000048e-02 9.996688000000000240e-01 3.811870919637538009e+02
9.997049000000000074e-01 8.689445999999999976e-03 -2.268546000000000104e-02 -4.714974112570040177e+00 -8.985540999999999667e-03 9.998753000000000224e-01 -1.298294000000000011e-02 -2.421352514958157176e+00 2.256982000000000085e-02 1.318295000000000057e-02 9.996583999999999470e-01 3.811870919637538009e+02
9.996909000000000489e-01 9.758370000000000585e-03 -2.286542000000000088e-02 -4.714974112570040177e+00 -1.008382000000000028e-02 9.998487999999999820e-01 -1.416134999999999963e-02 -2.421352514958157176e+00 2.272377999999999898e-02 1.438754000000000074e-02 9.996382999999999797e-01 3.811870919637538009e+02
9.996850999999999932e-01 9.563056000000000334e-03 -2.320037000000000141e-02 -4.714974112570040177e+00 -9.875840000000000313e-03 9.998614000000000113e-01 -1.340486999999999929e-02 -2.421352514958157176e+00 2.306895999999999947e-02 1.362976999999999939e-02 9.996410000000000018e-01 3.811870919637538009e+02
9.996755999999999975e-01 8.859608999999999193e-03 -2.387811000000000100e-02 -4.714974112570040177e+00 -9.116720999999999506e-03 9.999014000000000513e-01 -1.068034999999999991e-02 -2.421352514958157176e+00 2.378113999999999922e-02 1.089457999999999920e-02 9.996578000000000408e-01 3.811870919637538009e+02
9.996656000000000430e-01 9.103415999999999592e-03 -2.420488999999999974e-02 -4.714974112570040177e+00 -9.280078000000000632e-03 9.999310000000000143e-01 -7.196273999999999900e-03 -2.421352514958157176e+00 2.413772000000000140e-02 7.418489999999999807e-03 9.996810999999999892e-01 3.811870919637538009e+02
9.996515999999999735e-01 9.284323000000000575e-03 -2.470699999999999980e-02 -4.714974112570040177e+00 -9.400963000000000028e-03 9.999451999999999785e-01 -4.608863999999999843e-03 -2.421352514958157176e+00 2.466286000000000173e-02 4.839528000000000059e-03 9.996840999999999644e-01 3.811870919637538009e+02
9.996390000000000553e-01 9.218534000000000450e-03 -2.523676999999999865e-02 -4.714974112570040177e+00 -9.321934000000000470e-03 9.999485999999999652e-01 -3.982562000000000255e-03 -2.421352514958157176e+00 2.519876000000000060e-02 4.216379999999999607e-03 9.996736000000000510e-01 3.811870919637538009e+02
9.996342999999999757e-01 8.640359999999999707e-03 -2.562661999999999926e-02 -4.714974112570040177e+00 -8.785441999999999210e-03 9.999460000000000015e-01 -5.554151999999999700e-03 -2.421352514958157176e+00 2.557724999999999929e-02 5.777260999999999681e-03 9.996561999999999948e-01 3.811870919637538009e+02
9.996234999999999982e-01 8.853187000000000209e-03 -2.597288000000000027e-02 -4.714974112570040177e+00 -9.008679999999999813e-03 9.999420999999999449e-01 -5.875766000000000149e-03 -2.421352514958157176e+00 2.591935999999999893e-02 6.107534999999999874e-03 9.996454000000000173e-01 3.811870919637538009e+02
9.996112999999999804e-01 8.636783999999999781e-03 -2.650763000000000078e-02 -4.714974112570040177e+00 -8.772323000000000273e-03 9.999489999999999768e-01 -5.001109999999999584e-03 -2.421352514958157176e+00 2.646309000000000161e-02 5.231699999999999719e-03 9.996361000000000274e-01 3.811870919637538009e+02
9.995910999999999547e-01 8.601038999999999560e-03 -2.727063000000000056e-02 -4.714974112570040177e+00 -8.683288000000000811e-03 9.999580999999999609e-01 -2.898948000000000150e-03 -2.421352514958157176e+00 2.724456000000000100e-02 3.134561000000000118e-03 9.996239000000000097e-01 3.811870919637538009e+02
9.995743999999999740e-01 8.727969000000000352e-03 -2.783667000000000086e-02 -4.714974112570040177e+00 -8.747256999999999602e-03 9.999616000000000060e-01 -5.711172999999999944e-04 -2.421352514958157176e+00 2.783060999999999868e-02 8.143693000000000026e-04 9.996123000000000092e-01 3.811870919637538009e+02
9.995471999999999690e-01 1.021999999999999992e-02 -2.830096000000000001e-02 -4.714974112570040177e+00 -1.022405000000000015e-02 9.999476999999999949e-01 1.828267000000000075e-06 -2.421352514958157176e+00 2.829949999999999827e-02 2.875236999999999997e-04 9.995994999999999742e-01 3.811870919637538009e+02
9.995279000000000247e-01 1.094394999999999916e-02 -2.871053000000000147e-02 -4.714974112570040177e+00 -1.106491000000000072e-02 9.999305000000000554e-01 -4.057535999999999608e-03 -2.421352514958157176e+00 2.866412999999999947e-02 4.373300000000000104e-03 9.995794999999999542e-01 3.811870919637538009e+02
9.995085000000000219e-01 1.235171000000000012e-02 -2.881188999999999972e-02 -4.714974112570040177e+00 -1.260322000000000005e-02 9.998839000000000476e-01 -8.564026000000000624e-03 -2.421352514958157176e+00 2.870276999999999898e-02 8.922938999999999524e-03 9.995481999999999978e-01 3.811870919637538009e+02
9.994939999999999936e-01 1.312038999999999914e-02 -2.897767000000000051e-02 -4.714974112570040177e+00 -1.338944000000000072e-02 9.998688000000000020e-01 -9.110187999999999967e-03 -2.421352514958157176e+00 2.885435000000000083e-02 9.493570999999999260e-03 9.995386000000000548e-01 3.811870919637538009e+02
9.994988999999999679e-01 1.324263999999999997e-02 -2.875025999999999970e-02 -4.714974112570040177e+00 -1.343042000000000021e-02 9.998896000000000450e-01 -6.348081999999999683e-03 -2.421352514958157176e+00 2.866302000000000086e-02 6.731028000000000011e-03 9.995665000000000244e-01 3.811870919637538009e+02
9.994918999999999887e-01 1.417719999999999918e-02 -2.854922000000000015e-02 -4.714974112570040177e+00 -1.429880000000000040e-02 9.998894999999999866e-01 -4.059448999999999697e-03 -2.421352514958157176e+00 2.848851999999999982e-02 4.465605000000000095e-03 9.995842000000000338e-01 3.811870919637538009e+02
9.995220000000000216e-01 1.204172000000000055e-02 -2.847355999999999845e-02 -4.714974112570040177e+00 -1.212514999999999947e-02 9.999227000000000531e-01 -2.758982000000000101e-03 -2.421352514958157176e+00 2.843812999999999896e-02 3.102909000000000049e-03 9.995907000000000542e-01 3.811870919637538009e+02
9.995195000000000052e-01 1.300679000000000071e-02 -2.813587999999999853e-02 -4.714974112570040177e+00 -1.308055999999999976e-02 9.999114000000000058e-01 -2.439357000000000070e-03 -2.421352514958157176e+00 2.810166000000000053e-02 2.806218000000000080e-03 9.996011000000000202e-01 3.811870919637538009e+02
9.995570999999999762e-01 1.082089999999999962e-02 -2.772132000000000068e-02 -4.714974112570040177e+00 -1.097231000000000074e-02 9.999255999999999700e-01 -5.315486000000000343e-03 -2.421352514958157176e+00 2.766174000000000063e-02 5.617297999999999736e-03 9.996015999999999790e-01 3.811870919637538009e+02
9.995465000000000044e-01 1.194244000000000035e-02 -2.764414000000000107e-02 -4.714974112570040177e+00 -1.216294000000000056e-02 9.998953999999999898e-01 -7.821635999999999866e-03 -2.421352514958157176e+00 2.754784000000000052e-02 8.154322000000000306e-03 9.995872000000000090e-01 3.811870919637538009e+02
9.995597999999999983e-01 1.097807999999999944e-02 -2.756385999999999906e-02 -4.714974112570040177e+00 -1.125243000000000076e-02 9.998884999999999579e-01 -9.817640000000000741e-03 -2.421352514958157176e+00 2.745300999999999991e-02 1.012348000000000067e-02 9.995718000000000103e-01 3.811870919637538009e+02
9.995747000000000382e-01 9.582319000000000600e-03 -2.754407000000000036e-02 -4.714974112570040177e+00 -9.938400999999999486e-03 9.998683999999999905e-01 -1.281994000000000015e-02 -2.421352514958157176e+00 2.741760999999999851e-02 1.308822999999999931e-02 9.995384000000000491e-01 3.811870919637538009e+02
9.995931000000000122e-01 7.889461000000000390e-03 -2.741336999999999940e-02 -4.714974112570040177e+00 -8.313638999999999404e-03 9.998468999999999829e-01 -1.539394999999999999e-02 -2.421352514958157176e+00 2.728772000000000142e-02 1.561559000000000037e-02 9.995057000000000524e-01 3.811870919637538009e+02
9.996076000000000406e-01 6.482935999999999907e-03 -2.724986000000000075e-02 -4.714974112570040177e+00 -6.848565000000000035e-03 9.998875000000000401e-01 -1.334574000000000003e-02 -2.421352514958157176e+00 2.716027999999999845e-02 1.352712000000000012e-02 9.995395999999999725e-01 3.811870919637538009e+02
9.996159000000000017e-01 5.272755999999999971e-03 -2.720940000000000164e-02 -4.714974112570040177e+00 -5.472262999999999780e-03 9.999586000000000308e-01 -7.262987999999999736e-03 -2.421352514958157176e+00 2.716997999999999983e-02 7.409093999999999750e-03 9.996034000000000308e-01 3.811870919637538009e+02
9.996289000000000424e-01 4.177682000000000270e-03 -2.691984999999999864e-02 -4.714974112570040177e+00 -4.211061999999999791e-03 9.999903999999999460e-01 -1.183339000000000049e-03 -2.421352514958157176e+00 2.691464999999999830e-02 1.296260999999999941e-03 9.996369000000000504e-01 3.811870919637538009e+02
9.996382999999999797e-01 2.508970000000000124e-03 -2.677795999999999996e-02 -4.714974112570040177e+00 -2.506309999999999875e-03 9.999968000000000190e-01 1.329272000000000103e-04 -2.421352514958157176e+00 2.677821999999999841e-02 -6.576443000000000555e-05 9.996414000000000133e-01 3.811870919637538009e+02
9.996473000000000164e-01 -6.622684999999999900e-04 -2.654826000000000061e-02 -4.714974112570040177e+00 5.799434000000000013e-04 9.999949999999999672e-01 -3.108548000000000040e-03 -2.421352514958157176e+00 2.655019000000000129e-02 3.092056000000000145e-03 9.996426999999999952e-01 3.811870919637538009e+02
9.996452999999999589e-01 -2.548634000000000142e-03 -2.651045999999999958e-02 -4.714974112570040177e+00 2.379543000000000023e-03 9.999765999999999933e-01 -6.407902000000000042e-03 -2.421352514958157176e+00 2.652617000000000169e-02 6.342544999999999780e-03 9.996279999999999610e-01 3.811870919637538009e+02
9.996473000000000164e-01 -5.710144999999999587e-04 -2.655199000000000101e-02 -4.714974112570040177e+00 3.004753999999999997e-04 9.999479999999999480e-01 -1.019191000000000021e-02 -2.421352514958157176e+00 2.655642999999999893e-02 1.018032999999999959e-02 9.995954999999999702e-01 3.811870919637538009e+02
9.996481999999999868e-01 -1.301740999999999922e-03 -2.649102000000000054e-02 -4.714974112570040177e+00 9.079192999999999725e-04 9.998890000000000278e-01 -1.487284000000000002e-02 -2.421352514958157176e+00 2.650744000000000017e-02 1.484356000000000043e-02 9.995384000000000491e-01 3.811870919637538009e+02
9.996614000000000333e-01 1.995361000000000183e-03 -2.594344000000000164e-02 -4.714974112570040177e+00 -2.403038000000000136e-03 9.998740000000000405e-01 -1.569239000000000051e-02 -2.421352514958157176e+00 2.590885999999999884e-02 1.574942000000000009e-02 9.995401999999999898e-01 3.811870919637538009e+02
9.996658000000000488e-01 6.847932999999999625e-03 -2.492658000000000026e-02 -4.714974112570040177e+00 -7.147739000000000176e-03 9.999029000000000389e-01 -1.195832999999999965e-02 -2.421352514958157176e+00 2.484228000000000131e-02 1.213249999999999919e-02 9.996178000000000008e-01 3.811870919637538009e+02
9.996582000000000523e-01 8.312833999999999848e-03 -2.478541000000000077e-02 -4.714974112570040177e+00 -8.549643000000000867e-03 9.999185999999999908e-01 -9.463684999999999459e-03 -2.421352514958157176e+00 2.470473000000000113e-02 9.672356000000000009e-03 9.996479999999999810e-01 3.811870919637538009e+02
9.996599999999999930e-01 7.575555000000000309e-03 -2.494941000000000172e-02 -4.714974112570040177e+00 -7.807004999999999674e-03 9.999272000000000160e-01 -9.192407999999999135e-03 -2.421352514958157176e+00 2.487796000000000105e-02 9.384062000000000306e-03 9.996464999999999934e-01 3.811870919637538009e+02
9.996743000000000157e-01 6.096032999999999834e-03 -2.478355000000000141e-02 -4.714974112570040177e+00 -6.302831000000000058e-03 9.999459000000000541e-01 -8.274537000000000211e-03 -2.421352514958157176e+00 2.473177000000000014e-02 8.428046999999999275e-03 9.996585999999999528e-01 3.811870919637538009e+02
9.996732999999999869e-01 4.970249999999999842e-03 -2.507072999999999940e-02 -4.714974112570040177e+00 -5.144801000000000062e-03 9.999628999999999879e-01 -6.902634999999999847e-03 -2.421352514958157176e+00 2.503549999999999873e-02 7.029363000000000278e-03 9.996618999999999922e-01 3.811870919637538009e+02
9.996724000000000165e-01 3.394724000000000005e-03 -2.536872999999999906e-02 -4.714974112570040177e+00 -3.524390999999999982e-03 9.999808999999999504e-01 -5.068310999999999823e-03 -2.421352514958157176e+00 2.535103999999999830e-02 5.156059999999999637e-03 9.996652999999999789e-01 3.811870919637538009e+02
9.996574999999999767e-01 2.220552000000000203e-03 -2.607525999999999941e-02 -4.714974112570040177e+00 -2.302256999999999828e-03 9.999924999999999509e-01 -3.103834000000000194e-03 -2.421352514958157176e+00 2.606817000000000162e-02 3.162803999999999963e-03 9.996551999999999660e-01 3.811870919637538009e+02
9.996433000000000124e-01 1.479136999999999943e-03 -2.666622999999999910e-02 -4.714974112570040177e+00 -1.590559000000000070e-03 9.999900999999999929e-01 -4.157629999999999833e-03 -2.421352514958157176e+00 2.665980999999999906e-02 4.198560999999999960e-03 9.996357999999999633e-01 3.811870919637538009e+02
9.996291000000000482e-01 1.607273999999999899e-03 -2.718639000000000125e-02 -4.714974112570040177e+00 -1.826343999999999928e-03 9.999660000000000215e-01 -8.035149999999999584e-03 -2.421352514958157176e+00 2.717255999999999838e-02 8.081820999999999450e-03 9.995981000000000449e-01 3.811870919637538009e+02
9.996100999999999459e-01 2.133805999999999811e-03 -2.783909999999999857e-02 -4.714974112570040177e+00 -2.424650999999999890e-03 9.999428000000000205e-01 -1.041779999999999963e-02 -2.421352514958157176e+00 2.781528000000000125e-02 1.048122999999999937e-02 9.995581000000000049e-01 3.811870919637538009e+02
9.995891000000000082e-01 4.233091999999999931e-03 -2.834909999999999861e-02 -4.714974112570040177e+00 -4.483809000000000058e-03 9.999512999999999874e-01 -8.786135000000000472e-03 -2.421352514958157176e+00 2.831053000000000042e-02 8.909636000000000292e-03 9.995595000000000452e-01 3.811870919637538009e+02
9.995678000000000063e-01 5.278627999999999619e-03 -2.892128000000000060e-02 -4.714974112570040177e+00 -5.415869000000000238e-03 9.999744000000000410e-01 -4.669015000000000318e-03 -2.421352514958157176e+00 2.889589999999999867e-02 4.823631000000000099e-03 9.995707999999999815e-01 3.811870919637538009e+02
9.995410999999999602e-01 6.853246000000000338e-03 -2.950637000000000051e-02 -4.714974112570040177e+00 -6.869005000000000076e-03 9.999763000000000401e-01 -4.326932000000000130e-04 -2.421352514958157176e+00 2.950271000000000143e-02 6.351746999999999818e-04 9.995644999999999669e-01 3.811870919637538009e+02
9.995209000000000454e-01 7.994852000000000208e-03 -2.990164999999999837e-02 -4.714974112570040177e+00 -7.977962999999999374e-03 9.999679000000000206e-01 6.841463999999999792e-04 -2.421352514958157176e+00 2.990616999999999928e-02 -4.452634000000000236e-04 9.995526000000000133e-01 3.811870919637538009e+02
9.995060000000000056e-01 7.795792999999999646e-03 -3.044809000000000057e-02 -4.714974112570040177e+00 -7.848921000000000023e-03 9.999679000000000206e-01 -1.625703000000000044e-03 -2.421352514958157176e+00 3.043444000000000010e-02 1.863885000000000021e-03 9.995349999999999513e-01 3.811870919637538009e+02
9.994882000000000488e-01 7.555003000000000239e-03 -3.108411999999999981e-02 -4.714974112570040177e+00 -7.642022000000000051e-03 9.999671999999999450e-01 -2.681568000000000059e-03 -2.421352514958157176e+00 3.106284000000000128e-02 2.917741000000000171e-03 9.995131999999999906e-01 3.811870919637538009e+02
9.994752000000000081e-01 7.225518999999999692e-03 -3.157599999999999990e-02 -4.714974112570040177e+00 -7.306479000000000272e-03 9.999702999999999786e-01 -2.449279999999999860e-03 -2.421352514958157176e+00 3.155737000000000125e-02 2.678704999999999975e-03 9.994984000000000091e-01 3.811870919637538009e+02
9.994606999999999797e-01 5.955975999999999979e-03 -3.229184000000000221e-02 -4.714974112570040177e+00 -6.031652999999999668e-03 9.999793000000000154e-01 -2.246562000000000125e-03 -2.421352514958157176e+00 3.227779000000000065e-02 2.440124000000000112e-03 9.994760000000000311e-01 3.811870919637538009e+02
9.994471999999999801e-01 4.547047999999999715e-03 -3.293428000000000327e-02 -4.714974112570040177e+00 -4.572445999999999976e-03 9.999892999999999699e-01 -6.958513999999999628e-04 -2.421352514958157176e+00 3.293076999999999810e-02 8.460574999999999476e-04 9.994572999999999929e-01 3.811870919637538009e+02
9.994313999999999698e-01 4.756683999999999739e-03 -3.338167999999999691e-02 -4.714974112570040177e+00 -4.695592000000000169e-03 9.999871000000000176e-01 1.908273000000000044e-03 -2.421352514958157176e+00 3.339033000000000279e-02 -1.750440000000000025e-03 9.994408999999999654e-01 3.811870919637538009e+02
9.994018999999999542e-01 4.012761999999999579e-03 -3.434629000000000154e-02 -4.714974112570040177e+00 -3.902838000000000054e-03 9.999869999999999592e-01 3.266920999999999888e-03 -2.421352514958157176e+00 3.435896000000000089e-02 -3.130917999999999896e-03 9.994047000000000347e-01 3.811870919637538009e+02
9.993338000000000498e-01 2.999186000000000039e-03 -3.637303000000000064e-02 -4.714974112570040177e+00 -2.880713999999999931e-03 9.999903999999999460e-01 3.309115000000000060e-03 -2.421352514958157176e+00 3.638260000000000105e-02 -3.202127999999999832e-03 9.993328000000000211e-01 3.811870919637538009e+02
9.992113000000000245e-01 2.138299000000000189e-03 -3.965073000000000208e-02 -4.714974112570040177e+00 -2.031068000000000023e-03 9.999940999999999969e-01 2.744487999999999789e-03 -2.421352514958157176e+00 3.965637000000000328e-02 -2.661788999999999909e-03 9.992098000000000368e-01 3.811870919637538009e+02
9.990683999999999676e-01 2.186698999999999848e-03 -4.309936000000000322e-02 -4.714974112570040177e+00 -2.107826000000000144e-03 9.999959999999999960e-01 1.875411000000000005e-03 -2.421352514958157176e+00 4.310329000000000244e-02 -1.782816999999999909e-03 9.990689999999999849e-01 3.811870919637538009e+02
9.989306999999999492e-01 1.832805000000000068e-03 -4.619659999999999739e-02 -4.714974112570040177e+00 -1.755145000000000056e-03 9.999970000000000248e-01 1.721602999999999935e-03 -2.421352514958157176e+00 4.619961999999999680e-02 -1.638679000000000090e-03 9.989308999999999550e-01 3.811870919637538009e+02
9.987770999999999733e-01 2.904738999999999932e-03 -4.935412000000000132e-02 -4.714974112570040177e+00 -2.745233000000000135e-03 9.999907999999999575e-01 3.299345999999999876e-03 -2.421352514958157176e+00 4.936325999999999908e-02 -3.159822000000000065e-03 9.987759000000000498e-01 3.811870919637538009e+02
9.986194000000000459e-01 3.941519000000000099e-03 -5.238125999999999893e-02 -4.714974112570040177e+00 -3.724414000000000110e-03 9.999839999999999840e-01 4.241688999999999876e-03 -2.421352514958157176e+00 5.239715000000000344e-02 -4.040741999999999945e-03 9.986182000000000114e-01 3.811870919637538009e+02
9.984574000000000504e-01 4.910923000000000198e-03 -5.530497000000000191e-02 -4.714974112570040177e+00 -4.595720000000000187e-03 9.999723999999999835e-01 5.825129000000000071e-03 -2.421352514958157176e+00 5.533206000000000235e-02 -5.561975000000000252e-03 9.984524999999999650e-01 3.811870919637538009e+02
9.982946999999999793e-01 6.427526000000000246e-03 -5.802029999999999688e-02 -4.714974112570040177e+00 -6.047890000000000210e-03 9.999590999999999896e-01 6.716403999999999604e-03 -2.421352514958157176e+00 5.806109999999999743e-02 -6.354048000000000161e-03 9.982927999999999802e-01 3.811870919637538009e+02
9.981360000000000232e-01 8.546321000000000820e-03 -6.042825999999999753e-02 -4.714974112570040177e+00 -8.117173000000000097e-03 9.999400999999999984e-01 7.343722999999999917e-03 -2.421352514958157176e+00 6.048740999999999840e-02 -6.839524999999999945e-03 9.981455000000000188e-01 3.811870919637538009e+02
9.979504999999999626e-01 1.045330000000000044e-02 -6.313130999999999604e-02 -4.714974112570040177e+00 -1.006762999999999929e-02 9.999287000000000036e-01 6.424075999999999918e-03 -2.421352514958157176e+00 6.319395999999999347e-02 -5.775324000000000083e-03 9.979845999999999995e-01 3.811870919637538009e+02
9.977683000000000524e-01 1.184201000000000004e-02 -6.571357999999999366e-02 -4.714974112570040177e+00 -1.166771999999999948e-02 9.999272999999999634e-01 3.035421999999999860e-03 -2.421352514958157176e+00 6.574475000000000458e-02 -2.261918999999999822e-03 9.978339000000000514e-01 3.811870919637538009e+02
9.975716999999999501e-01 1.414368000000000049e-02 -6.819604999999999417e-02 -4.714974112570040177e+00 -1.423255000000000006e-02 9.998983999999999650e-01 -8.174607000000000184e-04 -2.421352514958157176e+00 6.817755999999999816e-02 1.786080000000000003e-03 9.976715999999999918e-01 3.811870919637538009e+02
9.973874000000000350e-01 1.616253999999999955e-02 -7.040770999999999835e-02 -4.714974112570040177e+00 -1.644916999999999907e-02 9.998586000000000418e-01 -3.493045000000000178e-03 -2.421352514958157176e+00 7.034131000000000411e-02 4.642066999999999721e-03 9.975121999999999600e-01 3.811870919637538009e+02
9.972885999999999695e-01 1.777342000000000158e-02 -7.141100000000000225e-02 -4.714974112570040177e+00 -1.815494999999999956e-02 9.998240999999999934e-01 -4.697177999999999770e-03 -2.421352514958157176e+00 7.131495999999999669e-02 5.980904999999999902e-03 9.974359000000000419e-01 3.811870919637538009e+02
9.972982999999999709e-01 2.031184999999999935e-02 -7.059445000000000303e-02 -4.714974112570040177e+00 -2.065598999999999907e-02 9.997779999999999445e-01 -4.148050000000000348e-03 -2.421352514958157176e+00 7.049452999999999969e-02 5.595041000000000250e-03 9.974965000000000082e-01 3.811870919637538009e+02
9.974081999999999670e-01 2.401071000000000108e-02 -6.782547999999999355e-02 -4.714974112570040177e+00 -2.423147999999999969e-02 9.997034000000000198e-01 -2.434004000000000029e-03 -2.421352514958157176e+00 6.774692999999999687e-02 4.071207999999999771e-03 9.976941999999999755e-01 3.811870919637538009e+02
9.976861000000000201e-01 2.685736000000000026e-02 -6.245977999999999947e-02 -4.714974112570040177e+00 -2.695919999999999914e-02 9.996361999999999748e-01 -7.880320999999999593e-04 -2.421352514958157176e+00 6.241590000000000332e-02 2.470074999999999962e-03 9.980472000000000232e-01 3.811870919637538009e+02
9.980864999999999876e-01 2.769473999999999894e-02 -5.528438000000000102e-02 -4.714974112570040177e+00 -2.768286999999999831e-02 9.996161999999999548e-01 9.807221000000000948e-04 -2.421352514958157176e+00 5.529032999999999864e-02 5.515859000000000343e-04 9.984701999999999744e-01 3.811870919637538009e+02
9.985724000000000267e-01 2.754333999999999949e-02 -4.576697999999999877e-02 -4.714974112570040177e+00 -2.741437000000000040e-02 9.996182000000000123e-01 3.443626999999999886e-03 -2.421352514958157176e+00 4.584436000000000067e-02 -2.184036999999999784e-03 9.989462000000000064e-01 3.811870919637538009e+02
9.990499999999999936e-01 2.711620000000000003e-02 -3.411623999999999907e-02 -4.714974112570040177e+00 -2.696658999999999862e-02 9.996245999999999743e-01 4.838231999999999602e-03 -2.421352514958157176e+00 3.423463000000000200e-02 -3.913635000000000377e-03 9.994062000000000223e-01 3.811870919637538009e+02
9.994364999999999499e-01 2.634999000000000022e-02 -2.079597000000000043e-02 -4.714974112570040177e+00 -2.625239000000000045e-02 9.996431000000000067e-01 4.952734000000000303e-03 -2.421352514958157176e+00 2.091905000000000153e-02 -4.403998000000000114e-03 9.997715000000000352e-01 3.811870919637538009e+02
9.996431000000000067e-01 2.606407000000000168e-02 -5.856807999999999806e-03 -4.714974112570040177e+00 -2.603946999999999859e-02 9.996519000000000377e-01 4.238673000000000093e-03 -2.421352514958157176e+00 5.965246999999999911e-03 -4.084650999999999907e-03 9.999738999999999711e-01 3.811870919637538009e+02
9.996253999999999973e-01 2.465666000000000038e-02 1.187615000000000025e-02 -4.714974112570040177e+00 -2.467518000000000142e-02 9.996945000000000414e-01 1.414920000000000067e-03 -2.421352514958157176e+00 -1.183763000000000003e-02 -1.707434999999999986e-03 9.999284999999999979e-01 3.811870919637538009e+02
9.991757000000000000e-01 2.397217000000000098e-02 3.276205000000000089e-02 -4.714974112570040177e+00 -2.388296000000000169e-02 9.997099000000000402e-01 -3.111872999999999809e-03 -2.421352514958157176e+00 -3.282713999999999771e-02 2.326852999999999821e-03 9.994583000000000217e-01 3.811870919637538009e+02
9.981465999999999950e-01 2.187541999999999959e-02 5.678844999999999726e-02 -4.714974112570040177e+00 -2.145346000000000058e-02 9.997376000000000040e-01 -8.029550999999999356e-03 -2.421352514958157176e+00 -5.694919999999999843e-02 6.796359000000000081e-03 9.983539999999999637e-01 3.811870919637538009e+02
9.962910000000000377e-01 1.953500999999999849e-02 8.380147000000000290e-02 -4.714974112570040177e+00 -1.869540999999999911e-02 9.997669999999999613e-01 -1.079204999999999921e-02 -2.421352514958157176e+00 -8.399276999999999438e-02 9.185320000000000290e-03 9.964239999999999764e-01 3.811870919637538009e+02
9.934053999999999940e-01 1.685321999999999862e-02 1.134095999999999993e-01 -4.714974112570040177e+00 -1.558580000000000035e-02 9.998059000000000252e-01 -1.205311000000000056e-02 -2.421352514958157176e+00 -1.135907000000000028e-01 1.020603999999999956e-02 9.934752000000000027e-01 3.811870919637538009e+02
9.892474999999999463e-01 1.437844999999999922e-02 1.455423000000000133e-01 -4.714974112570040177e+00 -1.252083000000000015e-02 9.998280999999999974e-01 -1.367149999999999962e-02 -2.421352514958157176e+00 -1.457139000000000073e-01 1.170217999999999953e-02 9.892575999999999592e-01 3.811870919637538009e+02
9.834416000000000269e-01 1.169323000000000064e-02 1.808479000000000059e-01 -4.714974112570040177e+00 -9.043004999999999793e-03 9.998394000000000448e-01 -1.547205999999999929e-02 -2.421352514958157176e+00 -1.809997999999999885e-01 1.358045000000000085e-02 9.833893999999999691e-01 3.811870919637538009e+02
9.756820999999999966e-01 8.224854000000000193e-03 2.190361000000000113e-01 -4.714974112570040177e+00 -4.860503999999999866e-03 9.998618000000000228e-01 -1.589424000000000045e-02 -2.421352514958157176e+00 -2.191365999999999870e-01 1.444310000000000038e-02 9.755873000000000461e-01 3.811870919637538009e+02
9.659041999999999906e-01 5.639535999999999681e-03 2.588384000000000240e-01 -4.714974112570040177e+00 -1.392872000000000077e-03 9.998614000000000113e-01 -1.658708000000000057e-02 -2.421352514958157176e+00 -2.588961000000000179e-01 1.566100000000000131e-02 9.657782000000000311e-01 3.811870919637538009e+02
9.538763000000000103e-01 5.989150999999999850e-03 3.001401000000000208e-01 -4.714974112570040177e+00 -7.529465999999999850e-04 9.998455000000000537e-01 -1.755850000000000119e-02 -2.421352514958157176e+00 -3.001988999999999908e-01 1.652264000000000163e-02 9.537335000000000118e-01 3.811870919637538009e+02
9.389077999999999591e-01 8.082927000000000167e-03 3.440737999999999852e-01 -4.714974112570040177e+00 -2.030352999999999932e-03 9.998367999999999700e-01 -1.794758999999999938e-02 -2.421352514958157176e+00 -3.441627999999999910e-01 1.615253999999999995e-02 9.387710999999999695e-01 3.811870919637538009e+02
9.213635999999999493e-01 7.841690999999999592e-03 3.886226999999999876e-01 -4.714974112570040177e+00 -1.344340999999999982e-03 9.998548000000000435e-01 -1.698801000000000130e-02 -2.421352514958157176e+00 -3.886994999999999756e-01 1.512968999999999946e-02 9.212403999999999593e-01 3.811870919637538009e+02
9.015119999999999800e-01 6.907629999999999673e-03 4.326990000000000003e-01 -4.714974112570040177e+00 -1.279665999999999887e-04 9.998768000000000100e-01 -1.569548000000000124e-02 -2.421352514958157176e+00 -4.327541999999999778e-01 1.409428000000000070e-02 9.014018000000000308e-01 3.811870919637538009e+02
8.787762000000000073e-01 5.396942000000000059e-03 4.772036000000000056e-01 -4.714974112570040177e+00 2.468528000000000215e-03 9.998711999999999600e-01 -1.585388999999999896e-02 -2.421352514958157176e+00 -4.772277999999999798e-01 1.511000000000000017e-02 8.786496999999999780e-01 3.811870919637538009e+02
8.539851000000000525e-01 5.486594000000000020e-03 5.202685000000000226e-01 -4.714974112570040177e+00 4.312302999999999970e-03 9.998354000000000408e-01 -1.762230999999999867e-02 -2.421352514958157176e+00 -5.202795999999999532e-01 1.729274000000000089e-02 8.538208999999999937e-01 3.811870919637538009e+02
