1.000000000000000000e+00 0.000000000000000000e+00 0.000000000000000000e+00 -2.010944325399574595e+01 0.000000000000000000e+00 1.000000000000000000e+00 0.000000000000000000e+00 -4.920063257881248830e+01 0.000000000000000000e+00 0.000000000000000000e+00 1.000000000000000000e+00 2.867527420046087059e+02
9.999969270358295415e-01 1.109451127824310828e-03 2.216988293355022597e-03 -2.010944325399574595e+01 -1.109963745592867446e-03 9.999993575387529088e-01 2.300055758613470829e-04 -4.920063257881248830e+01 -2.216731689080413386e-03 -2.324656456924813121e-04 9.999975160270860863e-01 2.867527420046087059e+02
9.999999872068877638e-01 1.374923555185321119e-04 8.174397037133086178e-05 -2.010944325399574595e+01 -1.373950037570260843e-04 9.999992828081967211e-01 -1.189750270061961995e-03 -4.920063257881248830e+01 -8.190749331233558854e-05 1.189739023628236941e-03 9.999992889058563206e-01 2.867527420046087059e+02
9.999971374096215948e-01 -2.323721269542147663e-03 -5.705190830588166779e-04 -2.010944325399574595e+01 2.321291549563117736e-03 9.999883882758129339e-01 -4.223140902663862287e-03 -4.920063257881248830e+01 5.803258606883736782e-04 4.221804472414977805e-03 9.999909197532207417e-01 2.867527420046087059e+02
9.999975628735897626e-01 -2.165763525651417595e-03 -4.286201489252879538e-04 -2.010944325399574595e+01 2.164474646412545018e-03 9.999932023810871318e-01 -2.985002700649555789e-03 -4.920063257881248830e+01 4.350820453018944441e-04 2.984067688375348446e-03 9.999954530114850693e-01 2.867527420046087059e+02
9.999994065071263760e-01 -1.079785820689808419e-03 1.450792084550759796e-04 -2.010944325399574595e+01 1.080313778667335535e-03 9.999926095369832124e-01 -3.689687460200729609e-03 -4.920063257881248830e+01 -1.410940640502502666e-04 3.689842001465407258e-03 9.999931825559960075e-01 2.867527420046087059e+02
9.999991069811131617e-01 -5.754225756993535529e-04 1.206203065701812573e-03 -2.010944325399574595e+01 5.806745590490107424e-04 9.999903338564084532e-01 -4.358326606053986550e-03 -4.920063257881248830e+01 -1.203683526848385111e-03 4.359023125419312153e-03 9.999897749794042223e-01 2.867527420046087059e+02
9.999995204154087380e-01 -3.164809687640885946e-04 9.268272487260438520e-04 -2.010944325399574595e+01 3.190889122767682660e-04 9.999959868434248333e-01 -2.815045170307371898e-03 -4.920063257881248830e+01 -9.259326210005638762e-04 2.815339560553749287e-03 9.999956082463264950e-01 2.867527420046087059e+02
9.999997365829774720e-01 -3.252244089957106868e-05 -7.251043141800014207e-04 -2.010944325399574595e+01 3.068960080438321719e-05 9.999968052455264766e-01 -2.527559472886902348e-03 -4.920063257881248830e+01 7.251842000533260382e-04 2.527536553922768263e-03 9.999965428274464330e-01 2.867527420046087059e+02
9.999877484969036390e-01 -1.500900346841870219e-03 -4.717006915620145825e-03 -2.010944325399574595e+01 1.478544809985834520e-03 9.999876765510714582e-01 -4.739266951157837179e-03 -4.920063257881248830e+01 4.724061953237093311e-03 4.732234581920354011e-03 9.999776443473744614e-01 2.867527420046087059e+02
9.999756479600580006e-01 -9.021950167362222757e-04 -6.920226225612278667e-03 -2.010944325399574595e+01 8.631850161720791212e-04 9.999837337118534508e-01 -5.638015903529953674e-03 -4.920063257881248830e+01 6.925200249070896999e-03 5.631905170755008641e-03 9.999601608292494337e-01 2.867527420046087059e+02
9.999582841280973966e-01 -5.736993090986126963e-04 -9.115968006409642249e-03 -2.010944325399574595e+01 5.230283440166200214e-04 9.999844068749920156e-01 -5.559896421829449778e-03 -4.920063257881248830e+01 9.119015568716810904e-03 5.554896576252024536e-03 9.999429917145702396e-01 2.867527420046087059e+02
9.999469710295221248e-01 1.218616516959101668e-03 -1.022595240887274638e-02 -2.010944325399574595e+01 -1.271717985010542215e-03 9.999857340120682503e-01 -5.187919208234306571e-03 -4.920063257881248830e+01 1.021948444152328585e-02 5.200648625811997265e-03 9.999342555346431016e-01 2.867527420046087059e+02
9.999350114181470017e-01 1.435831681887588971e-03 -1.130978901534283355e-02 -2.010944325399574595e+01 -1.495561897753655556e-03 9.999849708375576629e-01 -5.274598905949256719e-03 -4.920063257881248830e+01 1.130204560246812068e-02 5.291170606769495313e-03 9.999221306075840587e-01 2.867527420046087059e+02
9.999197387459854980e-01 1.481531490858527126e-03 -1.258257249539401421e-02 -2.010944325399574595e+01 -1.541399773077241917e-03 9.999875322937628042e-01 -4.749667753654928347e-03 -4.920063257881248830e+01 1.257537883722827793e-02 4.768681313753997050e-03 9.999095556727262135e-01 2.867527420046087059e+02
9.998998114640197388e-01 1.497171086590198819e-03 -1.407570648157710491e-02 -2.010944325399574595e+01 -1.561027751971845890e-03 9.999885357243695205e-01 -4.526766195497911038e-03 -4.920063257881248830e+01 1.406876777033465309e-02 4.548285233866412348e-03 9.998906854625941865e-01 2.867527420046087059e+02
9.998816538296002587e-01 1.842490816726292295e-03 -1.527362309911396016e-02 -2.010944325399574595e+01 -1.931272251140882332e-03 9.999813148094111037e-01 -5.800018925232934205e-03 -4.920063257881248830e+01 1.526265122694879343e-02 5.828830039670591587e-03 9.998665292017199224e-01 2.867527420046087059e+02
9.998048753945668610e-01 2.440460338486335513e-03 -1.960243073169446945e-02 -2.010944325399574595e+01 -2.570887853902010297e-03 9.999747085561451199e-01 -6.631197757175409310e-03 -4.920063257881248830e+01 1.958575178279515702e-02 6.680299498404563066e-03 9.997858630355377363e-01 2.867527420046087059e+02
9.997772570474734444e-01 4.181202807028837169e-03 -2.068704506972185442e-02 -2.010944325399574595e+01 -4.295724098573806132e-03 9.999756780041569870e-01 -5.494556815157083593e-03 -4.920063257881248830e+01 2.066356806311875349e-02 5.582198779383540366e-03 9.997709017628433337e-01 2.867527420046087059e+02
9.997572978662540022e-01 4.545114188356998673e-03 -2.155660688004480685e-02 -2.010944325399574595e+01 -4.670271335727149351e-03 9.999725097664936557e-01 -5.759190650596841994e-03 -4.920063257881248830e+01 2.152983810474859427e-02 5.858468085944707436e-03 9.997510412211981778e-01 2.867527420046087059e+02
9.997316006763068419e-01 5.003358571039260433e-03 -2.262063244471110290e-02 -2.010944325399574595e+01 -5.149111050370313442e-03 9.999663286627833436e-01 -6.389694520453852340e-03 -4.920063257881248830e+01 2.258790084492277514e-02 6.504455679253387176e-03 9.997237012253621380e-01 2.867527420046087059e+02
9.997082159783899913e-01 5.750377572677081196e-03 -2.346094761675281831e-02 -2.010944325399574595e+01 -5.884566520812111248e-03 9.999666978558786612e-01 -5.654649067035073980e-03 -4.920063257881248830e+01 2.342764994971762924e-02 5.791056637681575234e-03 9.997087620306491784e-01 2.867527420046087059e+02
9.996922019105498602e-01 4.544894110573612610e-03 -2.438945216193790996e-02 -2.010944325399574595e+01 -4.646513474432488640e-03 9.999807526526036661e-01 -4.111476238943772947e-03 -4.920063257881248830e+01 2.437029650553521054e-02 4.223536652517082858e-03 9.996940783991759005e-01 2.867527420046087059e+02
9.996726774117284942e-01 5.139327908498670348e-03 -2.506242895480186375e-02 -2.010944325399574595e+01 -5.243628396733848208e-03 9.999778564252315149e-01 -4.097684765248866753e-03 -4.920063257881248830e+01 2.504081463735815735e-02 4.227761564624113975e-03 9.996774898108142793e-01 2.867527420046087059e+02
9.996610592358831093e-01 4.981998071527105054e-03 -2.555281476876646030e-02 -2.010944325399574595e+01 -5.118803117183042678e-03 9.999729001546751039e-01 -5.291201271432658185e-03 -4.920063257881248830e+01 2.552576153690828270e-02 5.420207695521791005e-03 9.996594704430599165e-01 2.867527420046087059e+02
9.996412285599888259e-01 5.153924854422225511e-03 -2.628404880665758184e-02 -2.010944325399574595e+01 -5.317176048187506783e-03 9.999669831758838390e-01 -6.144932627243979498e-03 -4.920063257881248830e+01 2.625151046984477987e-02 6.282484915680687163e-03 9.996356279071573203e-01 2.867527420046087059e+02
9.996152268820015507e-01 6.553770328501721913e-03 -2.695266740278651554e-02 -2.010944325399574595e+01 -6.711869639823436068e-03 9.999607731289881229e-01 -5.779533650165169859e-03 -4.920063257881248830e+01 2.691373239782986204e-02 5.958212631035046322e-03 9.996200031565305455e-01 2.867527420046087059e+02
9.996000170585165323e-01 5.843984430334142437e-03 -2.767044890475638119e-02 -2.010944325399574595e+01 -5.995705752042389779e-03 9.999674270564662404e-01 -5.403363638037447098e-03 -4.920063257881248830e+01 2.763797042381453684e-02 5.567106254415449262e-03 9.996024959546695454e-01 2.867527420046087059e+02
9.995930080959032349e-01 6.084328029728424542e-03 -2.787111619955929404e-02 -2.010944325399574595e+01 -6.237370028963119123e-03 9.999659269469501899e-01 -5.407417151242749527e-03 -4.920063257881248830e+01 2.783726604579673386e-02 5.579058841097005866e-03 9.995968991156104488e-01 2.867527420046087059e+02
9.995636182918493651e-01 5.764284740848567117e-03 -2.897146887425218129e-02 -2.010944325399574595e+01 -5.938873508064670091e-03 9.999646998854490043e-01 -5.943800506257953913e-03 -4.920063257881248830e+01 2.893618441952134496e-02 6.113264629427149488e-03 9.995625669395642454e-01 2.867527420046087059e+02
9.995511606636222623e-01 5.585658929379106949e-03 -2.943259469244207879e-02 -2.010944325399574595e+01 -5.809915365467257717e-03 9.999547007442408653e-01 -7.539319792981346441e-03 -4.920063257881248830e+01 2.938914934888434832e-02 7.706936733837919419e-03 9.995383339455923277e-01 2.867527420046087059e+02
9.995134673997717600e-01 5.880763944577661537e-03 -3.063078683143385939e-02 -2.010944325399574595e+01 -6.062033207822539217e-03 9.999646402517805566e-01 -5.828378806606893635e-03 -4.920063257881248830e+01 3.059542841458251158e-02 6.011227957264891550e-03 9.995137742415433069e-01 2.867527420046087059e+02
9.995087101031463472e-01 6.675772944490390368e-03 -3.062307109905001296e-02 -2.010944325399574595e+01 -6.827560906697959647e-03 9.999649072015074358e-01 -4.854768536696157759e-03 -4.920063257881248830e+01 3.058958711733768265e-02 5.061464321041427711e-03 9.995192137917702224e-01 2.867527420046087059e+02
9.995005417620876909e-01 7.534035793423696226e-03 -3.069047607900341965e-02 -2.010944325399574595e+01 -7.660268116747835816e-03 9.999626691319296601e-01 -3.997578632831578702e-03 -4.920063257881248830e+01 3.065921247638312905e-02 4.230679284647517573e-03 9.995209422734069316e-01 2.867527420046087059e+02
9.995023544449105346e-01 8.466113978911367702e-03 -3.038697703253541091e-02 -2.010944325399574595e+01 -8.613009682807485495e-03 9.999518311500787959e-01 -4.706532036143674241e-03 -4.920063257881248830e+01 3.034566729013579017e-02 4.965913178808484263e-03 9.995271282876807550e-01 2.867527420046087059e+02
9.995029882502489693e-01 1.037037540851454970e-02 -2.976964549181781300e-02 -2.010944325399574595e+01 -1.052255834288743502e-02 9.999323352324464009e-01 -4.959911542146828306e-03 -4.920063257881248830e+01 2.971619499099038483e-02 5.270699239367390709e-03 9.995444799931549884e-01 2.867527420046087059e+02
9.994843452749978541e-01 1.385402348491751416e-02 -2.896738827522463838e-02 -2.010944325399574595e+01 -1.394367235040763764e-02 9.998985910386787301e-01 -2.895106258585381127e-03 -4.920063257881248830e+01 2.892434185236970184e-02 3.297525154320538054e-03 9.995761645698966191e-01 2.867527420046087059e+02
9.995196341411840546e-01 1.388607126602512364e-02 -2.770700256375202911e-02 -2.010944325399574595e+01 -1.391190241355345046e-02 9.999029511689196958e-01 -7.397397648908716691e-04 -4.920063257881248830e+01 2.769404155244690677e-02 1.124841535002412719e-03 9.996158135974108072e-01 2.867527420046087059e+02
9.995577479781905250e-01 1.484102191659525567e-02 -2.576921662057975182e-02 -2.010944325399574595e+01 -1.479322453939783781e-02 9.998884840825635889e-01 2.044482036844285245e-03 -4.920063257881248830e+01 2.579668514546359925e-02 -1.662368052857307512e-03 9.996658279485018950e-01 2.867527420046087059e+02
9.995807100963094438e-01 1.632017715172534578e-02 -2.391768845631342746e-02 -2.010944325399574595e+01 -1.619631175540786963e-02 9.998544459522096250e-01 5.363431282364998672e-03 -4.920063257881248830e+01 2.400173928861414410e-02 -4.973804111071978944e-03 9.996995437549159869e-01 2.867527420046087059e+02
9.996182540119298299e-01 1.630748858620952382e-02 -2.230273665160120364e-02 -2.010944325399574595e+01 -1.617771026908105397e-02 9.998512073757438445e-01 5.987052673578309968e-03 -4.920063257881248830e+01 2.239705196202615087e-02 -5.623959928482573367e-03 9.997333360142264258e-01 2.867527420046087059e+02
9.996996485115829945e-01 1.441910184764383027e-02 -1.981671687550475361e-02 -2.010944325399574595e+01 -1.432388269916223290e-02 9.998852118764849362e-01 4.938568126151569176e-03 -4.920063257881248830e+01 1.988565186855291086e-02 -4.653232491856977224e-03 9.997914323883458909e-01 2.867527420046087059e+02
9.997185327755260253e-01 1.470071117812818927e-02 -1.862107182753360707e-02 -2.010944325399574595e+01 -1.465507437302325869e-02 9.998892673750359172e-01 2.584914569976600428e-03 -4.920063257881248830e+01 1.865700994988388206e-02 -2.311293808709160690e-03 9.998232713338196520e-01 2.867527420046087059e+02
9.997521215102763703e-01 1.545052106987495309e-02 -1.603050012851892428e-02 -2.010944325399574595e+01 -1.541932568964812442e-02 9.998789770065170668e-01 2.067785210370312252e-03 -4.920063257881248830e+01 1.606050842836716924e-02 -1.820093148445700451e-03 9.998693651322427822e-01 2.867527420046087059e+02
9.997521215102763703e-01 1.545052106987495309e-02 -1.603050012851892428e-02 -2.010944325399574595e+01 -1.541932568964812442e-02 9.998789770065170668e-01 2.067785210370312252e-03 -4.920063257881248830e+01 1.606050842836716924e-02 -1.820093148445700451e-03 9.998693651322427822e-01 2.867527420046087059e+02
9.996445688494772774e-01 1.727164674496180913e-02 -2.030827881578369312e-02 -2.010944325399574595e+01 -1.723903754188835930e-02 9.998498128594874856e-01 1.779693646721794767e-03 -4.920063257881248830e+01 2.033596701344007537e-02 -1.428965907244918220e-03 9.997921816568007269e-01 2.867527420046087059e+02
9.996050533767071311e-01 1.702362647458459388e-02 -2.235919062497755336e-02 -2.010944325399574595e+01 -1.701231688395127631e-02 9.998550378604024180e-01 6.959449778194304499e-04 -4.920063257881248830e+01 2.236779689621417114e-02 -3.152884805196401311e-04 9.997497598175179023e-01 2.867527420046087059e+02
9.995740824538993374e-01 1.680578512625910403e-02 -2.385831663665760258e-02 -2.010944325399574595e+01 -1.679127009684557720e-02 9.998586897209236213e-01 8.086025546815548727e-04 -4.920063257881248830e+01 2.386853441206193346e-02 -4.076467179634996399e-04 9.997150228385959236e-01 2.867527420046087059e+02
9.995471310419552502e-01 1.626890856847374583e-02 -2.531512274879985785e-02 -2.010944325399574595e+01 -1.627128176798802936e-02 9.998676076306589611e-01 1.122522526264735956e-04 -4.920063257881248830e+01 2.531359744135359621e-02 2.997080781711494962e-04 9.996795146243849794e-01 2.867527420046087059e+02
9.995104614540425425e-01 1.695060998205093900e-02 -2.629665882128501275e-02 -2.010944325399574595e+01 -1.694617226777852398e-02 9.998563266205409139e-01 3.916150509426623576e-04 -4.920063257881248830e+01 2.629951880543533044e-02 5.420437017245680614e-05 9.996541063650414838e-01 2.867527420046087059e+02
9.994840971117251449e-01 1.627721610412741909e-02 -2.768739526678062890e-02 -2.010944325399574595e+01 -1.631942794673860511e-02 9.998659850767724899e-01 -1.299291324387448921e-03 -4.920063257881248830e+01 2.766253589696033438e-02 1.750463468329595436e-03 9.996157861825694102e-01 2.867527420046087059e+02
9.995277900239075697e-01 1.549028534091435524e-02 -2.653767190204149237e-02 -2.010944325399574595e+01 -1.555432144675514793e-02 9.998765856502502825e-01 -2.208291812159804933e-03 -4.920063257881248830e+01 2.650018970223349396e-02 2.620024513948865114e-03 9.996453748291405095e-01 2.867527420046087059e+02
9.995375929450890373e-01 1.398628267473412019e-02 -2.699970715545045585e-02 -2.010944325399574595e+01 -1.408948773184883450e-02 9.998941273410315578e-01 -3.635992900147306302e-03 -4.920063257881248830e+01 2.694599460015777853e-02 4.014723634108910769e-03 9.996288288005458211e-01 2.867527420046087059e+02
9.995212554905819058e-01 1.428663357635469484e-02 -2.744361353003696088e-02 -2.010944325399574595e+01 -1.435756598081767803e-02 9.998940700611744781e-01 -2.389342086093919782e-03 -4.920063257881248830e+01 2.740657077486200952e-02 2.782221693698656764e-03 9.996204975493502287e-01 2.867527420046087059e+02
9.995228147783697947e-01 1.405771672328373634e-02 -2.750496933378966322e-02 -2.010944325399574595e+01 -1.408727752021864815e-02 9.999003810363231715e-01 -8.812578980448743408e-04 -4.920063257881248830e+01 2.748984084335781911e-02 1.268307510989692384e-03 9.996212783081727116e-01 2.867527420046087059e+02
9.995054786598286389e-01 1.501004488534613511e-02 -2.763144371050732170e-02 -2.010944325399574595e+01 -1.511442288033874176e-02 9.998793883755808798e-01 -3.572523291375445231e-03 -4.920063257881248830e+01 2.757448730223888492e-02 3.988389927404492781e-03 9.996117948462825975e-01 2.867527420046087059e+02
9.994680675446653284e-01 1.634870507619093014e-02 -2.821881997647098655e-02 -2.010944325399574595e+01 -1.651280617438148982e-02 9.998480163401040066e-01 -5.592088429684680465e-03 -4.920063257881248830e+01 2.812310777243613724e-02 6.055085721097063986e-03 9.995861277279367574e-01 2.867527420046087059e+02
9.994216649480741621e-01 1.872313118750137603e-02 -2.838626412466917215e-02 -2.010944325399574595e+01 -1.889889627623957125e-02 9.998037768362734168e-01 -5.936290378872073788e-03 -4.920063257881248830e+01 2.826954813858554086e-02 6.469326275429628827e-03 9.995794017813608434e-01 2.867527420046087059e+02
9.993401486314384963e-01 2.035853788228631986e-02 -3.007984821422124422e-02 -2.010944325399574595e+01 -2.054420687284795946e-02 9.997716756781195313e-01 -5.876399895310516729e-03 -4.920063257881248830e+01 2.995334534339533922e-02 6.490488969214211479e-03 9.995302249835573694e-01 2.867527420046087059e+02
9.992525560811670315e-01 2.206120204529949877e-02 -3.174322808995989204e-02 -2.010944325399574595e+01 -2.227007381297683997e-02 9.997325075791188009e-01 -6.241562459085843104e-03 -4.920063257881248830e+01 3.159704064654329098e-02 6.943821273807351986e-03 9.994765681938216906e-01 2.867527420046087059e+02
9.992736309706380382e-01 2.231984314422148438e-02 -3.088745779074872008e-02 -2.010944325399574595e+01 -2.252523886207956350e-02 9.997263116505863412e-01 -6.317864173898505263e-03 -4.920063257881248830e+01 3.073799051604049135e-02 7.009022437609886864e-03 9.995029012181535499e-01 2.867527420046087059e+02
9.992821043066422160e-01 2.514707244089896265e-02 -2.833550352723794574e-02 -2.010944325399574595e+01 -2.531933957115830441e-02 9.996629510234115168e-01 -5.737193986923334529e-03 -4.920063257881248830e+01 2.818167944197633168e-02 6.450511515794057557e-03 9.995820045624147498e-01 2.867527420046087059e+02
9.993781590745529630e-01 2.407948347988454751e-02 -2.575798206576920130e-02 -2.010944325399574595e+01 -2.428989780326576420e-02 9.996738416766866031e-01 -7.887403380105158582e-03 -4.920063257881248830e+01 2.555965628613627791e-02 8.508157421883785418e-03 9.996370917627156460e-01 2.867527420046087059e+02
9.994819460617409002e-01 2.255683975759505827e-02 -2.295710079227055236e-02 -2.010944325399574595e+01 -2.286140431676233348e-02 9.996529200374230095e-01 -1.309181627267691495e-02 -4.920063257881248830e+01 2.265382284078806124e-02 1.360986556885064418e-02 9.996507269391129435e-01 2.867527420046087059e+02
9.994922092193689878e-01 2.490861197935742913e-02 -1.987170750207132089e-02 -2.010944325399574595e+01 -2.518804794906431832e-02 9.995855635008179529e-01 -1.393784349410140226e-02 -4.920063257881248830e+01 1.951629960575782669e-02 1.443129550706516440e-02 9.997053824801019895e-01 2.867527420046087059e+02
9.995456419931939562e-01 2.492735603305771055e-02 -1.694510234893214021e-02 -2.010944325399574595e+01 -2.511034364423395462e-02 9.996277072105713701e-01 -1.067321971117034599e-02 -4.920063257881248830e+01 1.667273866175212477e-02 1.109386759140457493e-02 9.997994528341082043e-01 2.867527420046087059e+02
9.995733958531208829e-01 2.590697642994226405e-02 -1.348535779722709500e-02 -2.010944325399574595e+01 -2.603320635851468987e-02 9.996180905834581853e-01 -9.270660438962212077e-03 -4.920063257881248830e+01 1.324003283061671483e-02 9.617772639128259124e-03 9.998660910242466171e-01 2.867527420046087059e+02
9.996034793128951712e-01 2.649489754070344025e-02 -9.534387755002440845e-03 -2.010944325399574595e+01 -2.660068364505885352e-02 9.995840106837526884e-01 -1.114491879724703767e-02 -4.920063257881248830e+01 9.235138069926887572e-03 1.139412083880796296e-02 9.998924373327067183e-01 2.867527420046087059e+02
9.996199381769909076e-01 2.694225757891248463e-02 -5.839002961213867436e-03 -2.010944325399574595e+01 -2.702681921071050861e-02 9.995233212827583369e-01 -1.492250834255667152e-02 -4.920063257881248830e+01 5.434173569283718731e-03 1.507464654423565191e-02 9.998716041518461717e-01 2.867527420046087059e+02
9.996631554956476595e-01 2.580539122693487758e-02 -2.767187761974255773e-03 -2.010944325399574595e+01 -2.585224704048581790e-02 9.994946000315372281e-01 -1.849880619806470658e-02 -4.920063257881248830e+01 2.288420294194318857e-03 1.856411299848976029e-02 9.998250531173626943e-01 2.867527420046087059e+02
9.996833399437576873e-01 2.515019161186271210e-02 -8.292772639774682571e-04 -2.010944325399574595e+01 -2.516304030915476886e-02 9.993737651380696363e-01 -2.487767987889713886e-02 -4.920063257881248830e+01 2.030795258317166004e-04 2.489066924860841232e-02 9.996901586707069853e-01 2.867527420046087059e+02
9.996370633194003874e-01 2.685473638369626631e-02 2.136532688251886920e-03 -2.010944325399574595e+01 -2.679966831561724980e-02 9.993853039684102990e-01 -2.260070773536982172e-02 -4.920063257881248830e+01 -2.742155418405378079e-03 2.253524674213449458e-02 9.997422884113350561e-01 2.867527420046087059e+02
9.995914853503009567e-01 2.820634460782322009e-02 4.611348939791345795e-03 -2.010944325399574595e+01 -2.809471455556148897e-02 9.993473796993409541e-01 -2.270466256303581981e-02 -4.920063257881248830e+01 -5.248755016317148067e-03 2.256583284358278790e-02 9.997315808550086835e-01 2.867527420046087059e+02
9.995600982401918744e-01 2.843508883819095487e-02 8.429456021773914370e-03 -2.010944325399574595e+01 -2.821756523270808892e-02 9.992918998646250772e-01 -2.488911162103686278e-02 -4.920063257881248830e+01 -9.131211222871598102e-03 2.464030413186402146e-02 9.996546785735027640e-01 2.867527420046087059e+02
9.995366200649783428e-01 2.814915592190182086e-02 1.158318479366288178e-02 -2.010944325399574595e+01 -2.782216207803318159e-02 9.992349874033352730e-01 -2.748394524733717773e-02 -4.920063257881248830e+01 -1.234797337150254741e-02 2.714894049386519168e-02 9.995551323382205755e-01 2.867527420046087059e+02
9.994983675200550532e-01 2.816018556800668413e-02 1.449197272703035139e-02 -2.010944325399574595e+01 -2.774416789794411850e-02 9.992186471429260752e-01 -2.814882501117944164e-02 -4.920063257881248830e+01 -1.527332551857161526e-02 2.773263692177034903e-02 9.994986875313891517e-01 2.867527420046087059e+02
9.994775241737680060e-01 2.732294499126983883e-02 1.726659632005332276e-02 -2.010944325399574595e+01 -2.685116656895224219e-02 9.992750545736900358e-01 -2.698851905225157707e-02 -4.920063257881248830e+01 -1.799148480148367660e-02 2.651078994959232479e-02 9.994866104610341528e-01 2.867527420046087059e+02
9.994460440678792912e-01 2.713074277160324940e-02 1.927505625746548865e-02 -2.010944325399574595e+01 -2.662467339407503797e-02 9.993061845102035878e-01 -2.604373948411281559e-02 -4.920063257881248830e+01 -1.996826892162148481e-02 2.551612032262350407e-02 9.994749600865223682e-01 2.867527420046087059e+02
9.994008474120866792e-01 2.691830222658700769e-02 2.175663570595697330e-02 -2.010944325399574595e+01 -2.638422216133593651e-02 9.993522604613290783e-01 -2.447309403757258819e-02 -4.920063257881248830e+01 -2.240131721450483795e-02 2.388439900999646953e-02 9.994637144343894164e-01 2.867527420046087059e+02
9.993643703598542594e-01 2.633350944793209567e-02 2.402918091422396804e-02 -2.010944325399574595e+01 -2.576711253420111217e-02 9.993897385069800965e-01 -2.358403016022558515e-02 -4.920063257881248830e+01 -2.463556711144783765e-02 2.294987684290012916e-02 9.994330352684932528e-01 2.867527420046087059e+02
9.993244752220532545e-01 2.606902714564940035e-02 2.590364927665564018e-02 -2.010944325399574595e+01 -2.538517591902828691e-02 9.993294357373811998e-01 -2.638696102938102930e-02 -4.920063257881248830e+01 -2.657416161854544642e-02 2.571156728955821189e-02 9.993161307823396067e-01 2.867527420046087059e+02
9.992833792050422881e-01 2.518977894805539061e-02 2.825248805150673559e-02 -2.010944325399574595e+01 -2.433387995738369933e-02 9.992464190654338774e-01 -3.023997802786182465e-02 -4.920063257881248830e+01 -2.899293587707297420e-02 2.953081477802516758e-02 9.991433033593200008e-01 2.867527420046087059e+02
9.991811462723618753e-01 2.650244954199537303e-02 3.057216220884031999e-02 -2.010944325399574595e+01 -2.548073202303130849e-02 9.991192393987424758e-01 -3.333883259575163432e-02 -4.920063257881248830e+01 -3.142879618152947391e-02 3.253253189579734944e-02 9.989764086999397552e-01 2.867527420046087059e+02
9.991180457781908553e-01 2.677252387491580940e-02 3.234752796948935083e-02 -2.010944325399574595e+01 -2.566953037922315578e-02 9.990905785968184905e-01 -3.404542508448273747e-02 -4.920063257881248830e+01 -3.322959239111987484e-02 3.318505272619056562e-02 9.988966645579913095e-01 2.867527420046087059e+02
9.990982943853171649e-01 2.773191883631864404e-02 3.214869879181243839e-02 -2.010944325399574595e+01 -2.664738297446184526e-02 9.990771484211935505e-01 -3.368632486910736606e-02 -4.920063257881248830e+01 -3.305321674153981204e-02 3.279927103199877653e-02 9.989152580088095368e-01 2.867527420046087059e+02
9.990911471455832249e-01 2.900978830300916800e-02 3.122998363653058801e-02 -2.010944325399574595e+01 -2.799332467553495435e-02 9.990794042898387683e-01 -3.250719454935206004e-02 -4.920063257881248830e+01 -3.214426027976784173e-02 3.160341922124770830e-02 9.989834685441960627e-01 2.867527420046087059e+02
9.991372904438968749e-01 2.902778725765979909e-02 2.969953554102944260e-02 -2.010944325399574595e+01 -2.809696038995645670e-02 9.991152663133261447e-01 -3.129289754073261848e-02 -4.920063257881248830e+01 -3.058162293394587131e-02 3.043143418528961378e-02 9.990689126142162646e-01 2.867527420046087059e+02
9.991622156869168769e-01 3.021125154562086246e-02 2.760701040784944299e-02 -2.010944325399574595e+01 -2.936589365692913317e-02 9.991023789538890920e-01 -3.052999604335504547e-02 -4.920063257881248830e+01 -2.850457916443977641e-02 2.969371395976874370e-02 9.991525270537696679e-01 2.867527420046087059e+02
9.992134689857938845e-01 3.106330313732805909e-02 2.464781117209422640e-02 -2.010944325399574595e+01 -3.030873254615656584e-02 9.990776131130384430e-01 -3.041880516715564711e-02 -4.920063257881248830e+01 -2.556998492025946979e-02 2.964783591681336566e-02 9.992332969315161906e-01 2.867527420046087059e+02
9.992773274023355468e-01 3.126625109024145505e-02 2.161583869315143736e-02 -2.010944325399574595e+01 -3.060189379623715067e-02 9.990689119569861054e-01 -3.041107129263484823e-02 -4.920063257881248830e+01 -2.254655263516328750e-02 2.972760844474157602e-02 9.993037187264071086e-01 2.867527420046087059e+02
9.993055753326199886e-01 3.233929438835664999e-02 1.850775911896040266e-02 -2.010944325399574595e+01 -3.176184048856625641e-02 9.990242579690149505e-01 -3.068741563305321315e-02 -4.920063257881248830e+01 -1.948210968866385603e-02 3.007826504172219501e-02 9.993576663908467772e-01 2.867527420046087059e+02
9.993641317279433611e-01 3.323901947941024226e-02 1.290348013917201261e-02 -2.010944325399574595e+01 -3.282396358685518711e-02 9.989757544743965711e-01 -3.114529477717174408e-02 -4.920063257881248830e+01 -1.392550286716513416e-02 3.070194711016714303e-02 9.994315738526281523e-01 2.867527420046087059e+02
9.993832892446151694e-01 3.406866667243572261e-02 8.506887196675855592e-03 -2.010944325399574595e+01 -3.379479908616177947e-02 9.989635174543263219e-01 -3.049266059240776303e-02 -4.920063257881248830e+01 -9.536914246256933750e-03 3.018636689699976880e-02 9.994987896542043559e-01 2.867527420046087059e+02
9.993795807521702601e-01 3.486163373908438001e-02 5.011992483945994226e-03 -2.010944325399574595e+01 -3.469673395165830815e-02 9.989506070745766131e-01 -2.989684395418047355e-02 -4.920063257881248830e+01 -6.048985758376253068e-03 2.970439560695869660e-02 9.995404237212822673e-01 2.867527420046087059e+02
9.993789819509453221e-01 3.523623218931094120e-02 2.416108316345215955e-04 -2.010944325399574595e+01 -3.521373736488386808e-02 9.989434554373826103e-01 -2.952906262679105831e-02 -4.920063257881248830e+01 -1.281848466074384527e-03 2.950221652555840707e-02 9.995638929476141632e-01 2.867527420046087059e+02
9.993201407986045393e-01 3.652829034905590716e-02 -4.994016262811163016e-03 -2.010944325399574595e+01 -3.666160490383480602e-02 9.988805746537571251e-01 -2.989187691084193091e-02 -4.920063257881248830e+01 3.896526675549573295e-03 3.005464329438755841e-02 9.995406622525740969e-01 2.867527420046087059e+02
9.992280392273384937e-01 3.774114812483409659e-02 -1.090556555657515476e-02 -2.010944325399574595e+01 -3.806025608149737199e-02 9.988035145347960997e-01 -3.070759287127592177e-02 -4.920063257881248830e+01 9.733577394784993092e-03 3.109895643195317860e-02 9.994689151644206015e-01 2.867527420046087059e+02
9.991130369630362162e-01 3.901275659476833441e-02 -1.584752956699777421e-02 -2.010944325399574595e+01 -3.949596970934803053e-02 9.987256794086576406e-01 -3.141791951150598589e-02 -4.920063257881248830e+01 1.460163508713227358e-02 3.201596652594704967e-02 9.993806932997015835e-01 2.867527420046087059e+02
9.989603289883811632e-01 4.030228264448343367e-02 -2.130697353145807882e-02 -2.010944325399574595e+01 -4.098742449310222025e-02 9.986224085780710524e-01 -3.276150361556142560e-02 -4.920063257881248830e+01 1.995725784892129692e-02 3.360076039875237869e-02 9.992360565751107204e-01 2.867527420046087059e+02
9.987848619690803398e-01 4.257758634130194564e-02 -2.481831264923547303e-02 -2.010944325399574595e+01 -4.338960069151735072e-02 9.985079771912986901e-01 -3.315361273179364549e-02 -4.920063257881248830e+01 2.336968235207534730e-02 3.419018319178834808e-02 9.991420766437951739e-01 2.867527420046087059e+02
9.986154450165305452e-01 4.493747886641639294e-02 -2.734622400932205238e-02 -2.010944325399574595e+01 -4.583699598592965579e-02 9.983968360362855954e-01 -3.320734243685211778e-02 -4.920063257881248830e+01 2.581012927948079724e-02 3.441483380553895383e-02 9.990742997598897057e-01 2.867527420046087059e+02
9.984845402462855235e-01 4.689474489963921938e-02 -2.880114216419957240e-02 -2.010944325399574595e+01 -4.786408713886419752e-02 9.982769538021425415e-01 -3.394337446213079035e-02 -4.920063257881248830e+01 2.715975057926509062e-02 3.527047502247416394e-02 9.990086794118263613e-01 2.867527420046087059e+02
9.982860689813968236e-01 5.010594499969001775e-02 -3.023770416811971673e-02 -2.010944325399574595e+01 -5.113308331088041447e-02 9.981057703751715637e-01 -3.420933987825727080e-02 -4.920063257881248830e+01 2.846633571068205373e-02 3.569685447587213345e-02 9.989571573955187134e-01 2.867527420046087059e+02
9.981415047896443626e-01 5.215800936937272508e-02 -3.151314765125146772e-02 -2.010944325399574595e+01 -5.321477842316019863e-02 9.980149035342309460e-01 -3.368144416339605846e-02 -4.920063257881248830e+01 2.969383393297534562e-02 3.529581253041813582e-02 9.989356745277337968e-01 2.867527420046087059e+02
9.981197711242555393e-01 5.224958429731190596e-02 -3.204533400703537399e-02 -2.010944325399574595e+01 -5.330677684555637508e-02 9.980302963403032690e-01 -3.307438781327232125e-02 -4.920063257881248830e+01 3.025409118123401422e-02 3.472043386311252783e-02 9.989390278886669527e-01 2.867527420046087059e+02
9.978962070184183020e-01 5.569342397230321595e-02 -3.318738532177506473e-02 -2.010944325399574595e+01 -5.671924362785008000e-02 9.979145333654708683e-01 -3.081414448362110661e-02 -4.920063257881248830e+01 3.140202892392918166e-02 3.263168129616005747e-02 9.989740166567130375e-01 2.867527420046087059e+02
9.977659093515036659e-01 5.716872435439732114e-02 -3.456771747828549929e-02 -2.010944325399574595e+01 -5.813141345768944174e-02 9.979296514306035260e-01 -2.751635086641621847e-02 -4.920063257881248830e+01 3.292307557593605882e-02 2.946434712128357183e-02 9.990234848807799661e-01 2.867527420046087059e+02
9.977853186976138877e-01 5.656990576884285415e-02 -3.499004933986252924e-02 -2.010944325399574595e+01 -5.756419392655954398e-02 9.979464694780724177e-01 -2.809283954737164593e-02 -4.920063257881248830e+01 3.332898691960538978e-02 3.004479684659482758e-02 9.989927371174226467e-01 2.867527420046087059e+02
9.977420777171024380e-01 5.719053185941608969e-02 -3.521348347433669868e-02 -2.010944325399574595e+01 -5.824684533154019656e-02 9.978591401219132351e-01 -2.973956092611202903e-02 -4.920063257881248830e+01 3.343727503376901777e-02 3.172348563432775270e-02 9.989372197978835244e-01 2.867527420046087059e+02
9.978479691991367639e-01 5.476614889213658049e-02 -3.605688978106155046e-02 -2.010944325399574595e+01 -5.581852372736353929e-02 9.980238427821817027e-01 -2.885657026021791124e-02 -4.920063257881248830e+01 3.440527247468119082e-02 3.080711238998971521e-02 9.989330303139114520e-01 2.867527420046087059e+02
9.978923627133484686e-01 5.335378905420749135e-02 -3.693515441866656451e-02 -2.010944325399574595e+01 -5.437093834661929637e-02 9.981528693873105151e-01 -2.710443500951419116e-02 -4.920063257881248830e+01 3.542080605632439566e-02 2.905550769537465494e-02 9.989500207572372670e-01 2.867527420046087059e+02
9.980707392746464013e-01 5.000669125671805548e-02 -3.679850857462427238e-02 -2.010944325399574595e+01 -5.095114848775408184e-02 9.983833837086286689e-01 -2.519126043464867820e-02 -4.920063257881248830e+01 3.547928792324137048e-02 2.701758619978348805e-02 9.990051402091970623e-01 2.867527420046087059e+02
9.981296953363548718e-01 4.881739932058590942e-02 -3.679636954008767835e-02 -2.010944325399574595e+01 -4.972505580565331901e-02 9.984704750196036205e-01 -2.416876784716242427e-02 -4.920063257881248830e+01 3.556023218260681573e-02 2.595326641676958326e-02 9.990304789391661888e-01 2.867527420046087059e+02
9.983113883127020527e-01 4.545633935568936523e-02 -3.616757079963716509e-02 -2.010944325399574595e+01 -4.641513189331544081e-02 9.985805072835488572e-01 -2.612672969689300642e-02 -4.920063257881248830e+01 3.492860570495907868e-02 2.776133436470190272e-02 9.990041545548242752e-01 2.867527420046087059e+02
9.984154218394950542e-01 4.356682795310041351e-02 -3.561708768511241685e-02 -2.010944325399574595e+01 -4.455188631995289639e-02 9.986326921512557186e-01 -2.734731416551997724e-02 -4.920063257881248830e+01 3.437695243034261106e-02 2.889078865033970628e-02 9.989912649631946806e-01 2.867527420046087059e+02
9.984665509045279608e-01 4.264467209226299738e-02 -3.529842300953509732e-02 -2.010944325399574595e+01 -4.363346141540305756e-02 9.986626218952630030e-01 -2.773244803813573398e-02 -4.920063257881248830e+01 3.406857451856843549e-02 2.923011411918750857e-02 9.989919582553468125e-01 2.867527420046087059e+02
9.984921484265419922e-01 4.249962562049004050e-02 -3.474494715304165399e-02 -2.010944325399574595e+01 -4.345467379200379510e-02 9.986847798412628041e-01 -2.721032596345025409e-02 -4.920063257881248830e+01 3.354282123167363211e-02 2.867912717508774856e-02 9.990257187922119142e-01 2.867527420046087059e+02
9.984716514672975496e-01 4.328559238261883713e-02 -3.436158768529930935e-02 -2.010944325399574595e+01 -4.415792297683041046e-02 9.987105294749452078e-01 -2.504707875671782769e-02 -4.920063257881248830e+01 3.323310178934644338e-02 2.652613443302051857e-02 9.990955535570663626e-01 2.867527420046087059e+02
9.983782863712800104e-01 4.606927259318795848e-02 -3.344277836965978828e-02 -2.010944325399574595e+01 -4.686586514297591544e-02 9.986261465513602831e-01 -2.343949889352947569e-02 -4.920063257881248830e+01 3.231699222929085985e-02 2.496881147980233723e-02 9.991657372360897016e-01 2.867527420046087059e+02
9.983996570186491892e-01 4.609245748141297533e-02 -3.276599194849777463e-02 -2.010944325399574595e+01 -4.692474224179010028e-02 9.985829661071655705e-01 -2.510235778079556931e-02 -4.920063257881248830e+01 3.156253206867994099e-02 2.659972112518550064e-02 9.991477675526660995e-01 2.867527420046087059e+02
9.983423999983483954e-01 4.763625644728575886e-02 -3.229921728505634471e-02 -2.010944325399574595e+01 -4.851670474426623275e-02 9.984561241151048705e-01 -2.704621189368377684e-02 -4.920063257881248830e+01 3.096097101669387577e-02 2.856843168129406807e-02 9.991122374312985110e-01 2.867527420046087059e+02
9.983759866094812363e-01 4.738691287986068756e-02 -3.162071867087555554e-02 -2.010944325399574595e+01 -4.829669966947339188e-02 9.984218756357121638e-01 -2.865636147701430478e-02 -4.920063257881248830e+01 3.021288073955974082e-02 3.013699951523222259e-02 9.990890566399157624e-01 2.867527420046087059e+02
9.983956202245247713e-01 4.755338029754724999e-02 -3.073860014321540615e-02 -2.010944325399574595e+01 -4.857228208446753848e-02 9.982645175045971042e-01 -3.329694437060119749e-02 -4.920063257881248830e+01 2.910187158233224977e-02 3.473656738350573703e-02 9.989726983040214670e-01 2.867527420046087059e+02
9.983566559210970137e-01 4.886984259144323828e-02 -2.992868295019094488e-02 -2.010944325399574595e+01 -4.997074386032245713e-02 9.980571822916192160e-01 -3.721270796592746066e-02 -4.920063257881248830e+01 2.805195779427063774e-02 3.864711323241244029e-02 9.988590933173259190e-01 2.867527420046087059e+02
9.983461647638127712e-01 4.878714791352439101e-02 -3.040969417556299917e-02 -2.010944325399574595e+01 -4.994039632137807494e-02 9.980139582026474887e-01 -3.839395848236491077e-02 -4.920063257881248830e+01 2.847616752042083157e-02 3.984913338010952211e-02 9.987998570545573163e-01 2.867527420046087059e+02
9.983285863999716847e-01 4.908142784911515705e-02 -3.051306305384146253e-02 -2.010944325399574595e+01 -5.023085269063855274e-02 9.980098990814302296e-01 -3.811958516881543829e-02 -4.920063257881248830e+01 2.858137530992827663e-02 3.958856875113445778e-02 9.988072137352786983e-01 2.867527420046087059e+02
9.982825504832263386e-01 5.019325687075545245e-02 -3.020904443064128045e-02 -2.010944325399574595e+01 -5.130812512463046177e-02 9.979846955530765618e-01 -3.733662729848422762e-02 -4.920063257881248830e+01 2.827411708438248503e-02 3.882247295751528604e-02 9.988460291238898670e-01 2.867527420046087059e+02
9.982259345659547645e-01 5.139210688740280392e-02 -3.006384721890146064e-02 -2.010944325399574595e+01 -5.246658423809714977e-02 9.979694229526829830e-01 -3.611493305923786645e-02 -4.920063257881248830e+01 2.814677776077302573e-02 3.762821017747632751e-02 9.988953282003707468e-01 2.867527420046087059e+02
9.981762146852439788e-01 5.199236245626733671e-02 -3.067635380640080026e-02 -2.010944325399574595e+01 -5.307598321510773043e-02 9.979544232486962096e-01 -3.563578432010661851e-02 -4.920063257881248830e+01 2.876081435545536913e-02 3.719896993971297250e-02 9.988939143838231338e-01 2.867527420046087059e+02
9.981951458723010706e-01 5.168105611396010129e-02 -3.058625828575184738e-02 -2.010944325399574595e+01 -5.278481337190003148e-02 9.979403852093405858e-01 -3.645203760455606457e-02 -4.920063257881248830e+01 2.863938257488640379e-02 3.800073692938053110e-02 9.988672232877373602e-01 2.867527420046087059e+02
9.981597260192691667e-01 5.203345787121305133e-02 -3.113969516716008981e-02 -2.010944325399574595e+01 -5.313953524703041165e-02 9.979446670251432838e-01 -3.581384299126387505e-02 -4.920063257881248830e+01 2.921217463436393685e-02 3.740268463677411115e-02 9.988732091887811970e-01 2.867527420046087059e+02
