1.000000000000000000e+00 0.000000000000000000e+00 0.000000000000000000e+00 2.777423151345955432e+01 0.000000000000000000e+00 1.000000000000000000e+00 0.000000000000000000e+00 -3.259302838818297943e+01 0.000000000000000000e+00 0.000000000000000000e+00 1.000000000000000000e+00 2.975676039138912756e+02
9.999981217130914368e-01 1.791597020333932913e-03 7.394257271196346196e-04 2.777423151345955432e+01 -1.790422156060879127e-03 9.999971386947898999e-01 -1.586502674476918378e-03 -3.259302838818297943e+01 -7.422659848612678246e-04 1.585175810365118841e-03 9.999984681282558796e-01 2.975676039138912756e+02
9.999966568067090167e-01 2.258197131269803603e-03 1.259730574919606634e-03 2.777423151345955432e+01 -2.257033241234430738e-03 9.999970254741833431e-01 -9.245775971815857518e-04 -3.259302838818297943e+01 -1.261814706296017757e-03 9.217312523574067423e-04 9.999987791168277740e-01 2.975676039138912756e+02
9.999967606779819329e-01 5.738869127678244454e-04 2.479775666244450703e-03 2.777423151345955432e+01 -5.723462098750763550e-04 9.999996427850403879e-01 -6.219723526144976464e-04 -3.259302838818297943e+01 -2.480131722224684573e-03 6.205510476418664738e-04 9.999967319261792165e-01 2.975676039138912756e+02
9.999964633344238241e-01 6.026137024692479168e-04 2.590400619677867694e-03 2.777423151345955432e+01 -6.026257130167991111e-04 9.999998184136739132e-01 3.856040111906973588e-06 -3.259302838818297943e+01 -2.590397825593866200e-03 -5.417068494753400698e-06 9.999966448992523294e-01 2.975676039138912756e+02
9.999934126964394876e-01 7.649463882424985522e-04 3.548157374165679910e-03 2.777423151345955432e+01 -7.647247200164208805e-04 9.999997055608449426e-01 -6.383044642612340771e-05 -3.259302838818297943e+01 -3.548205156318619963e-03 6.111666230112454943e-05 9.999937032326369213e-01 2.975676039138912756e+02
9.999948435636596411e-01 1.271459837678638001e-03 2.948938109384176970e-03 2.777423151345955432e+01 -1.270794074882929722e-03 9.999991666339880236e-01 -2.276263344355474035e-04 -3.259302838818297943e+01 -2.949225069581572906e-03 2.238776676183137524e-04 9.999956259655737867e-01 2.975676039138912756e+02
9.999888528761415873e-01 3.686054794733047407e-03 2.950783541483465496e-03 2.777423151345955432e+01 -3.683366941069265033e-03 9.999927970225277463e-01 -9.158116829277676042e-04 -3.259302838818297943e+01 -2.954138019100977994e-03 9.049326557146382963e-04 9.999952270713362568e-01 2.975676039138912756e+02
9.999946335510883078e-01 1.311589187004792668e-03 3.002099736649942695e-03 2.777423151345955432e+01 -1.313915406130658318e-03 9.999988380302112789e-01 7.730229829237993729e-04 -3.259302838818297943e+01 -3.001082359714993871e-03 -7.769633396301673951e-04 9.999951949047752864e-01 2.975676039138912756e+02
9.999982794236406125e-01 5.470927076631596246e-04 1.772523434925496249e-03 2.777423151345955432e+01 -5.499975532142523885e-04 9.999985060051675978e-01 1.638746509791968791e-03 -3.259302838818297943e+01 -1.771624240519382477e-03 -1.639718573755676945e-03 9.999970863310300162e-01 2.975676039138912756e+02
9.999999361598860270e-01 3.855691850418125689e-05 -3.552373683060184423e-04 2.777423151345955432e+01 -3.818458498628650194e-05 9.999994500421457433e-01 1.048073156745410765e-03 -3.259302838818297943e+01 3.552775834118008375e-04 -1.048059525244829458e-03 9.999993876743478172e-01 2.975676039138912756e+02
9.999951681123545599e-01 -3.451914426575742332e-04 -3.089432765335646449e-03 2.777423151345955432e+01 3.486086035841163698e-04 9.999993280488147507e-01 1.105610220156011403e-03 -3.259302838818297943e+01 3.089049042200824394e-03 -1.106681880813876031e-03 9.999946165011238675e-01 2.975676039138912756e+02
9.999877204405966946e-01 8.339559605351707641e-04 -4.885026660661714350e-03 2.777423151345955432e+01 -8.249312337758796156e-04 9.999979500642873775e-01 1.849149988703785528e-03 -3.259302838818297943e+01 4.886558756326196164e-03 -1.845097470886476699e-03 9.999863584863765142e-01 2.975676039138912756e+02
9.999796029047857138e-01 2.735010685228825896e-03 -5.771784034337424686e-03 2.777423151345955432e+01 -2.726516823000459024e-03 9.999951893594968277e-01 1.478973926727746588e-03 -3.259302838818297943e+01 5.775801277852240893e-03 -1.463206893687428413e-03 9.999822494150508723e-01 2.975676039138912756e+02
9.999713733938149218e-01 3.520654185982246328e-03 -6.697565751130043522e-03 2.777423151345955432e+01 -3.504291242068116943e-03 9.999908506221010240e-01 2.453286566093722514e-03 -3.259302838818297943e+01 6.706141646188437493e-03 -2.429746115820529805e-03 9.999745616754628363e-01 2.975676039138912756e+02
9.999667953663660125e-01 4.289692678726004550e-03 -6.928686848382498674e-03 2.777423151345955432e+01 -4.269135649454135727e-03 9.999864498849294625e-01 2.979014491246272274e-03 -3.259302838818297943e+01 6.941372020531451879e-03 -2.949336070133222031e-03 9.999715589811632999e-01 2.975676039138912756e+02
9.999706490931999925e-01 3.805103812593438068e-03 -6.649972714183124620e-03 2.777423151345955432e+01 -3.785783447894403020e-03 9.999885837666152577e-01 2.915506838066093086e-03 -3.259302838818297943e+01 6.660990602727867929e-03 -2.890245908666334504e-03 9.999736384939245104e-01 2.975676039138912756e+02
9.999493080570774906e-01 3.509606178310661559e-03 -9.437371490262512833e-03 2.777423151345955432e+01 -3.487910665767255877e-03 9.999912390458500777e-01 2.314370482654247788e-03 -3.259302838818297943e+01 9.445411338828500758e-03 -2.281336454040168871e-03 9.999527887398604875e-01 2.975676039138912756e+02
9.999372707298260776e-01 3.693799495512021386e-03 -1.057404608811138465e-02 2.777423151345955432e+01 -3.679944339017341207e-03 9.999923452498362675e-01 1.329455298939172248e-03 -3.259302838818297943e+01 1.057887588774311487e-02 -1.290460002136056741e-03 9.999432094363834844e-01 2.975676039138912756e+02
9.999521786353232633e-01 4.155217984318421154e-03 -8.852943350840834086e-03 2.777423151345955432e+01 -4.135300988311054263e-03 9.999888802120635578e-01 2.266878461066385107e-03 -3.259302838818297943e+01 8.862264282138078431e-03 -2.230160470456524560e-03 9.999582424561888061e-01 2.975676039138912756e+02
9.999381805436218240e-01 5.086812763809861297e-03 -9.887336699964133571e-03 2.777423151345955432e+01 -5.065472576279953995e-03 9.999847894210085464e-01 2.182181064097717203e-03 -3.259302838818297943e+01 9.898286654338261589e-03 -2.131962129944412702e-03 9.999487380154972183e-01 2.975676039138912756e+02
9.999430023263774503e-01 5.015258728462314644e-03 -9.425459055047203522e-03 2.777423151345955432e+01 -5.000898670833697768e-03 9.999862995954220679e-01 1.546490845446502060e-03 -3.259302838818297943e+01 9.433085974156157558e-03 -1.499266933405572419e-03 9.999543835034011563e-01 2.975676039138912756e+02
9.999250699384806262e-01 6.077308999607977137e-03 -1.062642102734243955e-02 2.777423151345955432e+01 -6.054794117475168110e-03 9.999793590152910028e-01 2.149653822759985643e-03 -3.259302838818297943e+01 1.063926579807183276e-02 -2.085151957540563698e-03 9.999412273551844255e-01 2.975676039138912756e+02
9.999173139968101642e-01 4.519402817343327189e-03 -1.203910991649301612e-02 2.777423151345955432e+01 -4.464000798852735784e-03 9.999793420196655402e-01 4.624741158088944634e-03 -3.259302838818297943e+01 1.205976228101677747e-02 -4.570616160442003868e-03 9.999168323423903715e-01 2.975676039138912756e+02
9.998787576903293006e-01 2.498973467991235427e-03 -1.536961454469988088e-02 2.777423151345955432e+01 -2.412684991572813017e-03 9.999812396830632943e-01 5.630207194233466904e-03 -3.259302838818297943e+01 1.538339594425783968e-02 -5.592442536570958224e-03 9.998660288837192267e-01 2.975676039138912756e+02
9.998934347553546376e-01 1.651891991594325914e-03 -1.450484008836641289e-02 2.777423151345955432e+01 -1.573807526412581044e-03 9.999842186557041934e-01 5.393103874964112233e-03 -3.259302838818297943e+01 1.451352000759217366e-02 -5.369701331029673452e-03 9.998802548528528122e-01 2.975676039138912756e+02
9.998346611258602801e-01 1.051802564585622513e-03 -1.815335017848314011e-02 2.777423151345955432e+01 -9.787139130247280664e-04 9.999913820460468727e-01 4.034594491267964531e-03 -3.259302838818297943e+01 1.815743733058047815e-02 -4.016160479569348164e-03 9.998270740105957843e-01 2.975676039138912756e+02
9.998218670527565521e-01 1.881784458354158075e-03 -1.878012381198319522e-02 2.777423151345955432e+01 -1.798544055436360591e-03 9.999884889861136994e-01 4.448273209344567707e-03 -3.259302838818297943e+01 1.878827832510939280e-02 -4.413703945285102521e-03 9.998137425616147045e-01 2.975676039138912756e+02
9.998252356695648269e-01 2.143141648679594731e-03 -1.857161980479144978e-02 2.777423151345955432e+01 -2.060489336868372157e-03 9.999878935690240667e-01 4.468456005636349884e-03 -3.259302838818297943e+01 1.858097150292944977e-02 -4.429408454338158371e-03 9.998175472748780379e-01 2.975676039138912756e+02
9.998102278182138258e-01 1.126387608114929467e-03 -1.944838299317323826e-02 2.777423151345955432e+01 -1.033907250204240931e-03 9.999881148847682422e-01 4.764569760279517910e-03 -3.259302838818297943e+01 1.945351859923663551e-02 -4.743557753299246574e-03 9.997995095387631759e-01 2.975676039138912756e+02
9.998135734554828291e-01 1.557319684471361468e-03 -1.924559922630159070e-02 2.777423151345955432e+01 -1.480815036812527545e-03 9.999909483377336095e-01 3.988787964018945982e-03 -3.259302838818297943e+01 1.925163683965119485e-02 -3.959545175335031295e-03 9.998068295830949692e-01 2.975676039138912756e+02
9.997834096590451081e-01 6.508435241007595523e-04 -2.080168678839408591e-02 2.777423151345955432e+01 -5.686361672416828184e-04 9.999920068890735259e-01 3.957626923734898147e-03 -3.259302838818297943e+01 2.080409631405862048e-02 -3.944941148522409201e-03 9.997757883725186812e-01 2.975676039138912756e+02
9.998445477148417693e-01 1.471971417536906612e-04 -1.763118651440506376e-02 2.777423151345955432e+01 -7.166541461513315967e-05 9.999908187502337675e-01 4.284539566960911781e-03 -3.259302838818297943e+01 1.763165531005642453e-02 -4.282609979202396840e-03 9.998353784412684631e-01 2.975676039138912756e+02
9.998380039180140288e-01 5.982851607721366470e-04 -1.798910715150352224e-02 2.777423151345955432e+01 -4.954432966121598888e-04 9.999835132997431097e-01 5.720809788616680082e-03 -3.259302838818297943e+01 1.799223324609059912e-02 -5.710970457294612009e-03 9.998218163049131801e-01 2.975676039138912756e+02
9.998084312621190461e-01 1.269800382236943234e-03 -1.953172762891637951e-02 2.777423151345955432e+01 -1.140261525991888335e-03 9.999772919955199901e-01 6.641934729713343082e-03 -3.259302838818297943e+01 1.953971803361691933e-02 -6.618391065108419034e-03 9.997871755123074466e-01 2.975676039138912756e+02
9.998055609710371217e-01 2.050554917800407728e-03 -1.961212573688322566e-02 2.777423151345955432e+01 -1.929156737823392890e-03 9.999788763195988084e-01 6.206872712445458962e-03 -3.259302838818297943e+01 1.962443898997228917e-02 -6.167830989633736952e-03 9.997883972397426655e-01 2.975676039138912756e+02
9.997974634184489950e-01 2.482569442689222527e-03 -1.997170475942794399e-02 2.777423151345955432e+01 -2.355612697959234229e-03 9.999768868158769308e-01 6.377846253959315766e-03 -3.259302838818297943e+01 1.998707659595928485e-02 -6.329508905449909677e-03 9.997802028876968672e-01 2.975676039138912756e+02
9.998067330706643663e-01 4.709532718921731823e-03 -1.908708485163803509e-02 2.777423151345955432e+01 -4.555305679322481024e-03 9.999566920380851265e-01 8.115616946056170011e-03 -3.259302838818297943e+01 1.912447899243518643e-02 -8.027100959663635571e-03 9.997848868398905298e-01 2.975676039138912756e+02
9.998451538869734811e-01 4.440735415540016801e-03 -1.702786298104493057e-02 2.777423151345955432e+01 -4.246384930582020913e-03 9.999256258141339115e-01 1.143289356340583193e-02 -3.259302838818297943e+01 1.707736700294703105e-02 -1.135881636351481795e-02 9.997896482896130310e-01 2.975676039138912756e+02
9.998793319018891568e-01 2.930663720308883304e-03 -1.525558407887875507e-02 2.777423151345955432e+01 -2.711408406851626395e-03 9.998930263935194018e-01 1.437303148463129655e-02 -3.259302838818297943e+01 1.529607465595296534e-02 -1.432993299933571149e-02 9.997803174299619844e-01 2.975676039138912756e+02
9.998814187591685831e-01 3.718218250365597308e-03 -1.494400459020206462e-02 2.777423151345955432e+01 -3.461903737844051164e-03 9.998470875061177265e-01 1.714108596448403812e-02 -3.259302838818297943e+01 1.500545376385505579e-02 -1.708731864789263255e-02 9.997413965115018453e-01 2.975676039138912756e+02
9.998976866082351922e-01 4.033218451820550464e-03 -1.372404694018628142e-02 2.777423151345955432e+01 -3.788875618956096588e-03 9.998346793587875592e-01 1.778365465962457315e-02 -3.259302838818297943e+01 1.379350343605934177e-02 -1.772983644675393822e-02 9.997476642445997097e-01 2.975676039138912756e+02
9.999140763644560614e-01 2.138840995215475060e-03 -1.293310664190192374e-02 2.777423151345955432e+01 -1.928927988551065427e-03 9.998665634911918509e-01 1.622141945476477526e-02 -3.259302838818297943e+01 1.296607593023327634e-02 -1.619507862005169913e-02 9.997847769912600047e-01 2.975676039138912756e+02
9.999254496342001586e-01 3.453738818509709263e-03 -1.171182573354108414e-02 2.777423151345955432e+01 -3.287065381228637673e-03 9.998934774958733174e-01 1.422071947501373120e-02 -3.259302838818297943e+01 1.175969281141325817e-02 -1.418116177825572491e-02 9.998302877366748165e-01 2.975676039138912756e+02
9.999393387025424795e-01 3.909100095496342592e-04 -1.100754761446272843e-02 2.777423151345955432e+01 -2.422987327032397455e-04 9.999088556531082750e-01 1.349895098932784449e-02 -3.259302838818297943e+01 1.101182121378394690e-02 -1.349546501060989827e-02 9.998482946015885275e-01 2.975676039138912756e+02
9.999402520632771907e-01 -1.462712333359997502e-03 -1.083294864096137448e-02 2.777423151345955432e+01 1.604439347025398040e-03 9.999130894528154290e-01 1.308584408070525770e-02 -3.259302838818297943e+01 1.081286631793736998e-02 -1.310244303756557052e-02 9.998556935420430669e-01 2.975676039138912756e+02
9.999305794673051251e-01 -2.529888747110513748e-03 -1.150808016589272183e-02 2.777423151345955432e+01 2.668395875219577856e-03 9.999240012605363770e-01 1.203625218116433082e-02 -3.259302838818297943e+01 1.147675518735524758e-02 -1.206612473177317603e-02 9.998613367484159298e-01 2.975676039138912756e+02
9.999093786557053942e-01 -1.720737825257628688e-03 -1.335191138736954893e-02 2.777423151345955432e+01 1.882967036340751736e-03 9.999244469083173881e-01 1.214721820960982038e-02 -3.259302838818297943e+01 1.333000043133870938e-02 -1.217125862138137074e-02 9.998370725033525197e-01 2.975676039138912756e+02
9.998921108625293819e-01 -2.073001847993223047e-03 -1.454198398472585953e-02 2.777423151345955432e+01 2.269497631558817924e-03 9.999061758240588293e-01 1.350884633869194225e-02 -3.259302838818297943e+01 1.451261573163687563e-02 -1.354039187912431386e-02 9.998030014819857536e-01 2.975676039138912756e+02
9.998749035255373174e-01 -1.666747950838002191e-03 -1.572893038527482801e-02 2.777423151345955432e+01 1.887858807163331036e-03 9.998994663223964574e-01 1.405322871466995610e-02 -3.259302838818297943e+01 1.570392590789487786e-02 -1.408116470505858808e-02 9.997775290091441835e-01 2.975676039138912756e+02
9.998603241609727021e-01 -1.195306102647194927e-03 -1.667043526830658956e-02 2.777423151345955432e+01 1.418689229396364422e-03 9.999092822176871564e-01 1.339457561015522380e-02 -3.259302838818297943e+01 1.665291234541895968e-02 -1.341635487853350649e-02 9.997713148176391451e-01 2.975676039138912756e+02
9.998523544817293773e-01 -7.140285546824971059e-04 -1.716855848825793798e-02 2.777423151345955432e+01 9.381166896713218030e-04 9.999144346736539291e-01 1.304773039035913608e-02 -3.259302838818297943e+01 1.715777300287477797e-02 -1.306191006269939031e-02 9.997674716308276865e-01 2.975676039138912756e+02
9.998508133435901613e-01 -2.496901419513451910e-03 -1.709141712855727357e-02 2.777423151345955432e+01 2.710101900935360953e-03 9.999186692660021469e-01 1.246235134274241950e-02 -3.259302838818297943e+01 1.705890980829827264e-02 -1.250681160826493631e-02 9.997762616003391667e-01 2.975676039138912756e+02
9.998343737561307121e-01 -3.295570653218080591e-03 -1.789872257329385569e-02 2.777423151345955432e+01 3.496989137272518266e-03 9.999307860651911462e-01 1.123361678260297210e-02 -3.259302838818297943e+01 1.786046255447748879e-02 -1.129434783926059650e-02 9.997766958597446019e-01 2.975676039138912756e+02
9.998532173643427390e-01 -3.098133076483740658e-03 -1.685067647344103484e-02 2.777423151345955432e+01 3.306132755458000665e-03 9.999185184399208559e-01 1.232988106642707998e-02 -3.259302838818297943e+01 1.681110384167179561e-02 -1.238378182742780852e-02 9.997819906035904092e-01 2.975676039138912756e+02
9.998889727712799713e-01 -2.828588913497444724e-03 -1.463014747538549619e-02 2.777423151345955432e+01 3.029480839040887743e-03 9.999011843658583976e-01 1.372748154599244541e-02 -3.259302838818297943e+01 1.458987238597308535e-02 -1.377027917320862264e-02 9.997987372642833659e-01 2.975676039138912756e+02
9.998889874618915874e-01 -2.422164478662903672e-03 -1.470190027411410333e-02 2.777423151345955432e+01 2.601968766744440584e-03 9.999219082544872350e-01 1.222322180269353603e-02 -3.259302838818297943e+01 1.467114552339324543e-02 -1.226011875714285923e-02 9.998172067818669184e-01 2.975676039138912756e+02
9.998993390751171884e-01 -1.330357981084832192e-03 -1.412592881137688175e-02 2.777423151345955432e+01 1.482672764819075025e-03 9.999408202579201932e-01 1.077764646786967019e-02 -3.259302838818297943e+01 1.411075471455655074e-02 -1.079750570993503155e-02 9.998421377756749884e-01 2.975676039138912756e+02
9.999225476372516352e-01 4.265803563986832149e-04 -1.243851903669380976e-02 2.777423151345955432e+01 -3.066201293163067017e-04 9.999534430835681498e-01 9.644565796838869970e-03 -3.259302838818297943e+01 1.244205411991653951e-02 -9.640004902115134958e-03 9.998761251248909909e-01 2.975676039138912756e+02
9.999267950702344088e-01 1.611054252611161591e-03 -1.199203922458370701e-02 2.777423151345955432e+01 -1.489095684705729139e-03 9.999471556016921170e-01 1.017195153951473696e-02 -3.259302838818297943e+01 1.200779307827063748e-02 -1.015334960865702310e-02 9.998763535543361280e-01 2.975676039138912756e+02
9.999326162504349469e-01 3.230952245233340188e-03 -1.115006305583040279e-02 2.777423151345955432e+01 -3.108695944838943490e-03 9.999350547090964936e-01 1.096459636437790118e-02 -3.259302838818297943e+01 1.118476499898235846e-02 -1.092919537295656933e-02 9.998777193839349930e-01 2.975676039138912756e+02
9.999440774191233894e-01 3.984794351901400217e-03 -9.796093527102778600e-03 2.777423151345955432e+01 -3.869791115348930090e-03 9.999237040832019696e-01 1.173075996031702935e-02 -3.259302838818297943e+01 9.842090791198652988e-03 -1.169219511024860957e-02 9.998832060907730801e-01 2.975676039138912756e+02
9.999614851447958808e-01 4.695514698775141507e-03 -7.414874828908298889e-03 2.777423151345955432e+01 -4.607031101822931310e-03 9.999185128519901822e-01 1.190558357601819231e-02 -3.259302838818297943e+01 7.470173454583516753e-03 -1.187096447523824927e-02 9.999016335175116010e-01 2.975676039138912756e+02
9.999925113399308341e-01 2.385075707803240887e-03 -3.047733244013305174e-03 2.777423151345955432e+01 -2.352886584175407480e-03 9.999418745119661445e-01 1.052195429621849247e-02 -3.259302838818297943e+01 3.072651750620799919e-03 -1.051470453021806015e-02 9.999399980998179283e-01 2.975676039138912756e+02
9.999995533562850980e-01 -8.394522058963652502e-04 -4.342893327680992922e-04 2.777423151345955432e+01 8.420041468231132756e-04 9.999821830563119240e-01 5.909703794929188972e-03 -3.259302838818297943e+01 4.293206811718639935e-04 -5.910066828816834886e-03 9.999824432427971699e-01 2.975676039138912756e+02
9.999985897225870390e-01 -2.003149289242514780e-04 1.667461173860626056e-03 2.777423151345955432e+01 1.912033408013767623e-04 9.999850609811267166e-01 5.462715061996461716e-03 -3.259302838818297943e+01 -1.668530527006858825e-03 -5.462388533906310968e-03 9.999836890256696975e-01 2.975676039138912756e+02
9.999742971624274723e-01 -2.167340922961231552e-03 6.834299366641396339e-03 2.777423151345955432e+01 2.103020435743240251e-03 9.999535642592465301e-01 9.404606864156906873e-03 -3.259302838818297943e+01 -6.854365000209664167e-03 -9.389992467842847579e-03 9.999324205774609009e-01 2.975676039138912756e+02
9.999551982224348379e-01 -2.478893734302687040e-03 9.135460239383996761e-03 2.777423151345955432e+01 2.376563441655440024e-03 9.999345062161986153e-01 1.119532153928818469e-02 -3.259302838818297943e+01 -9.162613935944256133e-03 -1.117310896815583432e-02 9.998955986211002234e-01 2.975676039138912756e+02
9.999148120439195209e-01 -2.142750979129086960e-03 1.287545235767231268e-02 2.777423151345955432e+01 2.022774971716705117e-03 9.999544846107150109e-01 9.324006023507202395e-03 -3.259302838818297943e+01 -1.289484534948317357e-02 -9.297167587713619369e-03 9.998736348350529823e-01 2.975676039138912756e+02
9.998182859972006842e-01 -1.269471768538965638e-03 1.902060532813950808e-02 2.777423151345955432e+01 1.157483624301332151e-03 9.999819392259384765e-01 5.897580316048840234e-03 -3.259302838818297943e+01 -1.902774861299893344e-02 -5.874492603931883057e-03 9.998016978978225833e-01 2.975676039138912756e+02
9.997450133612273415e-01 -2.703733711691293402e-03 2.241869941311174647e-02 2.777423151345955432e+01 2.645658310872927611e-03 9.999930686910010191e-01 2.619744653666078536e-03 -3.259302838818297943e+01 -2.242562711411574816e-02 -2.559764435361878455e-03 9.997452369751885781e-01 2.975676039138912756e+02
9.996361909432623927e-01 -1.823517741581516007e-03 2.691023113040606068e-02 2.777423151345955432e+01 1.820064617311245234e-03 9.999983320050621627e-01 1.528132043299421420e-04 -3.259302838818297943e+01 -2.691046490186683321e-02 -1.037792499788783331e-04 9.996378424752808689e-01 2.975676039138912756e+02
9.995446261724378889e-01 -3.334223452118266744e-03 2.999038585568849016e-02 2.777423151345955432e+01 3.269153564419086458e-03 9.999921954986263906e-01 2.218462711486091869e-03 -3.259302838818297943e+01 -2.999754864608203050e-02 -2.119409304812228459e-03 9.995477253135170992e-01 2.975676039138912756e+02
9.994277514882873303e-01 -2.283025374069038056e-03 3.374844218935531964e-02 2.777423151345955432e+01 2.193279064147753751e-03 9.999939603916883080e-01 2.696053984253390934e-03 -3.259302838818297943e+01 -3.375439352164016915e-02 -2.620491419672707576e-03 9.994267226478925625e-01 2.975676039138912756e+02
9.993130374023594387e-01 -2.989336218231105052e-03 3.693937122698896791e-02 2.777423151345955432e+01 2.958124370507403747e-03 9.999952201224262538e-01 8.995735110007423456e-04 -3.259302838818297943e+01 -3.694188378899514180e-02 -7.896842833879212263e-04 9.993171036367058946e-01 2.975676039138912756e+02
9.991767518933137859e-01 -2.678629737474474363e-03 4.048016080324781663e-02 2.777423151345955432e+01 2.755934383033919067e-03 9.999944837219534310e-01 -1.854009528837089133e-03 -3.259302838818297943e+01 -4.047497129836884200e-02 1.964043885990241194e-03 9.991786222843299647e-01 2.975676039138912756e+02
9.990190272590797615e-01 -2.852317983782548961e-03 4.419103366567866259e-02 2.777423151345955432e+01 2.968067908089690263e-03 9.999923340131012806e-01 -2.553916192079754271e-03 -3.259302838818297943e+01 -4.418341031671069175e-02 2.682572858760240691e-03 9.990198346657809259e-01 2.975676039138912756e+02
9.988137965638357318e-01 -3.911353157743176386e-03 4.853556541558914222e-02 2.777423151345955432e+01 3.971929473371011571e-03 9.999914486490121268e-01 -1.151696618931073507e-03 -3.259302838818297943e+01 -4.853064567872761303e-02 1.343110315224275942e-03 9.988207909753825664e-01 2.975676039138912756e+02
9.986702521082185813e-01 -2.688714528985143484e-03 5.148299105809041321e-02 2.777423151345955432e+01 2.682402274956866266e-03 9.999963839774324015e-01 1.917031265674468891e-04 -3.259302838818297943e+01 -5.148332032941553560e-02 -5.335011740415684700e-05 9.986738531080233683e-01 2.975676039138912756e+02
9.985680583164207036e-01 -3.315093941534349910e-03 5.339328667848532162e-02 2.777423151345955432e+01 3.224483107191347588e-03 9.999932116074119470e-01 1.783100608341407984e-03 -3.259302838818297943e+01 -5.339883536991863605e-02 -1.608381561323012250e-03 9.985719691088327243e-01 2.975676039138912756e+02
9.984835759673033051e-01 -5.203866453508542052e-03 5.480390768438429816e-02 2.777423151345955432e+01 5.034656077345067184e-03 9.999821250919737059e-01 3.225172044741580341e-03 -3.259302838818297943e+01 -5.481971143418638143e-02 -2.944362489458765900e-03 9.984919278430874900e-01 2.975676039138912756e+02
9.982618460527449278e-01 -8.037117339621927675e-03 5.838400003624518581e-02 2.777423151345955432e+01 7.975306346749970465e-03 9.999673625473941563e-01 1.291637983033288445e-03 -3.259302838818297943e+01 -5.839247557724203813e-02 -8.237626313377823103e-04 9.982933638019891864e-01 2.975676039138912756e+02
9.981087467525396884e-01 -9.672814157838003149e-03 6.070721804151100326e-02 2.777423151345955432e+01 9.830601817359925845e-03 9.999490309887838491e-01 -2.301019881736070076e-03 -3.259302838818297943e+01 -6.068186651694526534e-02 2.893456558417143668e-03 9.981529637210753148e-01 2.975676039138912756e+02
9.979818965815270282e-01 -6.981519843343928812e-03 6.311412263679352930e-02 2.777423151345955432e+01 7.398858882489985078e-03 9.999522677731861320e-01 -6.381148994867406020e-03 -3.259302838818297943e+01 -6.306655994084671424e-02 6.835243663147988306e-03 9.979859159633941434e-01 2.975676039138912756e+02
9.978123121463717826e-01 -6.376686039753419639e-03 6.580218540640375702e-02 2.777423151345955432e+01 6.890076708918164809e-03 9.999475486772216870e-01 -7.578043108608691937e-03 -3.259302838818297943e+01 -6.575041119303921822e-02 8.014846820809414310e-03 9.978039114266824550e-01 2.975676039138912756e+02
9.978453168375613913e-01 -7.371108381414148876e-03 6.519501841838207246e-02 2.777423151345955432e+01 7.850271549646282293e-03 9.999440043913309095e-01 -7.096570891802676806e-03 -3.259302838818297943e+01 -6.513905819046474088e-02 7.593078628258695568e-03 9.978473070841080705e-01 2.975676039138912756e+02
9.977384639338139349e-01 -6.364474992874057449e-03 6.691375826430803753e-02 2.777423151345955432e+01 6.719477804892333948e-03 9.999645120934637088e-01 -5.081650490488057344e-03 -3.259302838818297943e+01 -6.687904159764064549e-02 5.519783668126175373e-03 9.977458222329173010e-01 2.975676039138912756e+02
9.978266555072203836e-01 -6.039462159353073054e-03 6.561623622317970528e-02 2.777423151345955432e+01 6.344622489205258183e-03 9.999700009864911365e-01 -4.443297485324269186e-03 -3.259302838818297943e+01 -6.558743267379861519e-02 4.849950917202515768e-03 9.978350397993461796e-01 2.975676039138912756e+02
9.979367069241036337e-01 -4.776078378575096192e-03 6.402747885707137099e-02 2.777423151345955432e+01 5.038179345659263633e-03 9.999795749530491218e-01 -3.932737671990133195e-03 -3.259302838818297943e+01 -6.400738802944691552e-02 4.247205203113709436e-03 9.979403867594560662e-01 2.975676039138912756e+02
9.981153899389764161e-01 -4.564140501953036812e-03 6.119507323664734322e-02 2.777423151345955432e+01 4.783766665374822140e-03 9.999826307791850333e-01 -3.442922657806850393e-03 -3.259302838818297943e+01 -6.117829634316108989e-02 3.729177042560467056e-03 9.981198872355643292e-01 2.975676039138912756e+02
9.983250932692043778e-01 -4.159751117793247972e-03 5.770359277954825034e-02 2.777423151345955432e+01 4.385692946583778437e-03 9.999832026634687399e-01 -3.789470713266531419e-03 -3.259302838818297943e+01 -5.768686025784706961e-02 4.036193943107755505e-03 9.983265674577868065e-01 2.975676039138912756e+02
9.985065559107421107e-01 -2.943646424457110368e-03 5.455266032918237862e-02 2.777423151345955432e+01 3.130965316727625340e-03 9.999894919816243455e-01 -3.348579178483232065e-03 -3.259302838818297943e+01 -5.454223005570066340e-02 3.514380750126838357e-03 9.985052800403690920e-01 2.975676039138912756e+02
9.987126850276027978e-01 -2.371858648908376378e-03 5.066899497228141008e-02 2.777423151345955432e+01 2.529758892128325647e-03 9.999921415414176895e-01 -3.052404847444661635e-03 -3.259302838818297943e+01 -5.066135691924687767e-02 3.176655781568316593e-03 9.987108369158450571e-01 2.975676039138912756e+02
9.988785872336845006e-01 -1.181695504257526327e-03 4.733045068208589085e-02 2.777423151345955432e+01 1.296144885030818322e-03 9.999963099809839884e-01 -2.387474156632805791e-03 -3.259302838818297943e+01 -4.732745476434657705e-02 2.446143934191399166e-03 9.988764330012915860e-01 2.975676039138912756e+02
9.990618581029997447e-01 -6.570739485643159504e-04 4.330094615136487884e-02 2.777423151345955432e+01 7.259098959240186267e-04 9.999984977796042562e-01 -1.574005512461049356e-03 -3.259302838818297943e+01 -4.329984686578445402e-02 1.603961457257171248e-03 9.990608342683867660e-01 2.975676039138912756e+02
9.992561787088302117e-01 -4.361226753619310893e-04 3.856033077184434221e-02 2.777423151345955432e+01 4.822648954688407230e-04 9.999991788330100384e-01 -1.187330565302324595e-03 -3.259302838818297943e+01 -3.855978128559212764e-02 1.205043697436434386e-03 9.992555684793037463e-01 2.975676039138912756e+02
9.994266333985355466e-01 8.193297426999662943e-05 3.385849584156014336e-02 2.777423151345955432e+01 -3.086445940732364672e-05 9.999988612656195430e-01 -1.508812395168095295e-03 -3.259302838818297943e+01 -3.385858090721521191e-02 1.506902268361635716e-03 9.994254978458898542e-01 2.975676039138912756e+02
9.995940339629546534e-01 1.005015703797993787e-03 2.847379864188101517e-02 2.777423151345955432e+01 -9.514586368280503323e-04 9.999977529647715579e-01 -1.894410690672993424e-03 -3.259302838818297943e+01 -2.847563857274716323e-02 1.866549982630580102e-03 9.995927440708233247e-01 2.975676039138912756e+02
9.997626301454606290e-01 8.205987033342724071e-04 2.177177030915922185e-02 2.777423151345955432e+01 -7.672343544153291091e-04 9.999966815434668810e-01 -2.459319721777418390e-03 -3.259302838818297943e+01 -2.177371617506180038e-02 2.442031903274523210e-03 9.997599420681513305e-01 2.975676039138912756e+02
9.998590471691688464e-01 1.969348299808037009e-03 1.667355574650487837e-02 2.777423151345955432e+01 -1.916001430777560834e-03 9.999929967831622246e-01 -3.214859739119988770e-03 -3.259302838818297943e+01 -1.667977015654110301e-02 3.182460038871972284e-03 9.998558182136202399e-01 2.975676039138912756e+02
9.999010125131497784e-01 3.933754529666625907e-03 1.350891374145736686e-02 2.777423151345955432e+01 -3.884663745485828889e-03 9.999857631067815555e-01 -3.658274364585255636e-03 -3.259302838818297943e+01 -1.352311216984859558e-02 3.605434653746762697e-03 9.999020583428164244e-01 2.975676039138912756e+02
9.998868955011906978e-01 7.551201357108057108e-03 1.300675067227680809e-02 2.777423151345955432e+01 -7.500617070270499710e-03 9.999641335924152052e-01 -3.933480943093488336e-03 -3.259302838818297943e+01 -1.303598667349281821e-02 3.835477392581024443e-03 9.999076718200642366e-01 2.975676039138912756e+02
9.998933229652208210e-01 8.544742218529046557e-03 1.184609935729427632e-02 2.777423151345955432e+01 -8.500875112307451284e-03 9.999568409820897008e-01 -3.748505760793534574e-03 -3.259302838818297943e+01 -1.187761810671193914e-02 3.647403670109105808e-03 9.999228063378593490e-01 2.975676039138912756e+02
9.998863329219563889e-01 1.114885458012583770e-02 1.015008755770491732e-02 2.777423151345955432e+01 -1.111047268450239024e-02 9.999309418502740909e-01 -3.830003543673360898e-03 -3.259302838818297943e+01 -1.019208676398975118e-02 3.716795927805805876e-03 9.999411516661508292e-01 2.975676039138912756e+02
9.998858102314536200e-01 1.202648767361803525e-02 9.150414855138531978e-03 2.777423151345955432e+01 -1.199811996573922276e-02 9.999230622475541175e-01 -3.148762098853171570e-03 -3.259302838818297943e+01 -9.187579391356007902e-03 3.038614767268994678e-03 9.999531765063930377e-01 2.975676039138912756e+02
9.998855929275652921e-01 1.237795422592709652e-02 8.694095989071970801e-03 2.777423151345955432e+01 -1.235592870758694603e-02 9.999203275554465753e-01 -2.582550517337653482e-03 -3.259302838818297943e+01 -8.725370001282447760e-03 2.474831425074982411e-03 9.999588707180712133e-01 2.975676039138912756e+02
9.998499280106762921e-01 1.646150314752874155e-02 5.398182209235500087e-03 2.777423151345955432e+01 -1.645980432217716838e-02 9.998644638016910280e-01 -3.589822083979188620e-04 -3.259302838818297943e+01 -5.403359946895924457e-03 2.700753123636849312e-04 9.999853652732183518e-01 2.975676039138912756e+02
9.998323027285703768e-01 1.767515466902263091e-02 4.791171871826140245e-03 2.777423151345955432e+01 -1.768800444207105360e-02 9.998400352697578430e-01 2.652992766616192252e-03 -3.259302838818297943e+01 -4.743513395825796168e-03 -2.737294136320316505e-03 9.999850030382838595e-01 2.975676039138912756e+02
9.998453308998049849e-01 1.704256066233802297e-02 4.343432274683825534e-03 2.777423151345955432e+01 -1.705477365264603321e-02 9.998506628264981488e-01 2.790473268522699647e-03 -3.259302838818297943e+01 -4.295226828830614463e-03 -2.864117922854104992e-03 9.999866738387140908e-01 2.975676039138912756e+02
9.998416653606330140e-01 1.719513798554128670e-02 4.579458322645640900e-03 2.777423151345955432e+01 -1.719767705792069404e-02 9.998519760512691867e-01 5.156453987030180973e-04 -3.259302838818297943e+01 -4.569913859360787492e-03 -5.943197995084716339e-04 9.999893812792692849e-01 2.975676039138912756e+02
9.998912094459506683e-01 1.347251069956532932e-02 6.005058547491469445e-03 2.777423151345955432e+01 -1.347713090182194387e-02 9.999089131775728001e-01 7.295825474689180681e-04 -3.259302838818297943e+01 -5.994682257114316258e-03 -8.104341358976520316e-04 9.999817033231905850e-01 2.975676039138912756e+02
9.999408213654159550e-01 1.053162215250488636e-02 2.727398373663347027e-03 2.777423151345955432e+01 -1.054040300823542130e-02 9.999392465385951168e-01 3.225389316721222113e-03 -3.259302838818297943e+01 -2.693264093194515808e-03 -3.253946320608492194e-03 9.999910790411427053e-01 2.975676039138912756e+02
9.999752019138842263e-01 6.695284171145604764e-03 2.183741547962970899e-03 2.777423151345955432e+01 -6.706564762423367423e-03 9.999639905394760442e-01 5.199962831364858713e-03 -3.259302838818297943e+01 -2.148847683773940850e-03 -5.214479286355199264e-03 9.999840957032296584e-01 2.975676039138912756e+02
9.999877415465923125e-01 4.346998984398749502e-03 2.370729079741873066e-03 2.777423151345955432e+01 -4.360674844047549882e-03 9.999737049714260140e-01 5.794297249667286313e-03 -3.259302838818297943e+01 -2.345478937094795657e-03 -5.804564199205128859e-03 9.999804026894801856e-01 2.975676039138912756e+02
9.999971715153096463e-01 -1.424373796445206706e-03 1.904762626220130603e-03 2.777423151345955432e+01 1.415749402433903910e-03 9.999887757194187987e-01 4.521513994349118243e-03 -3.259302838818297943e+01 -1.911181572685200121e-03 -4.518804538766787657e-03 9.999879638228345025e-01 2.975676039138912756e+02
9.999898981707590062e-01 -4.241287044317633599e-03 1.488301258569697154e-03 2.777423151345955432e+01 4.235768858610454435e-03 9.999842155094919027e-01 3.691475861563561431e-03 -3.259302838818297943e+01 -1.503934375240077465e-03 -3.685134470782100869e-03 9.999920789512931618e-01 2.975676039138912756e+02
9.999807081306316681e-01 -6.002314198873591120e-03 1.598621534949203364e-03 2.777423151345955432e+01 5.996232267635010285e-03 9.999748686830077782e-01 3.782486085641371433e-03 -3.259302838818297943e+01 -1.621285029424958000e-03 -3.772827408382957090e-03 9.999915685685566435e-01 2.975676039138912756e+02
9.999804485635704898e-01 -6.134088827357833500e-03 1.214678908842119036e-03 2.777423151345955432e+01 6.129149203622052781e-03 9.999730983279605523e-01 4.029410678108530028e-03 -3.259302838818297943e+01 -1.239362994971312734e-03 -4.021886949075658031e-03 9.999911441631561537e-01 2.975676039138912756e+02
9.999840133539055209e-01 -5.405012049071483693e-03 1.660988067005273253e-03 2.777423151345955432e+01 5.394433832743811101e-03 9.999655511823379861e-01 6.308449272291179882e-03 -3.259302838818297943e+01 -1.695028092259329199e-03 -6.299388331121463097e-03 9.999787220668362453e-01 2.975676039138912756e+02
9.999853067993742517e-01 -3.497457397389540368e-03 4.141736001682450215e-03 2.777423151345955432e+01 3.464075272185394936e-03 9.999616796396708640e-01 8.039865341607211474e-03 -3.259302838818297943e+01 -4.169696375380949060e-03 -8.025399924986060737e-03 9.999591024577875187e-01 2.975676039138912756e+02
9.999667144515869133e-01 -4.588706658635507800e-03 6.746388670430148761e-03 2.777423151345955432e+01 4.543290597275925075e-03 9.999670195367514891e-01 6.731890472166129034e-03 -3.259302838818297943e+01 -6.777056842042826143e-03 -6.701015593288649382e-03 9.999545829139347974e-01 2.975676039138912756e+02
9.999703187433867102e-01 -3.114371498586416404e-03 7.047149949565891143e-03 2.777423151345955432e+01 3.079559794559267715e-03 9.999830300242720238e-01 4.945298266235075534e-03 -3.259302838818297943e+01 -7.062431855576101376e-03 -4.923449363917973762e-03 9.999629401646090709e-01 2.975676039138912756e+02
9.999820126043978963e-01 -3.205705886175658995e-03 5.069311336086574325e-03 2.777423151345955432e+01 3.193615577593859802e-03 9.999920412222740307e-01 2.391299154619956971e-03 -3.259302838818297943e+01 -5.076936792341408405e-03 -2.375066709726133228e-03 9.999842917620928029e-01 2.975676039138912756e+02
9.999763167328963309e-01 -4.486746669442822147e-03 5.218723754628336146e-03 2.777423151345955432e+01 4.495899771427118614e-03 9.999883734973848970e-01 -1.743489401702703629e-03 -3.259302838818297943e+01 -5.210840483858050418e-03 1.766910969112407302e-03 9.999848624689686716e-01 2.975676039138912756e+02
9.999732239077472329e-01 -4.173290057902952904e-03 6.011249257122432479e-03 2.777423151345955432e+01 4.206647387135734918e-03 9.999757658428126694e-01 -5.547237585892111737e-03 -3.259302838818297943e+01 -5.987953348098392845e-03 5.572376258526972811e-03 9.999665459591824401e-01 2.975676039138912756e+02
9.999713624142116952e-01 -4.150640097082252539e-03 6.328233421906193090e-03 2.777423151345955432e+01 4.191524769137053817e-03 9.999703418171053126e-01 -6.461161372770238276e-03 -3.259302838818297943e+01 -6.301227782536077127e-03 6.487501287838506187e-03 9.999591025914390530e-01 2.975676039138912756e+02
9.999780183594709770e-01 -4.339757190440219660e-03 5.012913861770781389e-03 2.777423151345955432e+01 4.372250315221537509e-03 9.999693862948133560e-01 -6.489214154940655885e-03 -3.259302838818297943e+01 -4.984598784116130339e-03 6.510989225578669472e-03 9.999663798319765595e-01 2.975676039138912756e+02
9.999880012607735846e-01 -3.683893258849337514e-03 3.228972736428155528e-03 2.777423151345955432e+01 3.703124884840622993e-03 9.999753205664230205e-01 -5.970353771820014442e-03 -3.259302838818297943e+01 -3.206898901198686983e-03 5.982239424393343691e-03 9.999769640401272586e-01 2.975676039138912756e+02
9.999910384616838011e-01 -2.709684212101939275e-03 3.252784620366872340e-03 2.777423151345955432e+01 2.726508971096517752e-03 9.999828710030013168e-01 -5.179174588646417131e-03 -3.259302838818297943e+01 -3.238694975816017695e-03 5.187996921721932560e-03 9.999812975965086670e-01 2.975676039138912756e+02
9.999976990061961724e-01 -7.734392201028931655e-04 2.000943297157384889e-03 2.777423151345955432e+01 7.808838830303203166e-04 9.999927666753480882e-01 -3.722474625571527227e-03 -3.259302838818297943e+01 -1.998049715815370959e-03 3.724028564550651340e-03 9.999910696644178643e-01 2.975676039138912756e+02
9.999938645378768642e-01 -1.791975999497736000e-03 3.009934984584287931e-03 2.777423151345955432e+01 1.803133646882650260e-03 9.999914984791482553e-01 -3.708325561978397140e-03 -3.259302838818297943e+01 -3.003264165155638144e-03 3.713730124731558137e-03 9.999885942414133977e-01 2.975676039138912756e+02
