1.000000000000000000e+00 0.000000000000000000e+00 0.000000000000000000e+00 1.279597137790461581e+00 0.000000000000000000e+00 1.000000000000000000e+00 0.000000000000000000e+00 2.855759043097761962e-01 0.000000000000000000e+00 0.000000000000000000e+00 1.000000000000000000e+00 2.885426153535007643e+02
9.999981000000000009e-01 1.430880000000000042e-03 -1.366264999999999971e-03 1.279597137790461581e+00 -1.431233000000000071e-03 9.999989000000000239e-01 -2.576187000000000073e-04 2.855759043097761962e-01 1.365895000000000000e-03 2.595742999999999857e-04 9.999989999999999712e-01 2.885426153535007643e+02
9.999955999999999845e-01 2.145638999999999966e-03 -2.049036000000000173e-03 1.279597137790461581e+00 -2.146434999999999923e-03 9.999976000000000420e-01 -3.863467999999999785e-04 2.855759043097761962e-01 2.048203000000000176e-03 3.907437999999999840e-04 9.999978000000000478e-01 2.885426153535007643e+02
9.999921999999999978e-01 2.860328999999999997e-03 -2.731935000000000006e-03 1.279597137790461581e+00 -2.861746999999999989e-03 9.999957000000000429e-01 -5.150906000000000451e-04 2.855759043097761962e-01 2.730451000000000059e-03 5.229053000000000433e-04 9.999961000000000544e-01 2.885426153535007643e+02
9.999877999999999822e-01 3.576816000000000023e-03 -3.416746000000000019e-03 1.279597137790461581e+00 -3.579038000000000098e-03 9.999934000000000323e-01 -6.441878000000000057e-04 2.855759043097761962e-01 3.414420000000000042e-03 6.564092000000000104e-04 9.999940000000000495e-01 2.885426153535007643e+02
9.999824000000000490e-01 4.290399999999999769e-03 -4.098978999999999991e-03 1.279597137790461581e+00 -4.293603000000000003e-03 9.999905000000000044e-01 -7.727885000000000093e-04 2.855759043097761962e-01 4.095625000000000307e-03 7.903747999999999937e-04 9.999913000000000274e-01 2.885426153535007643e+02
9.999759999999999760e-01 5.005067999999999670e-03 -4.782444000000000278e-03 1.279597137790461581e+00 -5.009435999999999924e-03 9.999869999999999592e-01 -9.016141000000000520e-04 2.855759043097761962e-01 4.777870000000000034e-03 9.255503999999999468e-04 9.999881999999999938e-01 2.885426153535007643e+02
9.999687000000000436e-01 5.718771000000000097e-03 -5.465183999999999667e-03 1.279597137790461581e+00 -5.724484999999999643e-03 9.999831000000000136e-01 -1.030293999999999958e-03 2.855759043097761962e-01 5.459201000000000331e-03 1.061548000000000049e-03 9.999845000000000539e-01 2.885426153535007643e+02
9.999603999999999715e-01 6.432384000000000192e-03 -6.148037999999999767e-03 1.279597137790461581e+00 -6.439628999999999666e-03 9.999786000000000508e-01 -1.158987999999999902e-03 2.855759043097761962e-01 6.140452000000000236e-03 1.198534000000000014e-03 9.999803999999999915e-01 2.885426153535007643e+02
9.999510999999999816e-01 7.145766999999999917e-03 -6.830868999999999830e-03 1.279597137790461581e+00 -7.154724999999999800e-03 9.999736000000000180e-01 -1.287668999999999966e-03 2.855759043097761962e-01 6.821487999999999684e-03 1.336479999999999916e-03 9.999757999999999702e-01 2.885426153535007643e+02
9.999409000000000214e-01 7.859280999999999212e-03 -7.514027999999999853e-03 1.279597137790461581e+00 -7.870139999999999428e-03 9.999679999999999680e-01 -1.416404000000000014e-03 2.855759043097761962e-01 7.502657000000000249e-03 1.475458000000000021e-03 9.999708000000000485e-01 2.885426153535007643e+02
9.999310999999999616e-01 8.435908000000000642e-03 -8.163220000000000545e-03 1.279597137790461581e+00 -8.448594000000000243e-03 9.999630999999999936e-01 -1.520606000000000084e-03 2.855759043097761962e-01 8.150093000000000615e-03 1.589469999999999945e-03 9.999654999999999516e-01 2.885426153535007643e+02
9.999063000000000256e-01 1.021483999999999934e-02 -9.110263999999999862e-03 1.279597137790461581e+00 -1.023201999999999966e-02 9.999459000000000541e-01 -1.840096999999999957e-03 2.855759043097761962e-01 9.090976000000000612e-03 1.933142000000000107e-03 9.999567999999999790e-01 2.885426153535007643e+02
9.999048999999999854e-01 9.942671000000000148e-03 -9.559125999999999387e-03 1.279597137790461581e+00 -9.960151000000000421e-03 9.999487999999999710e-01 -1.782530999999999959e-03 2.855759043097761962e-01 9.540913999999999298e-03 1.877572000000000095e-03 9.999527000000000276e-01 2.885426153535007643e+02
9.999044999999999739e-01 9.373886999999999151e-03 -1.015134000000000002e-02 1.279597137790461581e+00 -9.389118000000000117e-03 9.999548000000000325e-01 -1.453538000000000096e-03 2.855759043097761962e-01 1.013726000000000037e-02 1.548712000000000049e-03 9.999474000000000418e-01 2.885426153535007643e+02
9.999025999999999748e-01 9.037036000000000027e-03 -1.063811999999999917e-02 1.279597137790461581e+00 -9.048731000000000829e-03 9.999584999999999724e-01 -1.051573000000000091e-03 2.855759043097761962e-01 1.062816999999999928e-02 1.147732999999999956e-03 9.999428999999999679e-01 2.885426153535007643e+02
9.998928000000000260e-01 9.270130999999999163e-03 -1.133310000000000047e-02 1.279597137790461581e+00 -9.293057999999999874e-03 9.999548000000000325e-01 -1.971848999999999911e-03 2.855759043097761962e-01 1.131430999999999930e-02 2.076956999999999935e-03 9.999337999999999838e-01 2.885426153535007643e+02
9.998894999999999866e-01 9.007104999999999626e-03 -1.182761000000000055e-02 1.279597137790461581e+00 -9.043320999999999998e-03 9.999544999999999684e-01 -3.011910999999999929e-03 2.855759043097761962e-01 1.179995000000000002e-02 3.118539000000000033e-03 9.999255000000000226e-01 2.885426153535007643e+02
9.998738999999999821e-01 9.613273000000000304e-03 -1.263920999999999968e-02 1.279597137790461581e+00 -9.644484000000000043e-03 9.999506000000000228e-01 -2.410509999999999823e-03 2.855759043097761962e-01 1.261541000000000051e-02 2.532105000000000206e-03 9.999171999999999505e-01 2.885426153535007643e+02
9.998622000000000343e-01 9.849564999999999362e-03 -1.336112000000000063e-02 1.279597137790461581e+00 -9.880846999999999894e-03 9.999485999999999652e-01 -2.277131999999999854e-03 2.855759043097761962e-01 1.333801000000000084e-02 2.408837999999999951e-03 9.999082000000000248e-01 2.885426153535007643e+02
9.998496000000000050e-01 9.852334000000000785e-03 -1.427518000000000016e-02 1.279597137790461581e+00 -9.896725999999999787e-03 9.999464000000000130e-01 -3.042266999999999975e-03 2.855759043097761962e-01 1.424445000000000051e-02 3.183086999999999809e-03 9.998934999999999906e-01 2.885426153535007643e+02
9.998348000000000235e-01 1.011488999999999965e-02 -1.510545999999999937e-02 1.279597137790461581e+00 -1.015685000000000025e-02 9.999447000000000196e-01 -2.703180999999999813e-03 2.855759043097761962e-01 1.507729000000000014e-02 2.856158000000000134e-03 9.998823000000000016e-01 2.885426153535007643e+02
9.998321999999999488e-01 9.254979999999999457e-03 -1.580828999999999915e-02 1.279597137790461581e+00 -9.264586999999999475e-03 9.999569000000000374e-01 -5.344807999999999937e-04 2.855759043097761962e-01 1.580265999999999962e-02 6.808489999999999725e-04 9.998749000000000109e-01 2.885426153535007643e+02
9.998234000000000288e-01 8.611255999999999425e-03 -1.670535000000000075e-02 1.279597137790461581e+00 -8.617934000000000705e-03 9.999628000000000405e-01 -3.276811999999999824e-04 2.855759043097761962e-01 1.670191000000000037e-02 4.715896000000000020e-04 9.998603999999999825e-01 2.885426153535007643e+02
9.998145999999999978e-01 7.984938000000000452e-03 -1.751954000000000011e-02 1.279597137790461581e+00 -8.016013000000000652e-03 9.999664000000000330e-01 -1.704144000000000101e-03 2.855759043097761962e-01 1.750534999999999938e-02 1.844266000000000004e-03 9.998451000000000422e-01 2.885426153535007643e+02
9.998008000000000450e-01 7.461297000000000415e-03 -1.851043999999999953e-02 1.279597137790461581e+00 -7.508904999999999746e-03 9.999685999999999853e-01 -2.503664999999999970e-03 2.855759043097761962e-01 1.849117999999999942e-02 2.642160000000000168e-03 9.998255000000000337e-01 2.885426153535007643e+02
9.997835000000000472e-01 7.872528000000000165e-03 -1.925947999999999896e-02 1.279597137790461581e+00 -7.922231999999999538e-03 9.999654999999999516e-01 -2.505745000000000194e-03 2.855759043097761962e-01 1.923909000000000036e-02 2.657781000000000119e-03 9.998114000000000168e-01 2.885426153535007643e+02
9.997741999999999463e-01 7.403986000000000421e-03 -1.991671999999999887e-02 1.279597137790461581e+00 -7.444296000000000420e-03 9.999704000000000370e-01 -1.950488999999999912e-03 2.855759043097761962e-01 1.990168999999999966e-02 2.098314999999999902e-03 9.997996999999999579e-01 2.885426153535007643e+02
9.997629999999999573e-01 7.159486999999999969e-03 -2.056207999999999994e-02 1.279597137790461581e+00 -7.195731000000000349e-03 9.999727000000000476e-01 -1.689149999999999940e-03 2.855759043097761962e-01 2.054943000000000047e-02 1.836708999999999955e-03 9.997871999999999870e-01 2.885426153535007643e+02
9.997578000000000298e-01 6.402721999999999580e-03 -2.105454999999999827e-02 1.279597137790461581e+00 -6.438109000000000019e-03 9.999778999999999751e-01 -1.613318999999999994e-03 2.855759043097761962e-01 2.104376000000000163e-02 1.748481000000000080e-03 9.997770000000000268e-01 2.885426153535007643e+02
9.997447000000000417e-01 6.469360999999999862e-03 -2.164904000000000134e-02 1.279597137790461581e+00 -6.505831000000000114e-03 9.999774999999999636e-01 -1.614507000000000051e-03 2.855759043097761962e-01 2.163810999999999859e-02 1.754941000000000096e-03 9.997643000000000502e-01 2.885426153535007643e+02
9.997456000000000120e-01 5.595697000000000171e-03 -2.184987000000000040e-02 1.279597137790461581e+00 -5.621433000000000332e-03 9.999835999999999725e-01 -1.116570000000000106e-03 2.855759043097761962e-01 2.184325999999999976e-02 1.239113999999999927e-03 9.997605999999999993e-01 2.885426153535007643e+02
9.997468999999999939e-01 5.730088999999999842e-03 -2.175759000000000026e-02 1.279597137790461581e+00 -5.729520999999999573e-03 9.999835999999999725e-01 8.851327000000000305e-05 2.855759043097761962e-01 2.175774000000000111e-02 3.617046999999999998e-05 9.997633000000000214e-01 2.885426153535007643e+02
9.997473000000000054e-01 6.200803000000000391e-03 -2.160646999999999915e-02 1.279597137790461581e+00 -6.179958000000000153e-03 9.999803000000000441e-01 1.031475000000000013e-03 2.855759043097761962e-01 2.161244000000000012e-02 -8.976859999999999701e-04 9.997660000000000435e-01 2.885426153535007643e+02
9.997432000000000540e-01 6.994168000000000260e-03 -2.155419000000000085e-02 1.279597137790461581e+00 -6.982521000000000214e-03 9.999753999999999587e-01 6.156643999999999528e-04 2.855759043097761962e-01 2.155796999999999922e-02 -4.650028999999999860e-04 9.997675000000000312e-01 2.885426153535007643e+02
9.997392999999999974e-01 7.822383000000000461e-03 -2.144963000000000078e-02 1.279597137790461581e+00 -7.813016000000000752e-03 9.999692999999999499e-01 5.205580999999999924e-04 2.855759043097761962e-01 2.145303999999999961e-02 -3.528353000000000132e-04 9.997698000000000418e-01 2.885426153535007643e+02
9.997217000000000464e-01 1.079816999999999930e-02 -2.097680000000000031e-02 1.279597137790461581e+00 -1.075807999999999973e-02 9.999400999999999984e-01 2.023359000000000182e-03 2.855759043097761962e-01 2.099739999999999940e-02 -1.797124999999999894e-03 9.997778999999999971e-01 2.885426153535007643e+02
9.997511000000000037e-01 1.107362999999999924e-02 -1.936701000000000047e-02 1.279597137790461581e+00 -1.097597999999999976e-02 9.999265000000000514e-01 5.141411000000000245e-03 2.855759043097761962e-01 1.942251999999999867e-02 -4.927556999999999944e-03 9.997991999999999990e-01 2.885426153535007643e+02
9.997772999999999799e-01 1.163716000000000056e-02 -1.760588999999999904e-02 1.279597137790461581e+00 -1.149999999999999981e-02 9.999029000000000389e-01 7.871628000000000305e-03 2.855759043097761962e-01 1.769578000000000123e-02 -7.667405000000000401e-03 9.998139999999999805e-01 2.885426153535007643e+02
9.998038000000000203e-01 1.191970000000000009e-02 -1.582126999999999839e-02 1.279597137790461581e+00 -1.174383000000000024e-02 9.998687000000000547e-01 1.116291999999999979e-02 2.855759043097761962e-01 1.595225999999999936e-02 -1.097492000000000086e-02 9.998124999999999929e-01 2.885426153535007643e+02
9.998272999999999744e-01 1.160707000000000058e-02 -1.451319000000000047e-02 1.279597137790461581e+00 -1.141470999999999979e-02 9.998468000000000355e-01 1.326757999999999930e-02 2.855759043097761962e-01 1.466496999999999939e-02 -1.309961999999999932e-02 9.998067000000000482e-01 2.885426153535007643e+02
9.998654999999999626e-01 9.923126000000000863e-03 -1.305597000000000008e-02 1.279597137790461581e+00 -9.772671999999999609e-03 9.998856999999999884e-01 1.153768999999999975e-02 2.855759043097761962e-01 1.316897000000000033e-02 -1.140854000000000000e-02 9.998481999999999648e-01 2.885426153535007643e+02
9.998740000000000405e-01 1.039846999999999994e-02 -1.199805999999999963e-02 1.279597137790461581e+00 -1.028810999999999962e-02 9.999044999999999739e-01 9.223320999999999603e-03 2.855759043097761962e-01 1.209283000000000059e-02 -9.098718000000000430e-03 9.998854999999999826e-01 2.885426153535007643e+02
9.998707999999999485e-01 1.154740999999999927e-02 -1.118360000000000014e-02 1.279597137790461581e+00 -1.144655999999999972e-02 9.998936000000000490e-01 9.040289999999999437e-03 2.855759043097761962e-01 1.128679999999999961e-02 -8.911106000000000235e-03 9.998966000000000243e-01 2.885426153535007643e+02
9.998820000000000485e-01 1.057345999999999980e-02 -1.114334999999999978e-02 1.279597137790461581e+00 -1.047818000000000013e-02 9.999082999999999721e-01 8.574573999999999738e-03 2.855759043097761962e-01 1.123298999999999999e-02 -8.456797999999999746e-03 9.999012000000000455e-01 2.885426153535007643e+02
9.998803000000000551e-01 9.904895000000000366e-03 -1.188406000000000011e-02 1.279597137790461581e+00 -9.811863000000000529e-03 9.999209000000000014e-01 7.861425000000000010e-03 2.855759043097761962e-01 1.196098999999999947e-02 -7.743878000000000046e-03 9.998985000000000234e-01 2.885426153535007643e+02
9.998591999999999480e-01 1.007196999999999953e-02 -1.341953000000000069e-02 1.279597137790461581e+00 -9.967695000000000374e-03 9.999198000000000253e-01 7.815017000000000491e-03 2.855759043097761962e-01 1.349715999999999937e-02 -7.680153000000000327e-03 9.998793999999999738e-01 2.885426153535007643e+02
9.998373000000000399e-01 1.009707999999999960e-02 -1.494468000000000012e-02 1.279597137790461581e+00 -9.958178999999999295e-03 9.999067999999999845e-01 9.339764000000000399e-03 2.855759043097761962e-01 1.503758999999999998e-02 -9.189420999999999701e-03 9.998447000000000306e-01 2.885426153535007643e+02
9.998224999999999474e-01 1.009404000000000030e-02 -1.590911000000000061e-02 1.279597137790461581e+00 -9.940126999999999990e-03 9.999033000000000504e-01 9.724524999999999489e-03 2.855759043097761962e-01 1.600572999999999926e-02 -9.564658000000000188e-03 9.998261999999999983e-01 2.885426153535007643e+02
9.997987000000000402e-01 1.105266000000000061e-02 -1.674528999999999948e-02 1.279597137790461581e+00 -1.089511999999999946e-02 9.998958000000000013e-01 9.469923999999999356e-03 2.855759043097761962e-01 1.684822000000000056e-02 -9.285573999999999564e-03 9.998148999999999509e-01 2.885426153535007643e+02
9.997821000000000069e-01 1.144536999999999985e-02 -1.745777999999999913e-02 1.279597137790461581e+00 -1.128332999999999940e-02 9.998926000000000203e-01 9.352647000000000391e-03 2.855759043097761962e-01 1.756295999999999899e-02 -9.153625000000000303e-03 9.998038999999999676e-01 2.885426153535007643e+02
9.997861999999999583e-01 1.080106999999999942e-02 -1.763247999999999899e-02 1.279597137790461581e+00 -1.064713999999999938e-02 9.999046000000000323e-01 8.800715000000000621e-03 2.855759043097761962e-01 1.772585999999999953e-02 -8.611096000000000375e-03 9.998057999999999668e-01 2.885426153535007643e+02
9.997954999999999481e-01 9.508882999999999225e-03 -1.785066999999999904e-02 1.279597137790461581e+00 -9.370520000000000238e-03 9.999255000000000226e-01 7.818952000000000541e-03 2.855759043097761962e-01 1.792368999999999907e-02 -7.650080000000000074e-03 9.998101000000000349e-01 2.885426153535007643e+02
9.997930000000000428e-01 9.088419999999999832e-03 -1.820102999999999999e-02 1.279597137790461581e+00 -8.930260000000000628e-03 9.999217999999999718e-01 8.752215000000000689e-03 2.855759043097761962e-01 1.827915999999999916e-02 -8.587861000000000453e-03 9.997960000000000180e-01 2.885426153535007643e+02
9.997888999999999804e-01 9.083060000000000439e-03 -1.842881000000000033e-02 1.279597137790461581e+00 -8.882419000000000772e-03 9.999006999999999756e-01 1.094025000000000032e-02 2.855759043097761962e-01 1.852635000000000046e-02 -1.077425000000000084e-02 9.997703000000000007e-01 2.885426153535007643e+02
9.997791999999999790e-01 9.523956999999999562e-03 -1.872882000000000019e-02 1.279597137790461581e+00 -9.347319999999999240e-03 9.999112000000000000e-01 9.496443000000000245e-03 2.855759043097761962e-01 1.881760000000000030e-02 -9.319279999999999231e-03 9.997795000000000432e-01 2.885426153535007643e+02
9.997624000000000510e-01 1.103352999999999973e-02 -1.880211000000000035e-02 1.279597137790461581e+00 -1.088822000000000054e-02 9.999101999999999713e-01 7.813076999999999869e-03 2.855759043097761962e-01 1.888663000000000147e-02 -7.606495999999999917e-03 9.997926999999999786e-01 2.885426153535007643e+02
9.997346999999999761e-01 1.319592999999999981e-02 -1.887928999999999996e-02 1.279597137790461581e+00 -1.304722000000000000e-02 9.998829999999999663e-01 7.978687999999999406e-03 2.855759043097761962e-01 1.898236999999999841e-02 -7.730245999999999645e-03 9.997899000000000092e-01 2.885426153535007643e+02
9.997103999999999990e-01 1.500434999999999963e-02 -1.881230999999999876e-02 1.279597137790461581e+00 -1.485153999999999988e-02 9.998557999999999613e-01 8.236958000000000821e-03 2.855759043097761962e-01 1.893318999999999905e-02 -7.955178999999999723e-03 9.997890999999999861e-01 2.885426153535007643e+02
9.996882999999999742e-01 1.665714000000000083e-02 -1.859770000000000173e-02 1.279597137790461581e+00 -1.649733000000000102e-02 9.998259000000000452e-01 8.713768000000000208e-03 2.855759043097761962e-01 1.873961000000000029e-02 -8.404237000000000166e-03 9.997890999999999861e-01 2.885426153535007643e+02
9.996990999999999516e-01 1.706542999999999949e-02 -1.762359999999999968e-02 1.279597137790461581e+00 -1.689743999999999968e-02 9.998107999999999995e-01 9.637711999999999668e-03 2.855759043097761962e-01 1.778472999999999860e-02 -9.337016000000000066e-03 9.997983000000000287e-01 2.885426153535007643e+02
9.997036000000000255e-01 1.873150000000000162e-02 -1.555210999999999920e-02 1.279597137790461581e+00 -1.857394000000000059e-02 9.997753000000000334e-01 1.021438000000000033e-02 2.855759043097761962e-01 1.573994999999999908e-02 -9.922484000000000512e-03 9.998268999999999629e-01 2.885426153535007643e+02
9.997519999999999740e-01 1.814330999999999930e-02 -1.291316999999999986e-02 1.279597137790461581e+00 -1.802225000000000008e-02 9.997930999999999901e-01 9.430321000000000189e-03 2.855759043097761962e-01 1.308160000000000052e-02 -9.195254999999999401e-03 9.998721999999999888e-01 2.885426153535007643e+02
9.998363999999999585e-01 1.463831999999999980e-02 -1.062523999999999934e-02 1.279597137790461581e+00 -1.459780999999999926e-02 9.998858999999999941e-01 3.880944999999999794e-03 2.855759043097761962e-01 1.068084000000000047e-02 -3.725202999999999848e-03 9.999360000000000470e-01 2.885426153535007643e+02
9.998510999999999926e-01 1.519311999999999920e-02 -8.185862000000000346e-03 1.279597137790461581e+00 -1.517583999999999947e-02 9.998825000000000074e-01 2.169593000000000042e-03 2.855759043097761962e-01 8.217863000000000598e-03 -2.045041999999999954e-03 9.999641999999999697e-01 2.885426153535007643e+02
9.998810000000000198e-01 1.450242000000000024e-02 -5.257612000000000049e-03 1.279597137790461581e+00 -1.447063999999999989e-02 9.998770999999999631e-01 6.033895000000000057e-03 2.855759043097761962e-01 5.344472000000000285e-03 -5.957093999999999584e-03 9.999679999999999680e-01 2.885426153535007643e+02
9.998917000000000499e-01 1.459304999999999977e-02 -1.933842999999999977e-03 1.279597137790461581e+00 -1.457722000000000011e-02 9.998620000000000285e-01 7.962398000000000739e-03 2.855759043097761962e-01 2.049772000000000052e-03 -7.933343000000000686e-03 9.999664000000000330e-01 2.885426153535007643e+02
9.998850000000000238e-01 1.502471000000000015e-02 2.051607999999999904e-03 1.279597137790461581e+00 -1.503621999999999945e-02 9.998706000000000538e-01 5.712941000000000026e-03 2.855759043097761962e-01 -1.965507000000000018e-03 -5.743131000000000277e-03 9.999816000000000260e-01 2.885426153535007643e+02
9.998850000000000238e-01 1.413375000000000048e-02 5.503276999999999995e-03 1.279597137790461581e+00 -1.415116999999999937e-02 9.998949000000000309e-01 3.138992000000000171e-03 2.855759043097761962e-01 -5.458333999999999582e-03 -3.216506999999999960e-03 9.999799000000000326e-01 2.885426153535007643e+02
9.998797000000000379e-01 1.272916999999999972e-02 8.863338999999999593e-03 1.279597137790461581e+00 -1.272311999999999922e-02 9.999187999999999965e-01 -7.394367999999999471e-04 2.855759043097761962e-01 -8.872032000000000182e-03 6.265790999999999722e-04 9.999605000000000299e-01 2.885426153535007643e+02
9.998557999999999613e-01 1.187376000000000056e-02 1.214485000000000044e-02 1.279597137790461581e+00 -1.185234999999999934e-02 9.999280999999999864e-01 -1.833271000000000032e-03 2.855759043097761962e-01 -1.216574999999999948e-02 1.689062000000000072e-03 9.999246000000000523e-01 2.885426153535007643e+02
9.998072999999999544e-01 1.167642999999999980e-02 1.578167999999999932e-02 1.279597137790461581e+00 -1.167891000000000068e-02 9.999318000000000373e-01 6.528231999999999807e-05 2.855759043097761962e-01 -1.577983999999999984e-02 -2.495819000000000032e-04 9.998755000000000281e-01 2.885426153535007643e+02
9.997260000000000035e-01 1.277107000000000069e-02 1.961989000000000094e-02 1.279597137790461581e+00 -1.279238000000000076e-02 9.999177000000000204e-01 9.604842000000000154e-04 2.855759043097761962e-01 -1.960601000000000010e-02 -1.211204999999999921e-03 9.998070999999999486e-01 2.885426153535007643e+02
9.996513999999999678e-01 1.244423000000000057e-02 2.328416000000000166e-02 1.279597137790461581e+00 -1.241599000000000001e-02 9.999219999999999775e-01 -1.357176999999999993e-03 2.855759043097761962e-01 -2.329923000000000063e-02 1.067608999999999963e-03 9.997279999999999500e-01 2.885426153535007643e+02
9.995737000000000094e-01 1.212482999999999964e-02 2.656002000000000016e-02 1.279597137790461581e+00 -1.202445000000000076e-02 9.999198999999999726e-01 -3.935726999999999975e-03 2.855759043097761962e-01 -2.660560999999999829e-02 3.614678999999999982e-03 9.996395000000000142e-01 2.885426153535007643e+02
9.994806999999999997e-01 1.221272999999999977e-02 2.981802000000000064e-02 1.279597137790461581e+00 -1.208867999999999922e-02 9.999175000000000146e-01 -4.336839999999999792e-03 2.855759043097761962e-01 -2.986853000000000077e-02 3.974127000000000041e-03 9.995458999999999872e-01 2.885426153535007643e+02
9.994064000000000281e-01 1.086438999999999981e-02 3.269309000000000104e-02 1.279597137790461581e+00 -1.076847000000000047e-02 9.999371999999999705e-01 -3.108732999999999809e-03 2.855759043097761962e-01 -3.272481000000000001e-02 2.754833999999999842e-03 9.994606000000000323e-01 2.885426153535007643e+02
9.993189000000000100e-01 1.010850999999999937e-02 3.549009000000000191e-02 1.279597137790461581e+00 -1.005139000000000032e-02 9.999479000000000006e-01 -1.787570999999999952e-03 2.855759043097761962e-01 -3.550630999999999926e-02 1.429628999999999969e-03 9.993684000000000456e-01 2.885426153535007643e+02
9.992252999999999830e-01 9.287853999999999902e-03 3.824407999999999974e-02 1.279597137790461581e+00 -9.297315000000000440e-03 9.999567999999999790e-01 6.948751000000000244e-05 2.855759043097761962e-01 -3.824178999999999773e-02 -4.250003000000000244e-04 9.992683999999999456e-01 2.885426153535007643e+02
9.991383999999999821e-01 8.157564000000000828e-03 4.069360000000000338e-02 1.279597137790461581e+00 -8.214535999999999713e-03 9.999654999999999516e-01 1.232957000000000020e-03 2.855759043097761962e-01 -4.068213999999999858e-02 -1.566172999999999914e-03 9.991708999999999730e-01 2.885426153535007643e+02
9.990531000000000272e-01 6.863193000000000071e-03 4.296189999999999731e-02 1.279597137790461581e+00 -6.830005999999999577e-03 9.999761999999999817e-01 -9.192472999999999833e-04 2.855759043097761962e-01 -4.296719000000000233e-02 6.249473000000000398e-04 9.990763000000000282e-01 2.885426153535007643e+02
9.989654999999999507e-01 5.398509999999999594e-03 4.515418999999999683e-02 1.279597137790461581e+00 -5.201347999999999736e-03 9.999763999999999875e-01 -4.482797999999999644e-03 2.855759043097761962e-01 -4.517733000000000165e-02 4.243297000000000041e-03 9.989700000000000246e-01 2.885426153535007643e+02
9.988685000000000480e-01 5.748712999999999913e-03 4.720814000000000260e-02 1.279597137790461581e+00 -5.394134000000000081e-03 9.999563000000000201e-01 -7.634949000000000249e-03 2.855759043097761962e-01 -4.724997000000000225e-02 7.371662999999999653e-03 9.988559000000000188e-01 2.885426153535007643e+02
9.987897000000000025e-01 5.894856000000000401e-03 4.883027000000000201e-02 1.279597137790461581e+00 -5.478099999999999636e-03 9.999474000000000418e-01 -8.664244999999999239e-03 2.855759043097761962e-01 -4.887877999999999667e-02 8.386259999999999548e-03 9.987694999999999768e-01 2.885426153535007643e+02
9.987595000000000223e-01 5.954324999999999896e-03 4.943638000000000199e-02 1.279597137790461581e+00 -5.563041999999999813e-03 9.999521000000000104e-01 -8.048730999999999941e-03 2.855759043097761962e-01 -4.948194000000000203e-02 7.763728999999999596e-03 9.987449000000000465e-01 2.885426153535007643e+02
9.987949999999999884e-01 6.151443000000000362e-03 4.869060000000000055e-02 1.279597137790461581e+00 -5.864211999999999723e-03 9.999645000000000339e-01 -6.039799000000000209e-03 2.855759043097761962e-01 -4.872602999999999657e-02 5.746987999999999749e-03 9.987956999999999530e-01 2.885426153535007643e+02
9.988645000000000440e-01 5.468001999999999585e-03 4.732676999999999717e-02 1.279597137790461581e+00 -5.265286999999999572e-03 9.999763999999999875e-01 -4.406916999999999779e-03 2.855759043097761962e-01 -4.734975000000000295e-02 4.152723999999999999e-03 9.988696999999999715e-01 2.885426153535007643e+02
9.989556000000000546e-01 5.748434000000000182e-03 4.532807999999999976e-02 1.279597137790461581e+00 -5.583725000000000320e-03 9.999772999999999579e-01 -3.759516999999999980e-03 2.855759043097761962e-01 -4.534867000000000065e-02 3.502490999999999938e-03 9.989651000000000503e-01 2.885426153535007643e+02
9.990632000000000401e-01 5.895616999999999698e-03 4.287053999999999865e-02 1.279597137790461581e+00 -5.765334999999999904e-03 9.999784000000000450e-01 -3.161990999999999847e-03 2.855759043097761962e-01 -4.288825000000000276e-02 2.911865999999999934e-03 9.990755999999999526e-01 2.885426153535007643e+02
9.991887000000000407e-01 6.377172000000000396e-03 3.976665000000000061e-02 1.279597137790461581e+00 -6.255911999999999758e-03 9.999753999999999587e-01 -3.173038999999999894e-03 2.855759043097761962e-01 -3.978591000000000072e-02 2.921687999999999976e-03 9.992039999999999811e-01 2.885426153535007643e+02
9.993208000000000091e-01 7.835241999999999207e-03 3.600760000000000072e-02 1.279597137790461581e+00 -7.714880000000000349e-03 9.999641999999999697e-01 -3.480448000000000135e-03 2.855759043097761962e-01 -3.603358000000000255e-02 3.200290000000000166e-03 9.993454999999999977e-01 2.885426153535007643e+02
9.994528999999999774e-01 7.975423000000000581e-03 3.209954000000000279e-02 1.279597137790461581e+00 -7.874505000000000393e-03 9.999635999999999525e-01 -3.269148999999999840e-03 2.855759043097761962e-01 -3.212444999999999884e-02 3.014591999999999966e-03 9.994792999999999594e-01 2.885426153535007643e+02
9.995690999999999882e-01 8.622269999999999587e-03 2.805898999999999893e-02 1.279597137790461581e+00 -8.565552000000000582e-03 9.999609999999999888e-01 -2.141033000000000085e-03 2.855759043097761962e-01 -2.807636000000000159e-02 1.899770000000000061e-03 9.996040000000000481e-01 2.885426153535007643e+02
9.996793999999999958e-01 8.809001999999999805e-03 2.373857000000000050e-02 1.279597137790461581e+00 -8.780628000000000391e-03 9.999605999999999772e-01 -1.299316000000000013e-03 2.855759043097761962e-01 -2.374907999999999880e-02 1.090461000000000034e-03 9.997173999999999783e-01 2.885426153535007643e+02
9.997736999999999874e-01 8.964039999999999508e-03 1.929126000000000105e-02 1.279597137790461581e+00 -8.955499000000000445e-03 9.999597000000000069e-01 -5.291834999999999725e-04 2.855759043097761962e-01 -1.929523000000000002e-02 3.563015000000000106e-04 9.998137999999999748e-01 2.885426153535007643e+02
9.998512000000000510e-01 9.347450999999999677e-03 1.450219999999999981e-02 1.279597137790461581e+00 -9.343926000000000662e-03 9.999563000000000201e-01 -3.109408000000000029e-04 2.855759043097761962e-01 -1.450447000000000021e-02 1.753876999999999878e-04 9.998947999999999725e-01 2.885426153535007643e+02
9.999025000000000274e-01 1.017828999999999956e-02 9.563340999999999509e-03 1.279597137790461581e+00 -1.017616000000000007e-02 9.999481999999999537e-01 -2.718613000000000258e-04 2.855759043097761962e-01 -9.565613000000000588e-03 1.745173000000000037e-04 9.999542000000000153e-01 2.885426153535007643e+02
9.999322000000000488e-01 1.069373000000000025e-02 4.603702000000000315e-03 1.279597137790461581e+00 -1.069143000000000003e-02 9.999426999999999621e-01 -5.259432000000000300e-04 2.855759043097761962e-01 -4.609061999999999708e-03 4.766880000000000141e-04 9.999892999999999699e-01 2.885426153535007643e+02
9.999329999999999607e-01 1.157951999999999940e-02 -4.926627999999999818e-05 1.279597137790461581e+00 -1.157957000000000083e-02 9.999322999999999961e-01 -1.083757999999999987e-03 2.855759043097761962e-01 3.671389000000000027e-05 1.084256000000000022e-03 9.999993999999999827e-01 2.885426153535007643e+02
9.999029999999999863e-01 1.341513000000000080e-02 -3.741015999999999786e-03 1.279597137790461581e+00 -1.342028999999999965e-02 9.999090000000000478e-01 -1.356297000000000015e-03 2.855759043097761962e-01 3.722482000000000048e-03 1.406371000000000010e-03 9.999921000000000504e-01 2.885426153535007643e+02
9.998586000000000418e-01 1.576019000000000031e-02 -5.858554999999999666e-03 1.279597137790461581e+00 -1.576711000000000085e-02 9.998749999999999583e-01 -1.137254000000000086e-03 2.855759043097761962e-01 5.839900000000000299e-03 1.229466999999999930e-03 9.999822000000000433e-01 2.885426153535007643e+02
9.998369999999999758e-01 1.671111000000000124e-02 -6.828606000000000086e-03 1.279597137790461581e+00 -1.672109999999999916e-02 9.998591999999999480e-01 -1.409242999999999911e-03 2.855759043097761962e-01 6.804095999999999929e-03 1.523196000000000098e-03 9.999757000000000229e-01 2.885426153535007643e+02
9.997911999999999910e-01 1.884223000000000148e-02 -7.907588999999999591e-03 1.279597137790461581e+00 -1.885055000000000064e-02 9.998217999999999828e-01 -9.793676000000000725e-04 2.855759043097761962e-01 7.887727000000000627e-03 1.128225999999999968e-03 9.999683000000000321e-01 2.885426153535007643e+02
9.997551999999999550e-01 2.025636000000000103e-02 -8.898889999999999578e-03 1.279597137790461581e+00 -2.025534999999999836e-02 9.997947999999999835e-01 2.043085000000000040e-04 2.855759043097761962e-01 8.901203999999999367e-03 -2.400767999999999915e-05 9.999603999999999715e-01 2.885426153535007643e+02
9.997473999999999528e-01 2.029455999999999968e-02 -9.654302999999999496e-03 1.279597137790461581e+00 -2.029376999999999917e-02 9.997939999999999605e-01 1.809995000000000007e-04 2.855759043097761962e-01 9.655989000000000239e-03 1.496908999999999969e-05 9.999533999999999923e-01 2.885426153535007643e+02
9.996671999999999780e-01 2.356820000000000095e-02 -1.049308000000000012e-02 1.279597137790461581e+00 -2.354958999999999872e-02 9.997207999999999650e-01 1.894705000000000000e-03 2.855759043097761962e-01 1.053481000000000035e-02 -1.646965000000000017e-03 9.999432000000000320e-01 2.885426153535007643e+02
9.996211999999999875e-01 2.520160999999999929e-02 -1.106574999999999920e-02 1.279597137790461581e+00 -2.514941999999999872e-02 9.996720000000000050e-01 4.830972000000000217e-03 2.855759043097761962e-01 1.118387000000000027e-02 -4.550842999999999729e-03 9.999270999999999576e-01 2.885426153535007643e+02
9.996376000000000150e-01 2.417675999999999853e-02 -1.184163000000000056e-02 1.279597137790461581e+00 -2.411481000000000041e-02 9.996949000000000529e-01 5.347020000000000071e-03 2.855759043097761962e-01 1.196730000000000016e-02 -5.059522000000000325e-03 9.999156000000000155e-01 2.885426153535007643e+02
9.996380999999999739e-01 2.388105999999999909e-02 -1.238522000000000060e-02 1.279597137790461581e+00 -2.384011000000000116e-02 9.997097999999999818e-01 3.443432000000000177e-03 2.855759043097761962e-01 1.246386000000000022e-02 -3.146919000000000192e-03 9.999173999999999563e-01 2.885426153535007643e+02
9.996899999999999675e-01 2.116354999999999972e-02 -1.311679999999999964e-02 1.279597137790461581e+00 -2.111079999999999901e-02 9.997684999999999489e-01 4.147836999999999705e-03 2.855759043097761962e-01 1.320154999999999940e-02 -3.869644000000000209e-03 9.999054000000000553e-01 2.885426153535007643e+02
9.997230000000000283e-01 1.881769000000000150e-02 -1.413890999999999933e-02 1.279597137790461581e+00 -1.873313999999999882e-02 9.998059999999999725e-01 6.088650999999999612e-03 2.855759043097761962e-01 1.425074999999999953e-02 -5.822097000000000036e-03 9.998814999999999786e-01 2.885426153535007643e+02
9.997671000000000197e-01 1.603320999999999913e-02 -1.444670999999999976e-02 1.279597137790461581e+00 -1.591963999999999879e-02 9.998417000000000554e-01 7.941936000000000134e-03 2.855759043097761962e-01 1.457175999999999957e-02 -7.710096999999999957e-03 9.998641000000000334e-01 2.885426153535007643e+02
9.997890999999999861e-01 1.427646999999999944e-02 -1.476541999999999959e-02 1.279597137790461581e+00 -1.413295000000000003e-02 9.998523000000000271e-01 9.779037000000000840e-03 2.855759043097761962e-01 1.490285000000000047e-02 -9.568293000000000284e-03 9.998432000000000430e-01 2.885426153535007643e+02
9.998428999999999789e-01 9.895167999999999325e-03 -1.470928999999999987e-02 1.279597137790461581e+00 -9.781329000000000065e-03 9.999217999999999718e-01 7.791336999999999742e-03 2.855759043097761962e-01 1.478523999999999984e-02 -7.646234000000000017e-03 9.998614999999999586e-01 2.885426153535007643e+02
9.998650000000000038e-01 7.231493999999999769e-03 -1.475430999999999965e-02 1.279597137790461581e+00 -7.142444999999999870e-03 9.999559999999999560e-01 6.079343000000000073e-03 2.855759043097761962e-01 1.479761999999999918e-02 -5.973138999999999706e-03 9.998726999999999476e-01 2.885426153535007643e+02
9.998778000000000388e-01 5.644587999999999862e-03 -1.457692000000000015e-02 1.279597137790461581e+00 -5.557022000000000003e-03 9.999662999999999746e-01 6.040789000000000401e-03 2.855759043097761962e-01 1.461053000000000004e-02 -5.959044999999999620e-03 9.998755000000000281e-01 2.885426153535007643e+02
9.998820000000000485e-01 5.598248000000000113e-03 -1.430578000000000058e-02 1.279597137790461581e+00 -5.506330999999999726e-03 9.999639999999999640e-01 6.456573999999999647e-03 2.855759043097761962e-01 1.434142000000000056e-02 -6.377037000000000330e-03 9.998768000000000100e-01 2.885426153535007643e+02
9.998896999999999924e-01 5.971144999999999751e-03 -1.360250999999999995e-02 1.279597137790461581e+00 -5.859503999999999754e-03 9.999489000000000294e-01 8.232570999999999292e-03 2.855759043097761962e-01 1.365098000000000006e-02 -8.151956000000000133e-03 9.998736000000000290e-01 2.885426153535007643e+02
9.998799999999999910e-01 8.591961999999999863e-03 -1.289360999999999979e-02 1.279597137790461581e+00 -8.463477999999999973e-03 9.999143000000000336e-01 9.986780000000000657e-03 2.855759043097761962e-01 1.297830999999999985e-02 -9.876453999999999789e-03 9.998669999999999503e-01 2.885426153535007643e+02
9.998865999999999588e-01 8.660587000000000840e-03 -1.231871000000000008e-02 1.279597137790461581e+00 -8.547756999999999578e-03 9.999213000000000129e-01 9.182759999999999881e-03 2.855759043097761962e-01 1.239727000000000016e-02 -9.076419000000000500e-03 9.998820000000000485e-01 2.885426153535007643e+02
9.998890000000000278e-01 8.954281999999999173e-03 -1.191151000000000015e-02 1.279597137790461581e+00 -8.876444000000000695e-03 9.999390000000000223e-01 6.571729000000000112e-03 2.855759043097761962e-01 1.196963000000000020e-02 -6.465265000000000421e-03 9.999074999999999491e-01 2.885426153535007643e+02
9.998924999999999619e-01 9.105109999999999593e-03 -1.149424999999999926e-02 1.279597137790461581e+00 -9.053900999999999616e-03 9.999489000000000294e-01 4.499613000000000397e-03 2.855759043097761962e-01 1.153464000000000052e-02 -4.395060000000000112e-03 9.999238000000000293e-01 2.885426153535007643e+02
9.999061000000000199e-01 7.812498000000000185e-03 -1.125844999999999971e-02 1.279597137790461581e+00 -7.808798999999999949e-03 9.999694000000000083e-01 3.725598000000000104e-04 2.855759043097761962e-01 1.126102000000000006e-02 -2.846090000000000121e-04 9.999365999999999532e-01 2.885426153535007643e+02
9.999109999999999943e-01 7.891192999999999472e-03 -1.075911000000000055e-02 1.279597137790461581e+00 -7.925180000000000419e-03 9.999637000000000109e-01 -3.119780999999999856e-03 2.855759043097761962e-01 1.073409999999999989e-02 3.204770999999999922e-03 9.999373000000000289e-01 2.885426153535007643e+02
9.999147000000000451e-01 7.643518999999999661e-03 -1.059072999999999959e-02 1.279597137790461581e+00 -7.688831999999999611e-03 9.999614000000000003e-01 -4.244256000000000070e-03 2.855759043097761962e-01 1.055788000000000039e-02 4.325324999999999656e-03 9.999348999999999599e-01 2.885426153535007643e+02
9.999150999999999456e-01 7.470657000000000339e-03 -1.068148000000000014e-02 1.279597137790461581e+00 -7.512241999999999705e-03 9.999643000000000281e-01 -3.858175000000000146e-03 2.855759043097761962e-01 1.065227000000000014e-02 3.938088999999999652e-03 9.999354999999999771e-01 2.885426153535007643e+02
9.999103999999999770e-01 8.117232999999999740e-03 -1.064694000000000057e-02 1.279597137790461581e+00 -8.155001999999999737e-03 9.999605999999999772e-01 -3.508695999999999950e-03 2.855759043097761962e-01 1.061804000000000046e-02 3.595207999999999911e-03 9.999371999999999705e-01 2.885426153535007643e+02
9.999008000000000340e-01 8.932264000000000523e-03 -1.088975000000000012e-02 1.279597137790461581e+00 -8.957684000000000479e-03 9.999571999999999905e-01 -2.287656999999999798e-03 2.855759043097761962e-01 1.086884999999999935e-02 2.384977999999999838e-03 9.999381000000000519e-01 2.885426153535007643e+02
9.998936999999999964e-01 9.403346999999999400e-03 -1.114181000000000026e-02 1.279597137790461581e+00 -9.423054999999999626e-03 9.999540999999999569e-01 -1.717437000000000043e-03 2.855759043097761962e-01 1.112515000000000032e-02 1.822244999999999898e-03 9.999365000000000059e-01 2.885426153535007643e+02
9.998850000000000238e-01 9.671333000000000707e-03 -1.168366000000000023e-02 1.279597137790461581e+00 -9.694938000000000167e-03 9.999510000000000343e-01 -1.965175999999999902e-03 2.855759043097761962e-01 1.166408000000000028e-02 2.078223000000000136e-03 9.999297999999999798e-01 2.885426153535007643e+02
9.998742000000000463e-01 9.992074000000000095e-03 -1.232231999999999945e-02 1.279597137790461581e+00 -1.001482000000000067e-02 9.999481999999999537e-01 -1.785279000000000076e-03 2.855759043097761962e-01 1.230384999999999986e-02 1.908460999999999968e-03 9.999225000000000474e-01 2.885426153535007643e+02
9.998709000000000069e-01 9.437093000000000564e-03 -1.300483000000000021e-02 1.279597137790461581e+00 -9.446747999999999604e-03 9.999550999999999856e-01 -6.809684000000000310e-04 2.855759043097761962e-01 1.299782000000000021e-02 8.037345000000000210e-04 9.999152000000000040e-01 2.885426153535007643e+02
