1.000000000000000000e+00 0.000000000000000000e+00 0.000000000000000000e+00 5.050604582347054006e+00 0.000000000000000000e+00 1.000000000000000000e+00 0.000000000000000000e+00 -3.782767223039076310e+00 0.000000000000000000e+00 0.000000000000000000e+00 1.000000000000000000e+00 1.293050980459856447e+01
9.999750460737749647e-01 1.496356371207719846e-03 -6.904212291209074932e-03 5.050604582347054006e+00 -1.498483335977062684e-03 9.999988313974458309e-01 -3.029049925459819802e-04 -3.782767223039076310e+00 6.903750969113490142e-03 3.132432809435696194e-04 9.999761197654688516e-01 1.293050980459856447e+01
9.998928672292216602e-01 2.704431559082524396e-03 -1.438541323940527653e-02 5.050604582347054006e+00 -2.721629319703035028e-03 9.999956048017805132e-01 -1.176057382688843606e-03 -3.782767223039076310e+00 1.438216944596158557e-02 1.215083150851251461e-03 9.998958329620961649e-01 1.293050980459856447e+01
9.997155913347404166e-01 4.367509043565166553e-03 -2.344485672774992285e-02 5.050604582347054006e+00 -4.433845830687364008e-03 9.999863110900231167e-01 -2.778244718746759618e-03 -3.782767223039076310e+00 2.343240178428239451e-02 2.881405442127932866e-03 9.997212711797713869e-01 1.293050980459856447e+01
9.993865145878523260e-01 4.225538180511587485e-03 -3.476692806431960076e-02 5.050604582347054006e+00 -4.378181057046315675e-03 9.999811038048834755e-01 -4.315502728364407556e-03 -3.782767223039076310e+00 3.474803578011649574e-02 4.465071136257368380e-03 9.993861301564935795e-01 1.293050980459856447e+01
9.988119270431842223e-01 4.832094486511256948e-03 -4.849108432644640837e-02 5.050604582347054006e+00 -5.089714264975027554e-03 9.999735756031578049e-01 -5.190655463083779404e-03 -3.782767223039076310e+00 4.846472124114632740e-02 5.431294349320362272e-03 9.988101280206910237e-01 1.293050980459856447e+01
9.978851636703212069e-01 5.686961335086982393e-03 -6.475228642626955355e-02 5.050604582347054006e+00 -6.030746077568348469e-03 9.999687329044313344e-01 -5.115008822462939649e-03 -3.782767223039076310e+00 6.472117295293962347e-02 5.494696013357374537e-03 9.978882593193070250e-01 1.293050980459856447e+01
9.965061808508185459e-01 4.946690570853724649e-03 -8.337242816730276729e-02 5.050604582347054006e+00 -5.381597963599397440e-03 9.999730562208886120e-01 -4.992517963253573395e-03 -3.782767223039076310e+00 8.334548535748065312e-02 5.423751898036418759e-03 9.965059523083014126e-01 1.293050980459856447e+01
9.946396883869722538e-01 4.906647966297924580e-03 -1.032851155355979933e-01 5.050604582347054006e+00 -5.482637644090775780e-03 9.999709591564251987e-01 -5.293536458957002339e-03 -3.782767223039076310e+00 1.032561425288133078e-01 5.831436316511802616e-03 9.946377045842148545e-01 1.293050980459856447e+01
9.920827410988634076e-01 5.505184800229596769e-03 -1.254652452039254074e-01 5.050604582347054006e+00 -6.275835562477727163e-03 9.999637870642237303e-01 -5.747908155844244117e-03 -3.782767223039076310e+00 1.254290584424460897e-01 6.489799726540252528e-03 9.920813645048226492e-01 1.293050980459856447e+01
9.887262598563428817e-01 1.028805409396180842e-02 -1.493805175163332444e-01 5.050604582347054006e+00 -1.137288813786171450e-02 9.999147824571381626e-01 -6.409776836773867052e-03 -3.782767223039076310e+00 1.493018435448521808e-01 8.036402594026393828e-03 9.887590079222818851e-01 1.293050980459856447e+01
9.845401404065722284e-01 1.535907612697129908e-02 -1.744844139421430351e-01 5.050604582347054006e+00 -1.685612285605761138e-02 9.998327090993317512e-01 -7.101051848285105071e-03 -3.782767223039076310e+00 1.743461586914627770e-01 9.932401301620936984e-03 9.846343302738913561e-01 1.293050980459856447e+01
9.793416719010156202e-01 1.848127702310169498e-02 -2.013661641828611570e-01 5.050604582347054006e+00 -2.043438895325742910e-02 9.997621211267442298e-01 -7.624756275425601491e-03 -3.782767223039076310e+00 2.011773481936538210e-01 1.158203607955114560e-02 9.794863608106143538e-01 1.293050980459856447e+01
9.728053228741859737e-01 1.851076575142921593e-02 -2.308834236989451005e-01 5.050604582347054006e+00 -2.088925137103563381e-02 9.997508893403328489e-01 -7.861198405499461930e-03 -3.782767223039076310e+00 2.306803913747516588e-01 1.247039752809252743e-02 9.729496627373291906e-01 1.293050980459856447e+01
9.649462095625261915e-01 2.128745390779259242e-02 -2.615829829270953644e-01 5.050604582347054006e+00 -2.399242607311615622e-02 9.996865631561676624e-01 -7.151149287709540961e-03 -3.782767223039076310e+00 2.613487634216767330e-01 1.317648477905461815e-02 9.651544975323006481e-01 1.293050980459856447e+01
9.557435676359504750e-01 2.299925922916848040e-02 -2.933006426815581436e-01 5.050604582347054006e+00 -2.592667372930869754e-02 9.996452563046555051e-01 -6.096649648206998486e-03 -3.782767223039076310e+00 2.930563777020379623e-01 1.343114375280512508e-02 9.560008179210160995e-01 1.293050980459856447e+01
9.446944004219807178e-01 2.465182110817315878e-02 -3.270241237697995573e-01 5.050604582347054006e+00 -2.785499235386380140e-02 9.995988908676082252e-01 -5.114369678956603299e-03 -3.782767223039076310e+00 3.267668728808364453e-01 1.394077086453503721e-02 9.450021511591292223e-01 1.293050980459856447e+01
9.325128144145932163e-01 2.704857815922933825e-02 -3.601225143921699678e-01 5.050604582347054006e+00 -3.068078024511140464e-02 9.995196701359304603e-01 -4.372497559902248192e-03 -3.782767223039076310e+00 3.598312669517836349e-01 1.512624973098851758e-02 9.328947721436484652e-01 1.293050980459856447e+01
9.189131505271694866e-01 3.002242509111919047e-02 -3.933157456546583775e-01 5.050604582347054006e+00 -3.405402454276879737e-02 9.994146298037582810e-01 -3.274316212105103652e-03 -3.782767223039076310e+00 3.929872074262370507e-01 1.640279628186882763e-02 9.193976305568026808e-01 1.293050980459856447e+01
9.032706380062591744e-01 3.022084876469881970e-02 -4.280056714760996917e-01 5.050604582347054006e+00 -3.501540975379777154e-02 9.993812169852044347e-01 -3.332299047940552941e-03 -3.782767223039076310e+00 4.276401239307875968e-01 1.799676185074589041e-02 9.037699048803008450e-01 1.293050980459856447e+01
8.853002779045774373e-01 2.507234350404569795e-02 -4.643434025947750787e-01 5.050604582347054006e+00 -3.195461967859209579e-02 9.994651071999318681e-01 -6.957138134656121187e-03 -3.782767223039076310e+00 4.639205968948508785e-01 2.099707315421099618e-02 8.856279143611508475e-01 1.293050980459856447e+01
8.645827925988593954e-01 1.951681758361509256e-02 -5.021112312758654328e-01 5.050604582347054006e+00 -2.873211413610353426e-02 9.995307048570889474e-01 -1.062241333975094681e-02 -3.782767223039076310e+00 5.016682772103769894e-01 2.361067299545888121e-02 8.647378075240343964e-01 1.293050980459856447e+01
8.400684738633699133e-01 1.833807266922360055e-02 -5.421703369898125402e-01 5.050604582347054006e+00 -2.769097744901510838e-02 9.995751384008962903e-01 -9.096837843282650285e-03 -3.782767223039076310e+00 5.417731711600222155e-01 2.265519325909881240e-02 8.402193601849496929e-01 1.293050980459856447e+01
8.114816990399303931e-01 2.177134632925470728e-02 -5.839721402620843271e-01 5.050604582347054006e+00 -3.005996899065523087e-02 9.995379368931149866e-01 -4.506769989257751984e-03 -3.782767223039076310e+00 5.836041898303581110e-01 2.121134579574985440e-02 8.117611892804339480e-01 1.293050980459856447e+01
7.789363634973778261e-01 2.396287026308829143e-02 -6.266449732266550221e-01 5.050604582347054006e+00 -3.253942817403155524e-02 9.994679697933961382e-01 -2.227772693531091322e-03 -3.782767223039076310e+00 6.262581953440511384e-01 2.212596225752451809e-02 7.793016839187445477e-01 1.293050980459856447e+01
7.425110862033732495e-01 2.224577355369063147e-02 -6.694642727017511286e-01 5.050604582347054006e+00 -3.311157932195868403e-02 9.994454849741509772e-01 -3.513670387174152102e-03 -3.782767223039076310e+00 6.690148803874933492e-01 2.477595858452269831e-02 7.428359453448155625e-01 1.293050980459856447e+01
7.025361002822240186e-01 1.492767013924294409e-02 -7.114915266287145101e-01 5.050604582347054006e+00 -2.862900598959969289e-02 9.995634715966339456e-01 -7.297003887395552696e-03 -3.782767223039076310e+00 7.110720131015506595e-01 2.549570383219797523e-02 7.026567876778880839e-01 1.293050980459856447e+01
6.596591934473916563e-01 8.623663366556436408e-03 -7.515153896830570890e-01 5.050604582347054006e+00 -2.608392290606951006e-02 9.995944628344068938e-01 -1.142535936519572734e-02 -3.782767223039076310e+00 7.511120938090175558e-01 2.713931283090923949e-02 6.596166160982448456e-01 1.293050980459856447e+01
6.143569415365224273e-01 5.399459235614921353e-03 -7.890097554693814574e-01 5.050604582347054006e+00 -2.488551252836845515e-02 9.996117014443552939e-01 -1.253625150201154517e-02 -3.782767223039076310e+00 7.886356951419900563e-01 2.733664528584664466e-02 6.142527559339278076e-01 1.293050980459856447e+01
5.653556191340934900e-01 2.103503874256551758e-03 -8.248445909290773592e-01 5.050604582347054006e+00 -2.279708385105006993e-02 9.996545957176820041e-01 -1.307601729909281876e-02 -3.782767223039076310e+00 8.245321806220745620e-01 2.619665115943197939e-02 5.652082966364144756e-01 1.293050980459856447e+01
5.140595880146497931e-01 -1.122734449369396309e-03 -8.577537405558572914e-01 5.050604582347054006e+00 -2.000090283384540688e-02 9.997115582584232829e-01 -1.329526872035188476e-02 -3.782767223039076310e+00 8.575212556292927113e-01 2.399040958115326166e-02 5.138888560691786678e-01 1.293050980459856447e+01
4.615862586840908666e-01 -2.599325153972472779e-03 -8.870915225064253118e-01 5.050604582347054006e+00 -1.866779791054839696e-02 9.997458021225351654e-01 -1.264296086918696889e-02 -3.782767223039076310e+00 8.868988888904945078e-01 2.239586227660798207e-02 4.614204007601883095e-01 1.293050980459856447e+01
4.073648814853736977e-01 -3.806036752595508537e-03 -9.132575580944543026e-01 5.050604582347054006e+00 -1.696973025326194845e-02 9.997871232335854286e-01 -1.173611824425663253e-02 -3.782767223039076310e+00 9.131078148759533830e-01 2.027861683028549245e-02 4.072135755496266718e-01 1.293050980459856447e+01
3.524401267679873051e-01 -4.173724364915097455e-03 -9.358250568715774653e-01 5.050604582347054006e+00 -1.551846889667723821e-02 9.998264918158226155e-01 -1.030356182917690523e-02 -3.782767223039076310e+00 9.357056877923032312e-01 1.815396067502965047e-02 3.523142057098203050e-01 1.293050980459856447e+01
2.979975976674771321e-01 -6.655582991566360435e-03 -9.545434170321720480e-01 5.050604582347054006e+00 -1.175830120920897011e-02 9.998742322755117540e-01 -1.064246137553202624e-02 -3.782767223039076310e+00 9.544941980636054701e-01 1.439523693790927331e-02 2.978818608381778033e-01 1.293050980459856447e+01
2.446039837172008513e-01 -1.000577551908146332e-02 -9.695714391451191183e-01 5.050604582347054006e+00 -8.625277845332401938e-03 9.998847382336509826e-01 -1.249459201071235169e-02 -3.782767223039076310e+00 9.695847027113029259e-01 1.141905003426676654e-02 2.444894876360714786e-01 1.293050980459856447e+01
1.931894574896637073e-01 -1.196073294436739327e-02 -9.810885660236202677e-01 5.050604582347054006e+00 -7.586420010124582565e-03 9.998775943084543538e-01 -1.368366293680916418e-02 -3.782767223039076310e+00 9.811321418373158965e-01 1.008648934821957180e-02 1.930750708567753604e-01 1.293050980459856447e+01
1.454563760597246125e-01 -9.129834438800924282e-03 -9.893225403207452917e-01 5.050604582347054006e+00 -8.074977667756945768e-03 9.999131595445710508e-01 -1.041480221889508513e-02 -3.782767223039076310e+00 9.893317125207484741e-01 9.503656807437813742e-03 1.453700213525788154e-01 1.293050980459856447e+01
1.030577331595123880e-01 -6.116060499127364859e-03 -9.946565726118710149e-01 5.050604582347054006e+00 -8.571564515040958065e-03 9.999385050268349007e-01 -7.036650230262821160e-03 -3.782767223039076310e+00 9.946384428111487708e-01 9.250944204219388456e-03 1.029989714198310397e-01 1.293050980459856447e+01
6.543517800270652607e-02 -3.984667824427526144e-03 -9.978488662628642869e-01 5.050604582347054006e+00 -1.069796914997214222e-02 9.999317551499954382e-01 -4.694517942891983722e-03 -3.782767223039076310e+00 9.977994743112565956e-01 1.098214300484480488e-02 6.538808453533999365e-02 1.293050980459856447e+01
3.089353380364702126e-02 -4.196196234784271145e-03 -9.995138725932135593e-01 5.050604582347054006e+00 -1.368440904150430848e-02 9.998956873015013569e-01 -4.620764551827207488e-03 -3.782767223039076310e+00 9.994290002387899996e-01 1.382050842110409301e-02 3.083288875007447055e-02 1.293050980459856447e+01
-3.815186871959536400e-04 -3.621973459103179638e-03 -9.999933678538841519e-01 5.050604582347054006e+00 -1.675137417931236647e-02 9.998531505670369413e-01 -3.615074587771790245e-03 -3.782767223039076310e+00 9.998596130990567987e-01 1.674988386324029188e-02 -4.421356940741850831e-04 1.293050980459856447e+01
-2.682500881779475640e-02 -2.196592738520253447e-03 -9.996377313218359761e-01 5.050604582347054006e+00 -1.878319301377810377e-02 9.998221469641511705e-01 -1.692956054564343079e-03 -3.782767223039076310e+00 9.994636614515467476e-01 1.873097489018143991e-02 -2.686149693392027651e-02 1.293050980459856447e+01
-4.736577796944669433e-02 -8.804541674445517377e-04 -9.988772236255109016e-01 5.050604582347054006e+00 -2.151515594247915136e-02 9.997685125803688067e-01 1.389877981843868878e-04 -3.782767223039076310e+00 9.986458737420985665e-01 2.149758249888271758e-02 -4.737375649643865705e-02 1.293050980459856447e+01
-6.350608228673694511e-02 -7.430028515783982778e-04 -9.979811749022892142e-01 5.050604582347054006e+00 -2.282173296388382774e-02 9.997392996811873545e-01 7.079389058630130432e-04 -3.782767223039076310e+00 9.977204748911966403e-01 2.282061830301277197e-02 -6.350648284350854378e-02 1.293050980459856447e+01
-7.648028894589561921e-02 -8.130391140632128606e-04 -9.970707619673501165e-01 5.050604582347054006e+00 -2.263535263298942918e-02 9.997433633301793243e-01 9.210257550213639096e-04 -3.782767223039076310e+00 9.968141282174587392e-01 2.263948861304504803e-02 -7.647906472628504537e-02 1.293050980459856447e+01
-8.573432664507027456e-02 1.111004398955680846e-03 -9.963174147348539123e-01 5.050604582347054006e+00 -2.170634868585261112e-02 9.997599401465775415e-01 2.982700930403819114e-03 -3.782767223039076310e+00 9.960815527161640537e-01 2.188213306187372642e-02 -8.568962942630753421e-02 1.293050980459856447e+01
-9.225113405614993045e-02 3.448344232345564118e-03 -9.957298012952161548e-01 5.050604582347054006e+00 -2.010777759856650568e-02 9.997836358044733807e-01 5.325303525152109280e-03 -3.782767223039076310e+00 9.955327244974926382e-01 2.051317868209748263e-02 -9.216183567483635097e-02 1.293050980459856447e+01
-9.650403332657493671e-02 4.103807313899099536e-03 -9.953241332938908004e-01 5.050604582347054006e+00 -1.941641113510114702e-02 9.997934513507887866e-01 6.004799306460000506e-03 -3.782767223039076310e+00 9.951431929779431806e-01 1.990510993711237450e-02 -9.640441933882219760e-02 1.293050980459856447e+01
-9.775030237912624154e-02 2.455382351745619921e-03 -9.952079428352134105e-01 5.050604582347054006e+00 -1.937251971796045621e-02 9.998027869989839500e-01 4.369506704610002720e-03 -3.782767223039076310e+00 9.950224036998194244e-01 1.970680609766924454e-02 -9.768345780561969727e-02 1.293050980459856447e+01
-9.654013393236840490e-02 7.911354186216609840e-04 -9.953287781658234357e-01 5.050604582347054006e+00 -1.746694155077548744e-02 9.998443435519763778e-01 2.488899350984576184e-03 -3.782767223039076310e+00 9.951758178800277355e-01 1.762562826871541879e-02 -9.651128812191314688e-02 1.293050980459856447e+01
-9.517649582072836012e-02 1.459030832266435505e-03 -9.954593441584234093e-01 5.050604582347054006e+00 -1.496025076592946701e-02 9.998838956628340879e-01 2.895874848004330489e-03 -3.782767223039076310e+00 9.953479921817832698e-01 1.516794063626610359e-02 -9.514361794964158736e-02 1.293050980459856447e+01
-9.323789942080053239e-02 4.433122206287042413e-03 -9.956339897467851863e-01 5.050604582347054006e+00 -1.471022244864829583e-02 9.998748049011428884e-01 5.829569402019880650e-03 -3.782767223039076310e+00 9.955351844445819998e-01 1.518953427218250329e-02 -9.316101427896898712e-02 1.293050980459856447e+01
-9.166890743638203554e-02 6.795687404840677383e-03 -9.957663531381828470e-01 5.050604582347054006e+00 -1.725111108634546503e-02 9.998158064812665557e-01 8.411437243503629493e-03 -3.782767223039076310e+00 9.956401009278937897e-01 1.794914323611354265e-02 -9.153478945943407941e-02 1.293050980459856447e+01
-9.045032467582903024e-02 7.117806785403960577e-03 -9.958755321788980153e-01 5.050604582347054006e+00 -1.733707871534680145e-02 9.998116708727240454e-01 8.720578438950301117e-03 -3.782767223039076310e+00 9.957500512014322291e-01 1.805435164323750466e-02 -9.030988826860202046e-02 1.293050980459856447e+01
-8.863929794867587975e-02 7.148786579937337592e-03 -9.960381366742947495e-01 5.050604582347054006e+00 -1.455063050875744432e-02 9.998582498276364916e-01 8.471092220812576068e-03 -3.782767223039076310e+00 9.959575061271256358e-01 1.524385456669020283e-02 -8.852271396080303723e-02 1.293050980459856447e+01
-8.674807949819555997e-02 8.790982680531895729e-03 -9.961914922979849818e-01 5.050604582347054006e+00 -1.106716799938779229e-02 9.998908567910839151e-01 9.787353986945008730e-03 -3.782767223039076310e+00 9.961688052212074318e-01 1.187405276655909177e-02 -8.664132025222684441e-02 1.293050980459856447e+01
-8.504888335247333397e-02 8.863709943213698983e-03 -9.963373535537755066e-01 5.050604582347054006e+00 -8.888058098064761936e-03 9.999138954631452414e-01 9.654226171163385675e-03 -3.782767223039076310e+00 9.963371366479032432e-01 9.676585439147691869e-03 -8.496277908882275687e-02 1.293050980459856447e+01
-8.316436893180623180e-02 1.088426922372828613e-02 -9.964764023415911831e-01 5.050604582347054006e+00 -9.228863243416072365e-03 9.998890591284516072e-01 1.169177139933642168e-02 -3.782767223039076310e+00 9.964931087686500488e-01 1.016868323262252495e-02 -8.305469317206504165e-02 1.293050980459856447e+01
-8.141891020876203255e-02 1.346418246261938713e-02 -9.965890210367719382e-01 5.050604582347054006e+00 -1.184191723583859213e-02 9.998251011980628933e-01 1.447535873348703914e-02 -3.782767223039076310e+00 9.966096176821679364e-01 1.298009263822423251e-02 -8.124522840454111161e-02 1.293050980459856447e+01
-8.003797064136790318e-02 1.456747329893508767e-02 -9.966853625780289772e-01 5.050604582347054006e+00 -1.227476876359392434e-02 9.998029850383046702e-01 1.559875508802211971e-02 -3.782767223039076310e+00 9.967162350977392116e-01 1.348257505748104955e-02 -7.984338959743375597e-02 1.293050980459856447e+01
-7.856903694085067003e-02 1.219081165934263362e-02 -9.968341339186145289e-01 5.050604582347054006e+00 -1.007509863581855687e-02 9.998644510796412810e-01 1.302197583649763318e-02 -3.782767223039076310e+00 9.968577625828399791e-01 1.106632632332142652e-02 -7.843556336280134433e-02 1.293050980459856447e+01
-7.751708940891403887e-02 1.010041631141343939e-02 -9.969398589884483908e-01 5.050604582347054006e+00 -8.518713633921336237e-03 9.999054686473758391e-01 1.079283498878715226e-02 -3.782767223039076310e+00 9.969546290416598788e-01 9.329274323765951796e-03 -7.742371905946059119e-02 1.293050980459856447e+01
-7.569415965875044006e-02 9.027873545795881208e-03 -9.970902124145023526e-01 5.050604582347054006e+00 -7.535620018521759465e-03 9.999252782410925633e-01 9.625609872123744998e-03 -3.782767223039076310e+00 9.971026068687676158e-01 8.242295415416189472e-03 -7.562047303338552406e-02 1.293050980459856447e+01
-7.490838486082089520e-02 9.757708037587508113e-03 -9.971426783622275858e-01 5.050604582347054006e+00 -1.229161854935009388e-02 9.998671212494223415e-01 1.070775223053228864e-02 -3.782767223039076310e+00 9.971146624089831656e-01 1.305859786678478969e-02 -7.477849310311902864e-02 1.293050980459856447e+01
-7.449094989477059170e-02 9.102981406199646408e-03 -9.971801412549758936e-01 5.050604582347054006e+00 -1.953365309665867217e-02 9.997531595828181850e-01 1.058566487622989577e-02 -3.782767223039076310e+00 9.970303580034431956e-01 2.026710718604983821e-02 -7.429474803668843774e-02 1.293050980459856447e+01
-7.435504778150428540e-02 7.169754621128870097e-03 -9.972060576872181503e-01 5.050604582347054006e+00 -2.442849277879322392e-02 9.996609869818956495e-01 9.008876008644145159e-03 -3.782767223039076310e+00 9.969325832823233702e-01 2.503009638526142167e-02 -7.415469415335679271e-02 1.293050980459856447e+01
-7.482242793979342055e-02 6.476823896500516660e-03 -9.971758395736474156e-01 5.050604582347054006e+00 -2.402479237838128778e-02 9.996769427307975464e-01 8.295753346266639822e-03 -3.782767223039076310e+00 9.969074248035120211e-01 2.457765091745223174e-02 -7.464265166116348937e-02 1.293050980459856447e+01
-7.488447185949081986e-02 6.991547482023893756e-03 -9.971677061247683493e-01 5.050604582347054006e+00 -1.664500014812244147e-02 9.998273417295260312e-01 8.260187657631971880e-03 -3.782767223039076310e+00 9.970532883674744218e-01 1.721641640635170403e-02 -7.475516812722046711e-02 1.293050980459856447e+01
-7.471870750744891154e-02 8.840845720929416812e-03 -9.971654597885727389e-01 5.050604582347054006e+00 -9.418119369915179187e-03 9.999098445065480734e-01 9.570887441904958950e-03 -3.782767223039076310e+00 9.971601745837778141e-01 1.010654767120350815e-02 -7.462870706517292507e-02 1.293050980459856447e+01
-7.479709179816305953e-02 1.093894911665179749e-02 -9.971387739180345156e-01 5.050604582347054006e+00 -4.135527644345681798e-03 9.999278296193810922e-01 1.127975903011367749e-02 -3.782767223039076310e+00 9.971901987432687520e-01 4.967388136423525787e-03 -7.474645533710694290e-02 1.293050980459856447e+01
-7.486103698162700770e-02 1.298361261688669131e-02 -9.971094478267924499e-01 5.050604582347054006e+00 -3.480588729063244843e-03 9.999057413167792285e-01 1.328133968551326732e-02 -3.782767223039076310e+00 9.971879013727223962e-01 4.464782767111132034e-03 -7.480879006311985657e-02 1.293050980459856447e+01
-7.503922497739533293e-02 1.351019970881280410e-02 -9.970890578171142105e-01 5.050604582347054006e+00 -6.885228144825954362e-03 9.998773609978376387e-01 1.406615076679968400e-02 -3.782767223039076310e+00 9.971568123159894048e-01 7.920698695736196407e-03 -7.493700143444387285e-02 1.293050980459856447e+01
-7.515625998761622795e-02 1.423889326787847187e-02 -9.970701031036787176e-01 5.050604582347054006e+00 -9.916099329910256499e-03 9.998379340176907215e-01 1.502586680747953346e-02 -3.782767223039076310e+00 9.971224636717161971e-01 1.101633413358213062e-02 -7.500288543452250656e-02 1.293050980459856447e+01
-7.519845839412038491e-02 1.598939325391769001e-02 -9.970403859215132281e-01 5.050604582347054006e+00 -8.601899484270082025e-03 9.998238302261693855e-01 1.668280063824026035e-02 -3.782767223039076310e+00 9.971314854022061969e-01 9.830962071146788495e-03 -7.504767154512816119e-02 1.293050980459856447e+01
-7.458110414250823661e-02 1.734986305348247201e-02 -9.970640105614636539e-01 5.050604582347054006e+00 -6.293448675842607670e-03 9.998205370063326658e-01 1.786858371930920286e-02 -3.782767223039076310e+00 9.971950919497390986e-01 7.607629880247253860e-03 -7.445852912162793935e-02 1.293050980459856447e+01
-7.439543639879558912e-02 1.883038258825466688e-02 -9.970510196246795687e-01 5.050604582347054006e+00 -7.807992866080192516e-03 9.997800596566410736e-01 1.946452055323984881e-02 -3.782767223039076310e+00 9.971982522499905910e-01 9.233038749199050724e-03 -7.423204634805516400e-02 1.293050980459856447e+01
-7.390205327486383535e-02 1.965319902778169328e-02 -9.970718320611278163e-01 5.050604582347054006e+00 -1.303928582621251969e-02 9.997012886907131746e-01 2.067148797911256067e-02 -3.782767223039076310e+00 9.971802562961730176e-01 1.452877001341346466e-02 -7.362371421624855361e-02 1.293050980459856447e+01
-7.372950965470863316e-02 2.147733347750801700e-02 -9.970469816176028566e-01 5.050604582347054006e+00 -1.705917105666131597e-02 9.995946337589962649e-01 2.279370182919737350e-02 -3.782767223039076310e+00 9.971323603659323354e-01 1.868936347002486675e-02 -7.333323669489522079e-02 1.293050980459856447e+01
-7.296476031643418791e-02 2.167133162225535689e-02 -9.970990407866632266e-01 5.050604582347054006e+00 -1.631501733666507539e-02 9.996041762689996668e-01 2.291966393470306479e-02 -3.782767223039076310e+00 9.972010649619611478e-01 1.794001592233532977e-02 -7.258231098164860673e-02 1.293050980459856447e+01
-7.245177879902628404e-02 2.108776218233962205e-02 -9.971489587995358006e-01 5.050604582347054006e+00 -1.400154358975875743e-02 9.996564280607288522e-01 2.215812749240783988e-02 -3.782767223039076310e+00 9.972736317209840440e-01 1.556702036379478682e-02 -7.213162517947428742e-02 1.293050980459856447e+01
-7.150671357789109561e-02 2.162313124365591518e-02 -9.972057110288274906e-01 5.050604582347054006e+00 -9.373878194474740549e-03 9.997062714055569010e-01 2.234952616936054792e-02 -3.782767223039076310e+00 9.973960699345494341e-01 1.094582603641282292e-02 -7.128301741295757499e-02 1.293050980459856447e+01
-7.082425494722630055e-02 2.115729366400368600e-02 -9.972644051784791408e-01 5.050604582347054006e+00 -4.016990346839424166e-03 9.997608742301880014e-01 2.149553784031598899e-02 -3.782767223039076310e+00 9.974807209664373620e-01 5.528406941078769198e-03 -7.072233039832725998e-02 1.293050980459856447e+01
-7.029737455517481859e-02 2.163695405106377465e-02 -9.972913923974486838e-01 5.050604582347054006e+00 -8.449454801398907861e-04 9.997630807193572666e-01 2.175013787718143438e-02 -3.782767223039076310e+00 9.975257215720229054e-01 2.371634443367528523e-03 -7.026243770523481202e-02 1.293050980459856447e+01
-7.002354820723120932e-02 2.161634202239282737e-02 -9.973111031438690599e-01 5.050604582347054006e+00 -1.178860162119378359e-03 9.997626967995971725e-01 2.175224992307355637e-02 -3.782767223039076310e+00 9.975446421013887122e-01 2.698860049839687907e-03 -6.998144875067724424e-02 1.293050980459856447e+01
-7.006792852444827802e-02 2.168929488496322555e-02 -9.973064022053034217e-01 5.050604582347054006e+00 -5.586318179352860527e-03 9.997393904008556875e-01 2.213468613117245201e-02 -3.782767223039076310e+00 9.975265803182848945e-01 7.122202490774538416e-03 -6.992850484736955197e-02 1.293050980459856447e+01
-6.946807498153489968e-02 2.360509763666737704e-02 -9.973048610750495646e-01 5.050604582347054006e+00 -1.029057506429055524e-02 9.996498619306100064e-01 2.437739951183575185e-02 -3.782767223039076310e+00 9.975310975720035334e-01 1.195629155201766852e-02 -6.920084153474671818e-02 1.293050980459856447e+01
-6.917580071373670425e-02 2.804777664420711469e-02 -9.972101237055962519e-01 5.050604582347054006e+00 -1.250808816115432480e-02 9.995017321753334461e-01 2.897990871383240505e-02 -3.782767223039076310e+00 9.975260679932961283e-01 1.447790053239553232e-02 -6.879050857500551563e-02 1.293050980459856447e+01
-6.927579565662110583e-02 3.211794585115887446e-02 -9.970803887803854071e-01 5.050604582347054006e+00 -1.360586515005920462e-02 9.993582159409144516e-01 3.313663629447366477e-02 -3.782767223039076310e+00 9.975047591714338857e-01 1.586170815819823443e-02 -6.879434311514057154e-02 1.293050980459856447e+01
-7.012068521180024605e-02 3.039148916411358453e-02 -9.970754469406091225e-01 5.050604582347054006e+00 -1.523615693470864452e-02 9.993865627879939817e-01 3.153343686725151862e-02 -3.782767223039076310e+00 9.974221518631358752e-01 1.740274418554657934e-02 -6.961462107577616465e-02 1.293050980459856447e+01
-7.169042194507573018e-02 2.716148332896850190e-02 -9.970570380999812521e-01 5.050604582347054006e+00 -1.966310897982636099e-02 9.993964019202786764e-01 2.863902886009326437e-02 -3.782767223039076310e+00 9.972330948913521453e-01 2.165838526234008243e-02 -7.111307053730415995e-02 1.293050980459856447e+01
-7.237493763495435328e-02 2.297345700635797933e-02 -9.971128765969847763e-01 5.050604582347054006e+00 -2.168167148442719933e-02 9.994621950160132995e-01 2.460133848828252937e-02 -3.782767223039076310e+00 9.971418021144123900e-01 2.339959416209385148e-02 -7.183791108510521883e-02 1.293050980459856447e+01
-7.426590671311564251e-02 2.289385580364150519e-02 -9.969756498864560390e-01 5.050604582347054006e+00 -1.842048378125571428e-02 9.995343871101849409e-01 2.432477670056721469e-02 -3.782767223039076310e+00 9.970683331032750285e-01 2.017127538630201014e-02 -7.380961165015495484e-02 1.293050980459856447e+01
-7.594528718461987515e-02 2.094199477736558360e-02 -9.968920434075050352e-01 5.050604582347054006e+00 -1.249721423073803413e-02 9.996808996039246997e-01 2.195264456870861872e-02 -3.782767223039076310e+00 9.970336669295158938e-01 1.412557332761422979e-02 -7.565933641824761080e-02 1.293050980459856447e+01
-7.770128656699219760e-02 2.043206973955126807e-02 -9.967672951055289721e-01 5.050604582347054006e+00 -8.901247521088185774e-03 9.997359087161747926e-01 2.118680287381066729e-02 -3.782767223039076310e+00 9.969369477847646044e-01 1.051871425619617731e-02 -7.749889542434809653e-02 1.293050980459856447e+01
-7.884129902000976131e-02 2.094660880430039215e-02 -9.966670904311215606e-01 5.050604582347054006e+00 -9.986596391251094385e-03 9.997124594942323750e-01 2.180060147133654896e-02 -3.782767223039076310e+00 9.968371569425749090e-01 1.167209970799585293e-02 -7.860944362512031769e-02 1.293050980459856447e+01
-7.981184293330076396e-02 2.497709534281637375e-02 -9.964969716139764344e-01 5.050604582347054006e+00 -1.362262658123583429e-02 9.995653351466433634e-01 2.614507254164049124e-02 -3.782767223039076310e+00 9.967168573735564197e-01 1.566159255680271006e-02 -7.943689788735705526e-02 1.293050980459856447e+01
-8.107860610255981926e-02 2.979667350713284535e-02 -9.962622234534316279e-01 5.050604582347054006e+00 -1.649329348326833769e-02 9.993760697604714416e-01 3.123207422168467265e-02 -3.782767223039076310e+00 9.965712372442527833e-01 1.896389828129677046e-02 -8.053657342745547398e-02 1.293050980459856447e+01
-8.268901032090894554e-02 3.403282354642343799e-02 -9.959941237244357426e-01 5.050604582347054006e+00 -1.739828015326338670e-02 9.992151133492199744e-01 3.558731659193935248e-02 -3.782767223039076310e+00 9.964235180985329121e-01 2.027126478452611832e-02 -8.203199622207472952e-02 1.293050980459856447e+01
-8.332549268088787486e-02 3.718253577059239118e-02 -9.958284597776646541e-01 5.050604582347054006e+00 -1.596589742654344266e-02 9.991255767567653878e-01 3.864158368683575512e-02 -3.782767223039076310e+00 9.963944762938283795e-01 1.911912404191826870e-02 -8.265897838116180452e-02 1.293050980459856447e+01
-8.388008372289290637e-02 3.927193593098678159e-02 -9.957016855478716399e-01 5.050604582347054006e+00 -1.467208997726022340e-02 9.990660979027639055e-01 4.064064218297953890e-02 -3.782767223039076310e+00 9.963678343515208757e-01 1.801796518972847982e-02 -8.322554655922725919e-02 1.293050980459856447e+01
-8.484502584793442159e-02 4.155166390759952588e-02 -9.955273882798869600e-01 5.050604582347054006e+00 -1.487607126760973411e-02 9.989659063286929763e-01 4.296301312215794477e-02 -3.782767223039076310e+00 9.962831043897635297e-01 1.845473433576360830e-02 -8.413916263008612562e-02 1.293050980459856447e+01
-8.527282205737343745e-02 4.267530707502303206e-02 -9.954433002358414884e-01 5.050604582347054006e+00 -1.490942325916929691e-02 9.989158016593606693e-01 4.410136384871166798e-02 -3.782767223039076310e+00 9.962460815061962016e-01 1.860213324567915744e-02 -8.454410518930081941e-02 1.293050980459856447e+01
-8.560550250353171631e-02 4.131183403097527657e-02 -9.954722649627736342e-01 5.050604582347054006e+00 -1.325531714095598904e-02 9.990043448840288942e-01 4.259830360854215126e-02 -3.782767223039076310e+00 9.962409319580332046e-01 1.684194976331458010e-02 -8.497266748525385271e-02 1.293050980459856447e+01
-8.578596678720364077e-02 4.163366957580945382e-02 -9.954433210685762479e-01 5.050604582347054006e+00 -1.058463652300273457e-02 9.990320428353253179e-01 4.269593491133665680e-02 -3.782767223039076310e+00 9.962573630202492536e-01 1.419911778701410908e-02 -8.526225238644485893e-02 1.293050980459856447e+01
-8.592643752278344982e-02 4.242090020364865793e-02 -9.953979679306939055e-01 5.050604582347054006e+00 -6.492241046802797039e-03 9.990480766302983762e-01 4.313689125901607607e-02 -3.782767223039076310e+00 9.962803311020614894e-01 1.016896293699867844e-02 -8.556923542928604465e-02 1.293050980459856447e+01
-8.594312639264557740e-02 4.250045313896889942e-02 -9.953931336456162127e-01 5.050604582347054006e+00 -4.400346528407020688e-03 9.990637838374292201e-01 4.303710927640127387e-02 -3.782767223039076310e+00 9.962903271518235293e-01 8.078818442153509749e-03 -8.567564832722932011e-02 1.293050980459856447e+01
-8.645507537870585069e-02 4.286801649834205002e-02 -9.953330362761801942e-01 5.050604582347054006e+00 -4.524954281085962100e-03 9.990466164637873403e-01 4.342099631529446058e-02 -3.782767223039076310e+00 9.962454741327642083e-01 8.257801993061465035e-03 -8.617867471844210814e-02 1.293050980459856447e+01
-8.664735889434455052e-02 4.258982526805928093e-02 -9.953282584053717574e-01 5.050604582347054006e+00 -6.762847369428301100e-03 9.990376089028204509e-01 4.333728063911718859e-02 -3.782767223039076310e+00 9.962160905607239103e-01 1.048631400311691997e-02 -8.627594175977218449e-02 1.293050980459856447e+01
-8.673822078855242257e-02 4.279685476107399772e-02 -9.953114639533674479e-01 5.050604582347054006e+00 -1.036663477783915550e-02 9.989839800342203979e-01 4.385818644645275016e-02 -3.782767223039076310e+00 9.961772000692542539e-01 1.412221149637888327e-02 -8.620643366148694753e-02 1.293050980459856447e+01
-8.622748590451521922e-02 4.330497742623297397e-02 -9.953338633869037722e-01 5.050604582347054006e+00 -1.321830193487673333e-02 9.989172041541399816e-01 4.460600563640595984e-02 -3.782767223039076310e+00 9.961877820815435713e-01 1.700288725452535343e-02 -8.556170087407607983e-02 1.293050980459856447e+01
-8.489637137351065121e-02 4.410452586885051790e-02 -9.954131789993009294e-01 5.050604582347054006e+00 -1.541445574163422157e-02 9.988421635883205640e-01 4.557111796293972922e-02 -3.782767223039076310e+00 9.962705459270588815e-01 1.921257494681193057e-02 -8.411822800150398072e-02 1.293050980459856447e+01
-8.230363865357386011e-02 4.696858128299118834e-02 -9.954999062966527479e-01 5.050604582347054006e+00 -1.579360170856445797e-02 9.987019287765744879e-01 4.842540245595682719e-02 -3.782767223039076310e+00 9.964821489667804455e-01 1.970811584635152186e-02 -8.145499960305474518e-02 1.293050980459856447e+01
-7.817430269469816118e-02 4.776248717551456052e-02 -9.957949202606959371e-01 5.050604582347054006e+00 -1.466645477030018713e-02 9.986885059563230804e-01 4.905265716755849437e-02 -3.782767223039076310e+00 9.968318180629409664e-01 1.843943842789414617e-02 -7.737127120446896100e-02 1.293050980459856447e+01
-7.219888892137227288e-02 4.744056026940064730e-02 -9.962613681558891709e-01 5.050604582347054006e+00 -1.312693197205835015e-02 9.987364467621934194e-01 4.850972650746781384e-02 -3.782767223039076310e+00 9.973038674824841188e-01 1.658020356189094519e-02 -7.148491277413711320e-02 1.293050980459856447e+01
-6.491597159220631463e-02 4.697598299194128552e-02 -9.967844168395592064e-01 5.050604582347054006e+00 -1.163649183515505156e-02 9.987877916012951607e-01 4.782822812919080430e-02 -3.782767223039076310e+00 9.978228844289002142e-01 1.470388962650342503e-02 -6.429064426369830720e-02 1.293050980459856447e+01
-5.587158319523796712e-02 4.883311936652105084e-02 -9.972430459242079825e-01 5.050604582347054006e+00 -1.022609277774098706e-02 9.987228364907373424e-01 4.947850946013662710e-02 -3.782767223039076310e+00 9.983855934546325139e-01 1.296234256725635123e-02 -5.530085403870798472e-02 1.293050980459856447e+01
-4.364066327927452332e-02 5.103583363184133193e-02 -9.977428707808676522e-01 5.050604582347054006e+00 -8.436636859252217083e-03 9.986398977770294394e-01 5.145073105786803630e-02 -3.782767223039076310e+00 9.990116694348721849e-01 1.066293830925491536e-02 -4.315073672097567703e-02 1.293050980459856447e+01
-2.863976464368062427e-02 5.407503492828018288e-02 -9.981260714351966046e-01 5.050604582347054006e+00 -6.676760785440482085e-03 9.985030487469381821e-01 5.428703812590476158e-02 -3.782767223039076310e+00 9.995674988446597853e-01 8.219017007812707415e-03 -2.823584623942966554e-02 1.293050980459856447e+01
-1.003376938329720268e-02 5.554900141413914721e-02 -9.984055448132558297e-01 5.050604582347054006e+00 -5.638142791038706393e-03 9.984367922783949911e-01 5.560740212145037775e-02 -3.782767223039076310e+00 9.999337652153921230e-01 6.187104873912826347e-03 -9.704891315648171007e-03 1.293050980459856447e+01
1.166388949408086149e-02 5.623626201689740922e-02 -9.983493559452202293e-01 5.050604582347054006e+00 -4.571329572153076497e-03 9.984098391849079990e-01 5.618626135194112331e-02 -3.782767223039076310e+00 9.999215252347620764e-01 3.908433590677766467e-03 1.190241652164072267e-02 1.293050980459856447e+01
3.749339949561914659e-02 5.538141939254483809e-02 -9.977610652758145404e-01 5.050604582347054006e+00 -4.200627629816572339e-03 9.984630224486927830e-01 5.526253278792721269e-02 -3.782767223039076310e+00 9.992880464219402459e-01 2.119242479795287182e-03 3.766840970275067702e-02 1.293050980459856447e+01
6.688098498349238918e-02 5.353379816977722749e-02 -9.963237758385347087e-01 5.050604582347054006e+00 -4.490783781205837794e-03 9.985656271078594548e-01 5.335279954901811506e-02 -3.782767223039076310e+00 9.977508540255271008e-01 9.059868679002818165e-04 6.702546142419929520e-02 1.293050980459856447e+01
1.018416430953866386e-01 5.143524961397741291e-02 -9.934700271416239126e-01 5.050604582347054006e+00 -4.267662082297024422e-03 9.986758493365109901e-01 5.126728988692138417e-02 -3.782767223039076310e+00 9.947914689983944347e-01 -9.813506744006789389e-04 1.019262976805818122e-01 1.293050980459856447e+01
1.399457771775942105e-01 5.023283046006530445e-02 -9.888841399244547858e-01 5.050604582347054006e+00 -3.572390469504891503e-03 9.987314141553651492e-01 5.022748655425440800e-02 -3.782767223039076310e+00 9.901527243190784144e-01 -3.496444364601643175e-03 1.399476952304417321e-01 1.293050980459856447e+01
1.812919811945687132e-01 4.860990856589458842e-02 -9.822272111603113087e-01 5.050604582347054006e+00 -3.466436705908627382e-03 9.988030225787755123e-01 4.879042840625597705e-02 -3.782767223039076310e+00 9.834232056297596003e-01 -5.440484970793552089e-03 1.812434819577530276e-01 1.293050980459856447e+01
2.264940862044622083e-01 4.609039748481662951e-02 -9.729214275439186377e-01 5.050604582347054006e+00 -2.040813981804253611e-03 9.989000391883614549e-01 4.684599009287519072e-02 -3.782767223039076310e+00 9.740104024047677722e-01 -8.624788065900484274e-03 2.263390135131828906e-01 1.293050980459856447e+01
2.749480861766336326e-01 4.118825048333996791e-02 -9.605764300303892833e-01 5.050604582347054006e+00 -1.463167573668389078e-03 9.990987430392372914e-01 4.242123051100180758e-02 -3.782767223039076310e+00 9.614579601045789570e-01 -1.025815185780717086e-02 2.747605526126414288e-01 1.293050980459856447e+01
3.240742762203204785e-01 3.117736745854055025e-02 -9.455177604099407329e-01 5.050604582347054006e+00 -1.509954247501473510e-03 9.994725787713925058e-01 3.243893219933585703e-02 -3.782767223039076310e+00 9.460304347802168667e-01 -9.084934915440759026e-03 3.239504289658157177e-01 1.293050980459856447e+01
3.745462530701412773e-01 2.419443091931644182e-02 -9.268925147090183447e-01 5.050604582347054006e+00 -3.154563583750658907e-03 9.996869630514328975e-01 2.481984354501548182e-02 -3.782767223039076310e+00 9.272028650946425588e-01 -6.372238028620551796e-03 3.745053291246901450e-01 1.293050980459856447e+01
4.262830209159572670e-01 1.745199035586881067e-02 -9.044214803460740582e-01 5.050604582347054006e+00 -3.162076631895134084e-03 9.998365181576527316e-01 1.780275904897759068e-02 -3.782767223039076310e+00 9.045843174354394334e-01 -4.729163879650748713e-03 4.262685159132203472e-01 1.293050980459856447e+01
