1.000000000000000000e+00 0.000000000000000000e+00 0.000000000000000000e+00 2.641995402596278382e+02 0.000000000000000000e+00 1.000000000000000000e+00 0.000000000000000000e+00 1.678615487273978886e+02 0.000000000000000000e+00 0.000000000000000000e+00 1.000000000000000000e+00 -4.662057092455082596e+01
-9.993523839241579276e-01 -6.448163955641111845e-04 3.597772862366825641e-02 2.641995402596278382e+02 -2.693790108832406355e-05 -9.998257413642064328e-01 -1.866778454622666089e-02 1.678615487273978886e+02 3.598349648730361089e-02 -1.865666415334922210e-02 9.991782207710580010e-01 -4.662057092455082596e+01
-9.995700644205887109e-01 -1.103599507564901163e-03 2.929963109575560443e-02 2.641995402596278382e+02 5.683545751285118451e-04 -9.998329276763677775e-01 -1.827002209027532922e-02 1.678615487273978886e+02 2.931489872568883784e-02 -1.824551457835914617e-02 9.994036911631221098e-01 -4.662057092455082596e+01
-9.997600165120908988e-01 -1.182967008253788541e-03 2.187487080651267027e-02 2.641995402596278382e+02 7.705868931246882174e-04 -9.998220146528119523e-01 -1.885060241561029373e-02 1.678615487273978886e+02 2.189327704078074255e-02 -1.882922209356099538e-02 9.995829854573189399e-01 -4.662057092455082596e+01
-9.999240363310371027e-01 -1.212905043963357710e-03 1.226582360877595014e-02 2.641995402596278382e+02 9.663801534290285700e-04 -9.997978188175850045e-01 -2.008451137063980638e-02 1.678615487273978886e+02 1.228770429520231050e-02 -2.007113222896567475e-02 9.997230426344092535e-01 -4.662057092455082596e+01
-5.451945101186808085e-01 4.003440687330698036e-03 -8.383000170578034371e-01 2.641995402596278382e+02 -1.453125480260055412e-02 9.997932219877804227e-01 1.422518545232655078e-02 1.678615487273978886e+02 8.381836247328600109e-01 1.993704416291913403e-02 -5.450236008648908781e-01 -4.662057092455082596e+01
-5.579935942229777845e-01 3.440035828041204322e-03 -8.298381257568397951e-01 2.641995402596278382e+02 -1.570639345464659373e-02 9.997684997819519248e-01 1.470564681985996394e-02 1.678615487273978886e+02 8.296966060017197941e-01 2.123942083119006313e-02 -5.578103880280322890e-01 -4.662057092455082596e+01
-5.713111264688518487e-01 2.147009446854084187e-03 -8.207307640897385514e-01 2.641995402596278382e+02 -1.610102251974342147e-02 9.997748111732966958e-01 1.382331426305530991e-02 1.678615487273978886e+02 8.205756234782460856e-01 2.111201775841343997e-02 -5.711479045391457676e-01 -4.662057092455082596e+01
-5.862269045994052963e-01 -1.690568253372706824e-07 -8.101469103340269706e-01 2.641995402596278382e+02 -1.701064733097285703e-02 9.997795414528694025e-01 1.230879237248561596e-02 1.678615487273978886e+02 8.099683044423299227e-01 2.099686862984767935e-02 -5.860976687434945598e-01 -4.662057092455082596e+01
-6.010515975803313315e-01 -1.504771985859690991e-03 -7.992088041978769875e-01 2.641995402596278382e+02 -1.801688319171752123e-02 9.997696058578698919e-01 1.166735286399770907e-02 1.678615487273978886e+02 7.990071144653151380e-01 2.141193274946393346e-02 -6.009402301142305891e-01 -4.662057092455082596e+01
-6.172695393813362186e-01 -1.655818122753854914e-03 -7.867500073201751931e-01 2.641995402596278382e+02 -1.825697606025617967e-02 9.997586485280246515e-01 1.221996393408867655e-02 1.678615487273978886e+02 7.865398900100939450e-01 2.190668755790153854e-02 -6.171507907012280247e-01 -4.662057092455082596e+01
-6.363309046497136467e-01 1.506099217083457873e-03 -7.714147467172400852e-01 2.641995402596278382e+02 -1.677856800223342937e-02 9.997345060589872823e-01 1.579230986223118666e-02 1.678615487273978886e+02 7.712337255615018261e-01 2.299236960686227779e-02 -6.361366924619179519e-01 -4.662057092455082596e+01
-6.570027661468529345e-01 4.537355943748697974e-03 -7.538745105628797960e-01 2.641995402596278382e+02 -1.564150320949497450e-02 9.996845919338331887e-01 1.964841030287241622e-02 1.678615487273978886e+02 7.537258842926474189e-01 2.470079049590050146e-02 -6.567245711073594894e-01 -4.662057092455082596e+01
-6.777506232875283310e-01 7.685322807958521775e-03 -7.352516769424621845e-01 2.641995402596278382e+02 -1.393923700749562580e-02 9.996313849389070194e-01 2.329789511455126680e-02 1.678615487273978886e+02 7.351597039453522386e-01 2.603901032023346607e-02 -6.773936666640199000e-01 -4.662057092455082596e+01
-7.007653177019738111e-01 9.413515390130617819e-03 -7.133297661208657381e-01 2.641995402596278382e+02 -1.274285473087271962e-02 9.995882344774837946e-01 2.570955362298579794e-02 1.678615487273978886e+02 7.132780587956993879e-01 2.710622109747258188e-02 -7.003568116456453385e-01 -4.662057092455082596e+01
-7.226513091493342866e-01 1.142233099263093195e-02 -6.911183804092074778e-01 2.641995402596278382e+02 -1.037696327460263697e-02 9.995714911384723234e-01 2.737065465798507388e-02 1.678615487273978886e+02 6.911348667358293563e-01 2.695114947277582607e-02 -7.222231175503478484e-01 -4.662057092455082596e+01
-7.449821361917717821e-01 1.305439464537223176e-02 -6.669566699086117989e-01 2.641995402596278382e+02 -8.025226383369846173e-03 9.995607621414479560e-01 2.852855637253750437e-02 1.678615487273978886e+02 6.670361403227275110e-01 2.660574313279491510e-02 -7.445501473612842203e-01 -4.662057092455082596e+01
-7.679786988185698382e-01 1.460540650196645411e-02 -6.403088319411551765e-01 2.641995402596278382e+02 -5.287108934050558685e-03 9.995613213990022228e-01 2.914122924993941058e-02 1.678615487273978886e+02 6.404535616577186063e-01 2.576522586724916408e-02 -7.675645826221737522e-01 -4.662057092455082596e+01
-7.897373913413425761e-01 1.679025690895528944e-02 -6.132152476824918041e-01 2.641995402596278382e+02 -3.013923603567511891e-03 9.995070955311132765e-01 3.124871593309630491e-02 1.678615487273978886e+02 6.134376651151147719e-01 2.652646331282741687e-02 -7.892975217002955457e-01 -4.662057092455082596e+01
-8.116712074112010233e-01 1.941064057018803204e-02 -5.837919818670816996e-01 2.641995402596278382e+02 -1.193790086336590350e-03 9.993904891166597304e-01 3.488875360901470130e-02 1.678615487273978886e+02 5.841133673567769913e-01 2.901512184733618521e-02 -8.111533127463080861e-01 -4.662057092455082596e+01
-8.333565011337538131e-01 1.858480873013446805e-02 -5.524233402948947047e-01 2.641995402596278382e+02 -1.468700343728615533e-03 9.993565946910821784e-01 3.583628840632732682e-02 1.678615487273978886e+02 5.527339187506113971e-01 3.067574826969126159e-02 -8.327930196217340209e-01 -4.662057092455082596e+01
-8.555922546616490099e-01 1.418190284051129395e-02 -5.174560535879507706e-01 2.641995402596278382e+02 -4.675791988882472758e-03 9.993721293389713489e-01 3.512099186758756847e-02 1.678615487273978886e+02 5.176292406078627506e-01 3.246876548790732231e-02 -8.549887417594559391e-01 -4.662057092455082596e+01
-8.771097867935970793e-01 9.001625302584878238e-03 -4.802055733254252390e-01 2.641995402596278382e+02 -8.564995620630967352e-03 9.993722064766172863e-01 3.437780929716855588e-02 1.678615487273978886e+02 4.802135595346188612e-01 3.426607161560471515e-02 -8.764820440688582126e-01 -4.662057092455082596e+01
-8.965933370089402832e-01 7.998248110417091605e-03 -4.427825832825125207e-01 2.641995402596278382e+02 -7.048936574512572502e-03 9.994524840811666033e-01 3.232714891774965404e-02 1.678615487273978886e+02 4.427987133273324494e-01 3.210545267000677189e-02 -8.960460587405711941e-01 -4.662057092455082596e+01
-9.177781344453843637e-01 1.182622422781378149e-02 -3.969174175498746404e-01 2.641995402596278382e+02 -8.014809023962233148e-04 9.994992145512272552e-01 3.163349079439919942e-02 1.678615487273978886e+02 3.970927518380468202e-01 2.935064789727298215e-02 -9.173090460175870042e-01 -4.662057092455082596e+01
-9.377520835917837472e-01 1.223846421283155024e-02 -3.470896854027464284e-01 2.641995402596278382e+02 1.159366880580380748e-03 9.994836781446854168e-01 3.210970244027449433e-02 1.678615487273978886e+02 3.473034488566211775e-01 2.970853608103202551e-02 -9.372820905662371249e-01 -4.662057092455082596e+01
-9.551610286950399376e-01 1.007335152885300775e-02 -2.959154217867112635e-01 2.641995402596278382e+02 4.453601376144066914e-04 9.994688459284649662e-01 3.258569736504098036e-02 1.678615487273978886e+02 2.960864922899726359e-01 3.099279928296809483e-02 -9.546581772949012112e-01 -4.662057092455082596e+01
-9.695821948396063927e-01 3.610157082385322212e-03 -2.447393189004375413e-01 2.641995402596278382e+02 -4.043499361480391505e-03 9.995185270321560456e-01 3.076303353667278820e-02 1.678615487273978886e+02 2.447325429176187561e-01 3.081689285611419193e-02 -9.691007695548319312e-01 -4.662057092455082596e+01
-9.825335182021883718e-01 -4.086744025101018279e-03 -1.860408130827778672e-01 2.641995402596278382e+02 -9.773643608324951437e-03 9.995122274965890785e-01 2.966113577427095804e-02 1.678615487273978886e+02 1.858288500202427140e-01 3.096135668984085695e-02 -9.820942077479507537e-01 -4.662057092455082596e+01
-9.916988780158892958e-01 -9.188909976777039773e-03 -1.282532622410149925e-01 2.641995402596278382e+02 -1.286695491392122678e-02 9.995284914011794974e-01 2.787895888517608750e-02 1.678615487273978886e+02 1.279366124816012917e-01 2.929776118949823857e-02 -9.913495167578444400e-01 -4.662057092455082596e+01
-9.975146019089806693e-01 -1.280489623562356891e-02 -6.928674917154160895e-02 2.641995402596278382e+02 -1.457931337435236334e-02 9.995769947351614837e-01 2.516496011821503856e-02 1.678615487273978886e+02 6.893520580877282589e-02 2.611256840323828571e-02 -9.972793345755659455e-01 -4.662057092455082596e+01
-9.998537595377703369e-01 -1.530901072969808978e-02 -7.621924209924072456e-03 2.641995402596278382e+02 -1.548671206272926419e-02 9.995960978804234731e-01 2.382861413748106269e-02 1.678615487273978886e+02 7.254053189077511350e-03 2.394316797553776993e-02 -9.996870027261635094e-01 -4.662057092455082596e+01
-9.984180895425648350e-01 -1.798833995302615008e-02 5.327042425124284275e-02 2.641995402596278382e+02 -1.686769411990352713e-02 9.996284270218770418e-01 2.141235122168323735e-02 1.678615487273978886e+02 -5.363580305402580045e-02 2.047992957745933471e-02 -9.983505261756749904e-01 -4.662057092455082596e+01
-9.933594905773978079e-01 -2.004440639242598826e-02 1.132922956435523931e-01 2.641995402596278382e+02 -1.808201656636102342e-02 9.996686047172776979e-01 1.832270229796508290e-02 1.678615487273978886e+02 -1.136220188022740996e-01 1.615247705403950740e-02 -9.933927392166248538e-01 -4.662057092455082596e+01
-9.848239143278051388e-01 -2.067002504610078450e-02 1.723212344217953662e-01 2.641995402596278382e+02 -1.810688122278742568e-02 9.997010039534781622e-01 1.643300175824403964e-02 1.678615487273978886e+02 -1.726093816118960955e-01 1.306341299186937477e-02 -9.849037255592839601e-01 -4.662057092455082596e+01
-9.731809947051297538e-01 -2.159631142540620677e-02 2.290247822344754214e-01 2.641995402596278382e+02 -1.902688082891695887e-02 9.997288837384668003e-01 1.342150606138756488e-02 1.678615487273978886e+02 -2.292525449164165841e-01 8.703927380817383028e-03 -9.733280599558868929e-01 -4.662057092455082596e+01
-9.586438512320203387e-01 -2.579030771004104869e-02 2.834375178469843437e-01 2.641995402596278382e+02 -2.354760363667796064e-02 9.996586566235388105e-01 1.131727001472223985e-02 1.678615487273978886e+02 -2.836326442037435669e-01 4.174956986320671470e-03 -9.589239244466423173e-01 -4.662057092455082596e+01
-9.427088458866054177e-01 -2.645340492111119754e-02 3.325661577118483314e-01 2.641995402596278382e+02 -2.436884791770628847e-02 9.996485402604187165e-01 1.043816106275936503e-02 1.678615487273978886e+02 -3.327253989978903870e-01 1.735892648795761203e-03 -9.430221606825585079e-01 -4.662057092455082596e+01
-9.250076556696138486e-01 -2.534272240087262484e-02 3.791023389190787962e-01 2.641995402596278382e+02 -2.351286583467879915e-02 9.996788077843030695e-01 9.456553663386589939e-03 1.678615487273978886e+02 -3.792202290132259401e-01 -1.663978977346922616e-04 -9.253064304428509912e-01 -4.662057092455082596e+01
-9.081746205514595882e-01 -2.085644069293983091e-02 4.180716056704077421e-01 2.641995402596278382e+02 -1.920495989968884834e-02 9.997822881927105332e-01 8.157556704834362585e-03 1.678615487273978886e+02 -4.181507241431750566e-01 -6.205624570593999429e-04 -9.083774473206442934e-01 -4.662057092455082596e+01
-8.915281659593718988e-01 -1.890898551880887402e-02 4.525704139333099341e-01 2.641995402596278382e+02 -1.650035776438002130e-02 9.998208919869689959e-01 9.269419616220350017e-03 1.678615487273978886e+02 -4.526646302670054300e-01 7.963749264830224375e-04 -8.916804911470287420e-01 -4.662057092455082596e+01
-8.753631590050710010e-01 -1.792566068393228879e-02 4.831335328309416255e-01 2.641995402596278382e+02 -1.406539807000547690e-02 9.998336443537089169e-01 1.161241557580914435e-02 1.678615487273978886e+02 -4.832613210611766408e-01 3.369615321884218348e-03 -8.754696689542041943e-01 -4.662057092455082596e+01
-8.594868649854772169e-01 -1.729733588910004061e-02 5.108650811012384052e-01 2.641995402596278382e+02 -1.245219717484347642e-02 9.998392056043345910e-01 1.290370962179158455e-02 1.678615487273978886e+02 -5.110061366588011245e-01 4.729176209901089431e-03 -8.595640541515315869e-01 -4.662057092455082596e+01
-8.452094720292668839e-01 -1.736823181503745206e-02 5.341528741059305974e-01 2.641995402596278382e+02 -1.159386931582071130e-02 9.998324587984618317e-01 1.416462238469655410e-02 1.678615487273978886e+02 -5.343093959367494206e-01 5.779174390208671568e-03 -8.452692296286835605e-01 -4.662057092455082596e+01
-8.339564399533452299e-01 -1.657112147485563167e-02 5.515814121173837625e-01 2.641995402596278382e+02 -9.361350755279124886e-03 9.998300166102130904e-01 1.588404851569632723e-02 1.678615487273978886e+02 -5.517508689366765751e-01 8.083057483272903729e-03 -8.339698092912832816e-01 -4.662057092455082596e+01
-8.248116997093823954e-01 -1.758794836863597499e-02 5.651338992616712353e-01 2.641995402596278382e+02 -9.620916331752700154e-03 9.998079389006027107e-01 1.707405283630815743e-02 1.678615487273978886e+02 -5.653256565834028358e-01 8.645772579809017991e-03 -8.248224976472438019e-01 -4.662057092455082596e+01
-8.174974323219057482e-01 -1.818987375661796149e-02 5.756449223608323118e-01 2.641995402596278382e+02 -1.017785654307611434e-02 9.998013159053734666e-01 1.713884331169505254e-02 1.678615487273978886e+02 -5.758423042667830671e-01 8.152128960739040212e-03 -8.175201425103383324e-01 -4.662057092455082596e+01
-8.126697577010022489e-01 -1.857536066592326007e-02 5.824283826311392742e-01 2.641995402596278382e+02 -1.077360723631510912e-02 9.997999156921416608e-01 1.685401937504210981e-02 1.678615487273978886e+02 -5.826249173398874159e-01 7.421897204052850354e-03 -8.127072788751042998e-01 -4.662057092455082596e+01
-8.085456722981098077e-01 -1.725098003053993079e-02 5.881804990782872888e-01 2.641995402596278382e+02 -1.050607814107413357e-02 9.998340561003054017e-01 1.488229095586588238e-02 1.678615487273978886e+02 -5.883396282166364344e-01 5.853541661873724530e-03 -8.085927392203798858e-01 -4.662057092455082596e+01
-8.057555909048537135e-01 -1.705620529152000048e-02 5.920025452535000454e-01 2.641995402596278382e+02 -1.088820505608884340e-02 9.998428941574020179e-01 1.398692223461388447e-02 1.678615487273978886e+02 -5.921481020118403160e-01 4.824195683644469032e-03 -8.058147134545110557e-01 -4.662057092455082596e+01
-8.047612285472711680e-01 -1.892912010625845409e-02 5.932967667525999023e-01 2.641995402596278382e+02 -1.236778040940521121e-02 9.998091489842509949e-01 1.512294994778651952e-02 1.678615487273978886e+02 -5.934697995979494323e-01 4.832599650432829047e-03 -8.048417502501863385e-01 -4.662057092455082596e+01
-8.053992191966764524e-01 -2.057866189799740370e-02 5.923754015756151903e-01 2.641995402596278382e+02 -1.509517262560428411e-02 9.997851080481960917e-01 1.420821904570839130e-02 1.678615487273978886e+02 -5.925404910052863849e-01 2.501279579642840586e-03 -8.055367838402374137e-01 -4.662057092455082596e+01
-8.056978862357834226e-01 -1.964553170719865807e-02 5.920008185797823730e-01 2.641995402596278382e+02 -1.531052698504439986e-02 9.998066210546511234e-01 1.234132321559710567e-02 1.678615487273978886e+02 -5.921287899423824941e-01 8.795335201245553470e-04 -8.058428646716130350e-01 -4.662057092455082596e+01
-8.066492941091710778e-01 -1.717878375814902575e-02 5.907806747869864816e-01 2.641995402596278382e+02 -1.332063654427600476e-02 9.998520183271736306e-01 1.088586648469202015e-02 1.678615487273978886e+02 -5.908802560208207266e-01 9.115018694234198679e-04 -8.067587571319609907e-01 -4.662057092455082596e+01
-8.069002955858416426e-01 -1.570390781335819982e-02 5.904788736803983085e-01 2.641995402596278382e+02 -1.050477543931326030e-02 9.998699470180457682e-01 1.223677829697255443e-02 1.678615487273978886e+02 -5.905942453804055026e-01 3.671012055173967798e-03 -8.069603218213614593e-01 -4.662057092455082596e+01
-8.078143841193695662e-01 -1.581438046103992093e-02 5.892247671139407839e-01 2.641995402596278382e+02 -1.053555904379435346e-02 9.998677148021205552e-01 1.239172675656110764e-02 1.678615487273978886e+02 -5.893427888805273795e-01 3.802402794031601620e-03 -8.078741355728064066e-01 -4.662057092455082596e+01
-8.081937850363449805e-01 -1.575777136817287094e-02 5.887057826029358232e-01 2.641995402596278382e+02 -1.179353293977038544e-02 9.998745551849063107e-01 1.057291230331033199e-02 1.678615487273978886e+02 -5.887985380496661980e-01 1.602040974308258743e-03 -8.082782411121107735e-01 -4.662057092455082596e+01
-8.095419341626730603e-01 -1.457097765860288809e-02 5.868812004505095103e-01 2.641995402596278382e+02 -1.335345066468433643e-02 9.998903221711479272e-01 6.405387093142672628e-03 1.678615487273978886e+02 -5.869101653468812296e-01 -2.651459699803680389e-03 -8.096477181922715483e-01 -4.662057092455082596e+01
-8.104685593899398910e-01 -1.422501841817069672e-02 5.856093946406587536e-01 2.641995402596278382e+02 -1.432946806244006499e-02 9.998873961417568124e-01 4.456611032382074532e-03 1.678615487273978886e+02 -5.856068481374193668e-01 -4.779527994392593002e-03 -8.105811344502804605e-01 -4.662057092455082596e+01
-8.115917879187567463e-01 -1.212232106091993937e-02 5.840991517841230829e-01 2.641995402596278382e+02 -1.236123224086330304e-02 9.999172007903583959e-01 3.576520802493141516e-03 1.678615487273978886e+02 -5.840941445694544099e-01 -4.317510354271204484e-03 -8.116744355860998628e-01 -4.662057092455082596e+01
-8.133591536459326976e-01 -9.077167867690727129e-03 5.816910625098807852e-01 2.641995402596278382e+02 -8.543782090424695275e-03 9.999568118213147949e-01 3.657633077871424131e-03 1.678615487273978886e+02 -5.816991412817822393e-01 -1.994872337467625857e-03 -8.134015794897314633e-01 -4.662057092455082596e+01
-8.140106241526330333e-01 -8.165616255056873732e-03 5.807925847303966327e-01 2.641995402596278382e+02 -7.102824240423223634e-03 9.999663530097944175e-01 4.103990264542728937e-03 1.678615487273978886e+02 -5.808065544176039818e-01 -7.845759727248203174e-04 -8.140412340822114068e-01 -4.662057092455082596e+01
-8.147822507404951509e-01 -1.015540393739997049e-02 5.796781448779315671e-01 2.641995402596278382e+02 -9.923586480119902034e-03 9.999443882904492931e-01 3.569699959570412241e-03 1.678615487273978886e+02 -5.796821597303331020e-01 -2.843958033805053538e-03 -8.148377173358354320e-01 -4.662057092455082596e+01
-8.152722881575137359e-01 -1.199905436554316203e-02 5.789534686455753976e-01 2.641995402596278382e+02 -1.246164475311129123e-02 9.999173085956171159e-01 3.175433975911889136e-03 1.678615487273978886e+02 -5.789436963750945742e-01 -4.625869131408356753e-03 -8.153544000999304320e-01 -4.662057092455082596e+01
-8.164691693203049994e-01 -1.219606506304366129e-02 5.772602112967669674e-01 2.641995402596278382e+02 -1.368645006169471982e-02 9.999047738830236787e-01 1.767554988790906749e-03 1.678615487273978886e+02 -5.772267982640086892e-01 -6.457488901090905828e-03 -8.165583409671166581e-01 -4.662057092455082596e+01
-8.164911906395231345e-01 -1.402151136376132180e-02 5.771876062660461493e-01 2.641995402596278382e+02 -1.179216871699419363e-02 9.999015176632266577e-01 7.609187323003661040e-03 1.678615487273978886e+02 -5.772374557883456214e-01 -5.934592172892790831e-04 -8.165761247067853112e-01 -4.662057092455082596e+01
-8.160692667990345761e-01 -1.662506703259655078e-02 5.777149460869489550e-01 2.641995402596278382e+02 -9.977511310491297275e-03 9.998424800211197505e-01 1.467870611656053696e-02 1.678615487273978886e+02 -5.778679789139848921e-01 6.214683529277172797e-03 -8.161065963797214939e-01 -4.662057092455082596e+01
-8.155661788690262703e-01 -2.060023946039777135e-02 5.782970153987905260e-01 2.641995402596278382e+02 -1.118579235003828824e-02 9.997406361653181639e-01 1.983780353913711797e-02 1.678615487273978886e+02 -5.785556895705687985e-01 9.710331298670240446e-03 -8.155850804984052793e-01 -4.662057092455082596e+01
-8.147962106555085571e-01 -2.343511324515115332e-02 5.792736232287899467e-01 2.641995402596278382e+02 -1.366942867505140970e-02 9.996814640155864407e-01 2.121596623633912118e-02 1.678615487273978886e+02 -5.795863023063267949e-01 9.368349418699285086e-03 -8.148570133514498881e-01 -4.662057092455082596e+01
-8.149051210674179702e-01 -2.264861133882850250e-02 5.791516934815251760e-01 2.641995402596278382e+02 -1.735471317686699058e-02 9.997416637372111836e-01 1.467718360216029201e-02 1.678615487273978886e+02 -5.793344954244001865e-01 1.909500553978027036e-03 -8.150876616775564187e-01 -4.662057092455082596e+01
-8.145393447788363828e-01 -2.068530937116230123e-02 5.797394016137612516e-01 2.641995402596278382e+02 -1.976157063564342939e-02 9.997734535366171738e-01 7.907080970104689646e-03 1.678615487273978886e+02 -5.797716241187343966e-01 -5.015932582754165960e-03 -8.147635879732518793e-01 -4.662057092455082596e+01
-8.145148269609986391e-01 -1.743661368376253629e-02 5.798806438948765907e-01 2.641995402596278382e+02 -2.013178077507244215e-02 9.997957407082788128e-01 1.785571168610733134e-03 1.678615487273978886e+02 -5.797933321999466649e-01 -1.021965580717241855e-02 -8.146994848234911935e-01 -4.662057092455082596e+01
-8.141824350112063513e-01 -1.538747765165512753e-02 5.804051929908463636e-01 2.641995402596278382e+02 -1.874788403540428999e-02 9.998242213945023327e-01 2.077427777914900319e-04 1.678615487273978886e+02 -5.803063668127523833e-01 -1.071222873106108218e-02 -8.143278018047729327e-01 -4.662057092455082596e+01
-8.131298172235863486e-01 -1.569468190233867452e-02 5.818707565275300642e-01 2.641995402596278382e+02 -1.674016333601107201e-02 9.998534807700135696e-01 3.575461307493239035e-03 1.678615487273978886e+02 -5.818416170002101984e-01 -6.833297305267715949e-03 -8.132734096074425434e-01 -4.662057092455082596e+01
-8.128774697890613909e-01 -1.515271932312456035e-02 5.822375925740683744e-01 2.641995402596278382e+02 -1.494506270900076809e-02 9.998750198823318502e-01 5.156521688121022684e-03 1.678615487273978886e+02 -5.822429597770643062e-01 -4.509957029805370179e-03 -8.130023346077362989e-01 -4.662057092455082596e+01
-8.129475405931569920e-01 -1.331146207699846103e-02 5.821847655348851847e-01 2.641995402596278382e+02 -1.431956408900215971e-02 9.998933601792938664e-01 2.866767107885132785e-03 1.678615487273978886e+02 -5.821608423175137492e-01 -6.006100791909423781e-03 -8.130514623475174618e-01 -4.662057092455082596e+01
-8.131294055562854339e-01 -1.113924475912607404e-02 5.819763629614839173e-01 2.641995402596278382e+02 -1.393052500856327598e-02 9.999029127032413866e-01 -3.250239208622389690e-04 1.678615487273978886e+02 -5.819162399286224030e-01 -8.371522786190428028e-03 -8.132056365480817561e-01 -4.662057092455082596e+01
-8.128930995898075995e-01 -1.197893266586442899e-02 5.822897163882083671e-01 2.641995402596278382e+02 -1.309283826137843353e-02 9.999116575168632837e-01 2.292323740085229836e-03 1.678615487273978886e+02 -5.822657350604917292e-01 -5.760410927594052446e-03 -8.129781248228067358e-01 -4.662057092455082596e+01
-8.131660568822773882e-01 -9.514947290836081942e-03 5.819539755965065231e-01 2.641995402596278382e+02 -7.974152767703834507e-03 9.999546492498444517e-01 5.206950282690200361e-03 1.678615487273978886e+02 -5.819771274046465770e-01 -4.064746754224070075e-04 -8.132050528348743201e-01 -4.662057092455082596e+01
-8.122409572763568120e-01 -5.566365478448010579e-03 5.832955022097681130e-01 2.641995402596278382e+02 -2.062290963535986284e-03 9.999756221941444867e-01 6.670979943307792613e-03 1.678615487273978886e+02 -5.833184158577261469e-01 4.215518091844752853e-03 -8.122326360892221375e-01 -4.662057092455082596e+01
-8.128075604177192881e-01 -6.705406327596094042e-03 5.824936971794417717e-01 2.641995402596278382e+02 -3.440383274339667719e-03 9.999715658166311583e-01 6.710538067019660921e-03 1.678615487273978886e+02 -5.825221313312646254e-01 3.450374502159500156e-03 -8.128075180662838184e-01 -4.662057092455082596e+01
-8.138308686508625156e-01 -7.371352478388579904e-03 5.810550579709460317e-01 2.641995402596278382e+02 -5.414038408592925476e-03 9.999723241712521471e-01 5.102850148961991968e-03 1.678615487273978886e+02 -5.810765916977645995e-01 1.007002567962501146e-03 -8.138482539925574466e-01 -4.662057092455082596e+01
-8.136124083770832627e-01 -6.705905034944659865e-03 5.813689704245502687e-01 2.641995402596278382e+02 -7.497647129785534395e-03 9.999713498034374926e-01 1.041566030907080777e-03 1.678615487273978886e+02 -5.813592987321668515e-01 -3.511468345560440300e-03 -8.136393767312996017e-01 -4.662057092455082596e+01
-8.128000947694715705e-01 -7.922084811451833922e-03 5.824888381033364038e-01 2.641995402596278382e+02 -1.125580699685749253e-02 9.999344320669804054e-01 -2.106745291509924851e-03 1.678615487273978886e+02 -5.824339556993433087e-01 -8.268744712109796224e-03 -8.128359706049541611e-01 -4.662057092455082596e+01
-8.127678859422384772e-01 -7.960250193147775863e-03 5.825332591344843935e-01 2.641995402596278382e+02 -1.291212135796276396e-02 9.999071653335879217e-01 -4.351762467493720289e-03 1.678615487273978886e+02 -5.824445387356801396e-01 -1.105871291782215167e-02 -8.127952166232145226e-01 -4.662057092455082596e+01
-8.127917626830336584e-01 -8.464301921483905269e-03 5.824928378165575849e-01 2.641995402596278382e+02 -1.325113637001990377e-02 9.999043566156488039e-01 -3.960430019004099536e-03 1.678615487273978886e+02 -5.824036039547726418e-01 -1.093769692459683682e-02 -8.128261861471208771e-01 -4.662057092455082596e+01
-8.136060631236715635e-01 -8.269815976372508690e-03 5.813577076053213499e-01 2.641995402596278382e+02 -1.084431269345500007e-02 9.999407451730826235e-01 -9.523785454401034918e-04 1.678615487273978886e+02 -5.813153833596734765e-01 -7.079285726981864729e-03 -8.136475335075917803e-01 -4.662057092455082596e+01
-8.139870693161589399e-01 -7.325075731640069178e-03 5.808368051799174259e-01 2.641995402596278382e+02 -7.898063635444632982e-03 9.999676201815085319e-01 1.542458857867455048e-03 1.678615487273978886e+02 -5.808292964175433282e-01 -3.331944483863689445e-03 -8.140185664768674334e-01 -4.662057092455082596e+01
-8.143741766907026669e-01 -3.879391081358258501e-03 5.803271927664386265e-01 2.641995402596278382e+02 -3.949565795055993631e-03 9.999915479531761298e-01 1.142345056698456165e-03 1.678615487273978886e+02 -5.803267194170611543e-01 -1.361744115445700978e-03 -8.143826154723541322e-01 -4.662057092455082596e+01
-8.144169470621090978e-01 -1.319547284358763006e-03 5.802786357716399612e-01 2.641995402596278382e+02 -7.694820303895970239e-04 9.999989911012651111e-01 1.194024222750988354e-03 1.678615487273978886e+02 -5.802796259006831603e-01 5.259195793658158653e-04 -8.144171407658092887e-01 -4.662057092455082596e+01
-8.140928080148273072e-01 -3.551157909379875754e-03 5.807239354598997538e-01 2.641995402596278382e+02 -1.181505185817939389e-03 9.999893620289833640e-01 4.458685271520654476e-03 1.678615487273978886e+02 -5.807335912309770087e-01 2.943655271472131983e-03 -8.140883434306204203e-01 -4.662057092455082596e+01
-8.134619110697683952e-01 -7.628606360205535120e-03 5.815681590353077857e-01 2.641995402596278382e+02 -2.225977777558034096e-03 9.999474905890364251e-01 1.000305391425561179e-02 1.678615487273978886e+02 -5.816139305945575710e-01 6.842545555476456723e-03 -8.134361777722126652e-01 -4.662057092455082596e+01
-8.092966549656399611e-01 -1.447159343556708028e-02 5.872218467026384392e-01 2.641995402596278382e+02 -7.018142264942401135e-03 9.998633348317784719e-01 1.496854495976005124e-02 1.678615487273978886e+02 -5.873582126271594817e-01 7.992786904395325978e-03 -8.092876160036837074e-01 -4.662057092455082596e+01
-8.086917755845670630e-01 -1.472941658210184454e-02 5.880481752280395380e-01 2.641995402596278382e+02 -9.325168725656508839e-03 9.998818382074786681e-01 1.222091858489078933e-02 1.678615487273978886e+02 -5.881586974024231029e-01 4.399307896873899670e-03 -8.087335734096302575e-01 -4.662057092455082596e+01
-8.077450179562981614e-01 -1.735688049958087134e-02 5.892764416350767531e-01 2.641995402596278382e+02 -1.519962439448779325e-02 9.998473621147430102e-01 8.615328806463637412e-03 1.678615487273978886e+02 -5.893360309577571066e-01 -1.997791655897112294e-03 -8.078855435291892872e-01 -4.662057092455082596e+01
-8.068302020713601364e-01 -1.865809782643201159e-02 5.904886962601259004e-01 2.641995402596278382e+02 -1.842584417583463530e-02 9.998096495381221249e-01 6.415057042001153474e-03 1.678615487273978886e+02 -5.904959892259157295e-01 -5.704390935383759319e-03 -8.070204127729111443e-01 -4.662057092455082596e+01
-8.058245457076207430e-01 -1.815649520254687677e-02 5.918759525585259862e-01 2.641995402596278382e+02 -1.743578272127812787e-02 9.998239522030983872e-01 6.932393660185331985e-03 1.678615487273978886e+02 -5.918976220732772298e-01 -4.733527534874778543e-03 -8.059992547769960769e-01 -4.662057092455082596e+01
-8.053504825035412429e-01 -1.546226957368033832e-02 5.925972650552314702e-01 2.641995402596278382e+02 -1.306366574083097504e-02 9.998799229854629100e-01 8.335481268893227616e-03 1.678615487273978886e+02 -5.926549932032314505e-01 -1.028508727809813094e-03 -8.054557723432560490e-01 -4.662057092455082596e+01
-8.033851862874576977e-01 -1.126815420501164726e-02 5.953530642859535815e-01 2.641995402596278382e+02 -7.289449189628871562e-03 9.999321248557148101e-01 9.088983003324885637e-03 1.678615487273978886e+02 -5.954150706728674747e-01 2.962158391287320145e-03 -8.034127950395648643e-01 -4.662057092455082596e+01
-8.027479751478501235e-01 -7.079630314907704031e-03 5.962764184760503960e-01 2.641995402596278382e+02 -3.231545675919461191e-03 9.999664866793381846e-01 7.522142694330197395e-03 1.678615487273978886e+02 -5.963096892626914558e-01 4.111490334867682825e-03 -8.027439505462842240e-01 -4.662057092455082596e+01
-8.006003855233900790e-01 -5.964845581944575731e-03 5.991689605753760528e-01 2.641995402596278382e+02 -2.618606136960105035e-03 9.999757310922410269e-01 6.456014902966819742e-03 1.678615487273978886e+02 -5.991929285311154985e-01 3.599700503021245265e-03 -8.005965754077335461e-01 -4.662057092455082596e+01
-7.999673630830436144e-01 -7.119532910487925102e-03 6.000012752095548185e-01 2.641995402596278382e+02 -4.658015478221230569e-03 9.999731608733416488e-01 5.655123762764138924e-03 1.678615487273978886e+02 -6.000254335390811100e-01 1.729099217528037901e-03 -7.999790555521628654e-01 -4.662057092455082596e+01
-8.002255336502265282e-01 -5.154356060980859813e-03 5.996770196595831992e-01 2.641995402596278382e+02 -3.142401765803176043e-03 9.999853746839433288e-01 4.401787062652776084e-03 1.678615487273978886e+02 -5.996909375714692958e-01 1.637996275736062959e-03 -8.002300271564728451e-01 -4.662057092455082596e+01
-7.997512934133408358e-01 -4.608163756634820092e-03 6.003137792109003446e-01 2.641995402596278382e+02 -2.845305383256765963e-03 9.999884031437262788e-01 3.885590730682749513e-03 1.678615487273978886e+02 -6.003247228966668292e-01 1.399430184906386111e-03 -7.997551304456849142e-01 -4.662057092455082596e+01
-7.995622157396562457e-01 -6.073434097995627189e-03 6.005525593649075899e-01 2.641995402596278382e+02 -4.723710402400351643e-03 9.999815322035078280e-01 3.823847793804656132e-03 1.678615487273978886e+02 -6.005646923700396211e-01 2.205678428054227459e-04 -7.995761387312049218e-01 -4.662057092455082596e+01
-7.994802077612999103e-01 -7.058056245408539028e-03 6.006509645709203760e-01 2.641995402596278382e+02 -7.286121334948800037e-03 9.999713497433290188e-01 2.052347044049565583e-03 1.678615487273978886e+02 -6.006482413474923954e-01 -2.735604966642767120e-03 -7.995087283023417646e-01 -4.662057092455082596e+01
-7.993666997850729095e-01 -6.718316914850522813e-03 6.008059116657763488e-01 2.641995402596278382e+02 -9.496360812787764741e-03 9.999538526624156543e-01 -1.453161001791908975e-03 1.678615487273978886e+02 -6.007684232764143317e-01 -6.867078229892917621e-03 -7.993936107016069714e-01 -4.662057092455082596e+01
-7.987357653892638298e-01 -6.654039272953763372e-03 6.016451619097192838e-01 2.641995402596278382e+02 -1.079342211419972823e-02 9.999364020226521044e-01 -3.270160401188844119e-03 1.678615487273978886e+02 -6.015851387186070820e-01 -9.105804266446918677e-03 -7.987567872647919343e-01 -4.662057092455082596e+01
-7.983749041642826949e-01 -6.960492136002612365e-03 6.021204729536177025e-01 2.641995402596278382e+02 -1.105750474787970186e-02 9.999340512663310587e-01 -3.102371164802053549e-03 1.678615487273978886e+02 -6.020591698408197523e-01 -9.134805269861136223e-03 -7.983992180252065252e-01 -4.662057092455082596e+01
-7.970289631732150326e-01 -8.011817992401528213e-03 6.038879388060995890e-01 2.641995402596278382e+02 -1.084023503924835818e-02 9.999407010688891040e-01 -1.040985178433114552e-03 1.678615487273978886e+02 -6.038437887130402304e-01 -7.375982531470753369e-03 -7.970685501977691212e-01 -4.662057092455082596e+01
-7.969500702475760257e-01 -8.473608299492051479e-03 6.039857477579767542e-01 2.641995402596278382e+02 -8.866588579756421590e-03 9.999579774848815772e-01 2.329564614538666163e-03 1.678615487273978886e+02 -6.039801065758170218e-01 -3.498746450203790107e-03 -7.969917123997830588e-01 -4.662057092455082596e+01
-7.970765386234779371e-01 -8.302677428575450796e-03 6.038212128797100231e-01 2.641995402596278382e+02 -7.132204336158715074e-03 9.999651697538131101e-01 4.334851845912842186e-03 1.678615487273978886e+02 -6.038361725147946002e-01 -8.513675679796124619e-04 -7.971079926433707330e-01 -4.662057092455082596e+01
-7.978611055481604764e-01 -8.635924685979977367e-03 6.027794597182928316e-01 2.641995402596278382e+02 -6.322826079383660376e-03 9.999622662653009364e-01 5.957173484442456271e-03 1.678615487273978886e+02 -6.028081602996355759e-01 9.417273342157396693e-04 -7.978856027187064548e-01 -4.662057092455082596e+01
-7.998377223669745906e-01 -6.618347111445758990e-03 6.001798191878122690e-01 2.641995402596278382e+02 -4.609163184136716614e-03 9.999774480822720690e-01 4.884561556523184245e-03 1.678615487273978886e+02 -6.001986117057809267e-01 1.140529863668356386e-03 -7.998501895343150814e-01 -4.662057092455082596e+01
-8.037585133297978635e-01 -6.339635530827245589e-03 5.949218951015347034e-01 2.641995402596278382e+02 -4.462313208190662496e-03 9.999793377125587579e-01 4.627300376557803158e-03 1.678615487273978886e+02 -5.949389380522166482e-01 1.064504241038990605e-03 -8.037701952797315919e-01 -4.662057092455082596e+01
-8.068301637540991056e-01 -7.916608330480029085e-03 5.907304073509902498e-01 2.641995402596278382e+02 -6.268388857756436797e-03 9.999686428191617571e-01 4.839491659487251719e-03 1.678615487273978886e+02 -5.907501960707718380e-01 2.017199447337186347e-04 -8.068544882142038022e-01 -4.662057092455082596e+01
-8.115179943269905660e-01 -8.836653935962559062e-03 5.842606083167908304e-01 2.641995402596278382e+02 -7.747411424017977902e-03 9.999604700541128155e-01 4.363020212516195186e-03 1.678615487273978886e+02 -5.842760670262984180e-01 -9.858378994079043146e-04 -8.115543762582471121e-01 -4.662057092455082596e+01
-8.166613328059209032e-01 -8.160950582935025052e-03 5.770594998656829455e-01 2.641995402596278382e+02 -7.770818678196333811e-03 9.999648627777090182e-01 3.144453373510599364e-03 1.678615487273978886e+02 -5.770648853263571354e-01 -1.916271257029596381e-03 -8.166960548623604099e-01 -4.662057092455082596e+01
-8.234236558736880429e-01 -6.994171267256852481e-03 5.673839656845146573e-01 2.641995402596278382e+02 -7.934138475687203471e-03 9.999681944371430209e-01 8.121334611323153142e-04 1.678615487273978886e+02 -5.673715999186536019e-01 -3.832973049002391490e-03 -8.234529591442054652e-01 -4.662057092455082596e+01
-8.315717575786785165e-01 -4.801011974423072606e-03 5.553965810855526763e-01 2.641995402596278382e+02 -7.169770486156287759e-03 9.999721107929949726e-01 -2.090939350643780930e-03 1.678615487273978886e+02 -5.553710528904772792e-01 -5.720832125984361312e-03 -8.315829878557550181e-01 -4.662057092455082596e+01
-8.412284694957702369e-01 -3.095480088079971548e-03 5.406709536426197449e-01 2.641995402596278382e+02 -6.154607646102726315e-03 9.999736456040104748e-01 -3.850831356634443637e-03 1.678615487273978886e+02 -5.406447844144252057e-01 -6.567046553742177106e-03 -8.412253508929914414e-01 -4.662057092455082596e+01
-8.519869515313286401e-01 -3.507959562179728281e-03 5.235512664869169663e-01 2.641995402596278382e+02 -6.873484055904424336e-03 9.999663181446598603e-01 -4.485286293653242135e-03 1.678615487273978886e+02 -5.235178981059578351e-01 -7.420026678720943736e-03 -8.519823669342004857e-01 -4.662057092455082596e+01
-8.639293378995603900e-01 -5.040902983837480117e-03 5.035878159899472850e-01 2.641995402596278382e+02 -7.264353366141596512e-03 9.999706063655638966e-01 -2.452666925777375381e-03 1.678615487273978886e+02 -5.035606500577578526e-01 -5.777170759509190658e-03 -8.639405627769881635e-01 -4.662057092455082596e+01
-8.775256354837839279e-01 -7.408158347746344498e-03 4.794725000025192863e-01 2.641995402596278382e+02 -8.683433000502869398e-03 9.999622004794773700e-01 -4.422709102921863885e-04 1.678615487273978886e+02 -4.794510997589841450e-01 -4.551571390965260949e-03 -8.775567936821917492e-01 -4.662057092455082596e+01
-8.941339267228280985e-01 -1.057345810122790886e-02 4.476747961042556456e-01 2.641995402596278382e+02 -1.166695234071297473e-02 9.999318892481037224e-01 3.147821297549482640e-04 1.678615487273978886e+02 -4.476476329729526804e-01 -4.941543128546254000e-03 -8.941963866205323574e-01 -4.662057092455082596e+01
-9.109134607372384451e-01 -1.255835950532093424e-02 4.124062980293000114e-01 2.641995402596278382e+02 -1.349323195011511815e-02 9.999087541000796220e-01 6.451089509704235328e-04 1.678615487273978886e+02 -4.123767691556345927e-01 -4.977055409916032735e-03 -9.109997964764879885e-01 -4.662057092455082596e+01
-9.270325496108625662e-01 -1.379702420944531327e-02 3.747269593783403296e-01 2.641995402596278382e+02 -1.425703790953035052e-02 9.998971699896288534e-01 1.544770782147757799e-03 1.678615487273978886e+02 -3.747097394411051940e-01 -3.910443668840605722e-03 -9.271339275413704728e-01 -4.662057092455082596e+01
-9.426376369556086487e-01 -1.732871981303025360e-02 3.333676661951137099e-01 2.641995402596278382e+02 -1.776168031833896474e-02 9.998407187964845066e-01 1.749213763581402431e-03 1.678615487273978886e+02 -3.333448786272356634e-01 -4.272295186795041846e-03 -9.427952796799660140e-01 -4.662057092455082596e+01
-9.578380853685452001e-01 -2.258313950556722211e-02 2.864196292637437025e-01 2.641995402596278382e+02 -2.255065340137804575e-02 9.997398778026558297e-01 3.412442277159690070e-03 1.678615487273978886e+02 -2.864221888204213085e-01 -3.190382609691661594e-03 -9.580981949727894742e-01 -4.662057092455082596e+01
-9.711691725001423414e-01 -3.219427708506337332e-02 2.362074658183927200e-01 2.641995402596278382e+02 -3.114238425303142085e-02 9.994814547460736387e-01 8.183735192610475453e-03 1.678615487273978886e+02 -2.363484509964367264e-01 5.917276710178941438e-04 -9.716681838827195827e-01 -4.662057092455082596e+01
