1.000000000000000000e+00 0.000000000000000000e+00 0.000000000000000000e+00 -1.903144555961157725e+00 0.000000000000000000e+00 1.000000000000000000e+00 0.000000000000000000e+00 2.042867999279077917e+00 0.000000000000000000e+00 0.000000000000000000e+00 1.000000000000000000e+00 1.211493232559234734e+01
9.999795000000000211e-01 5.025122999999999829e-04 -6.380358000000000036e-03 -1.903144555961157725e+00 -5.005160000000000034e-04 9.999997999999999942e-01 3.144878000000000148e-04 2.042867999279077917e+00 6.380514999999999798e-03 -3.112871000000000236e-04 9.999795999999999685e-01 1.211493232559234734e+01
9.999095999999999540e-01 1.061515999999999979e-03 -1.340598999999999957e-02 -1.903144555961157725e+00 -1.058761999999999984e-03 9.999993999999999827e-01 2.126022000000000090e-04 2.042867999279077917e+00 1.340621000000000000e-02 -1.983883999999999995e-04 9.999101000000000239e-01 1.211493232559234734e+01
9.997800000000000020e-01 1.386756000000000056e-03 -2.092924999999999994e-02 -1.903144555961157725e+00 -1.395505999999999917e-03 9.999989000000000239e-01 -4.034724999999999965e-04 2.042867999279077917e+00 2.092866999999999991e-02 4.325913000000000132e-04 9.997808999999999724e-01 1.211493232559234734e+01
9.995454000000000283e-01 2.025308999999999877e-03 -3.008212000000000039e-02 -1.903144555961157725e+00 -2.080073999999999899e-03 9.999962000000000018e-01 -1.789330999999999908e-03 2.042867999279077917e+00 3.007838999999999999e-02 1.851091000000000021e-03 9.995458000000000398e-01 1.211493232559234734e+01
9.991402999999999812e-01 2.230707000000000176e-03 -4.139679999999999749e-02 -1.903144555961157725e+00 -2.379113999999999882e-03 9.999909000000000159e-01 -3.536042000000000091e-03 2.042867999279077917e+00 4.138854000000000144e-02 3.631489999999999805e-03 9.991364999999999830e-01 1.211493232559234734e+01
9.984891999999999657e-01 2.145630999999999840e-03 -5.490591000000000221e-02 -1.903144555961157725e+00 -2.394372999999999987e-03 9.999871000000000176e-01 -4.464950999999999989e-03 2.042867999279077917e+00 5.489561999999999914e-02 4.589671000000000028e-03 9.984815999999999692e-01 1.211493232559234734e+01
9.974752999999999536e-01 2.223073999999999797e-03 -7.097931999999999853e-02 -1.903144555961157725e+00 -2.545052999999999812e-03 9.999869000000000119e-01 -4.446102999999999861e-03 2.042867999279077917e+00 7.096850999999999854e-02 4.615524000000000189e-03 9.974678999999999629e-01 1.211493232559234734e+01
9.959797999999999707e-01 9.912398999999999689e-04 -8.957233000000000556e-02 -1.903144555961157725e+00 -1.397592999999999926e-03 9.999890000000000168e-01 -4.473981999999999612e-03 2.042867999279077917e+00 8.956690999999999958e-02 4.581181999999999616e-03 9.959702999999999751e-01 1.211493232559234734e+01
9.939835999999999672e-01 -3.564686999999999977e-04 -1.095286000000000037e-01 -1.903144555961157725e+00 -1.406643000000000010e-04 9.999896999999999814e-01 -4.531084000000000327e-03 2.042867999279077917e+00 1.095291000000000042e-01 4.519231000000000290e-03 9.939732999999999485e-01 1.211493232559234734e+01
9.912980000000000125e-01 -4.511766999999999861e-04 -1.316365999999999925e-01 -1.903144555961157725e+00 -1.745510000000000030e-04 9.999886999999999526e-01 -4.741872999999999748e-03 2.042867999279077917e+00 1.316372000000000098e-01 4.723586000000000104e-03 9.912866999999999651e-01 1.211493232559234734e+01
9.877898999999999985e-01 2.927872000000000200e-03 -1.557640999999999887e-01 -1.903144555961157725e+00 -3.900867000000000136e-03 9.999746999999999941e-01 -5.941283999999999801e-03 2.042867999279077917e+00 1.557427999999999868e-01 6.476355999999999953e-03 9.877763999999999989e-01 1.211493232559234734e+01
9.834264999999999812e-01 7.281906999999999790e-03 -1.811610999999999916e-01 -1.903144555961157725e+00 -8.809762000000000495e-03 9.999320999999999904e-01 -7.630442000000000301e-03 2.042867999279077917e+00 1.810932000000000097e-01 9.099964000000000316e-03 9.834237999999999591e-01 1.211493232559234734e+01
9.780771999999999800e-01 1.080195999999999934e-02 -2.079622999999999888e-01 -1.903144555961157725e+00 -1.279340999999999985e-02 9.998842000000000008e-01 -8.233354000000000020e-03 2.042867999279077917e+00 2.078492999999999868e-01 1.071339999999999966e-02 9.781022000000000327e-01 1.211493232559234734e+01
9.713483000000000533e-01 1.158385999999999964e-02 -2.373782000000000114e-01 -1.903144555961157725e+00 -1.400443999999999994e-02 9.998656999999999684e-01 -8.513365000000000168e-03 2.042867999279077917e+00 2.372477000000000058e-01 1.159378999999999965e-02 9.713800000000000212e-01 1.211493232559234734e+01
9.632836999999999650e-01 1.344570999999999961e-02 -2.681487000000000176e-01 -1.903144555961157725e+00 -1.613639999999999866e-02 9.998390999999999806e-01 -7.832911999999999167e-03 2.042867999279077917e+00 2.680003000000000246e-01 1.187227000000000074e-02 9.633456999999999715e-01 1.211493232559234734e+01
9.538090000000000179e-01 1.577198000000000142e-02 -2.999994999999999745e-01 -1.903144555961157725e+00 -1.861376000000000003e-02 9.998048000000000490e-01 -6.616865999999999894e-03 2.042867999279077917e+00 2.998367000000000115e-01 1.189534000000000077e-02 9.539163999999999977e-01 1.211493232559234734e+01
9.425175000000000081e-01 1.774119000000000043e-02 -3.336855000000000238e-01 -1.903144555961157725e+00 -2.073817000000000021e-02 9.997702000000000533e-01 -5.421185000000000240e-03 2.042867999279077917e+00 3.335125999999999924e-01 1.202958999999999973e-02 9.426689000000000318e-01 1.211493232559234734e+01
9.299712999999999452e-01 2.036643000000000134e-02 -3.670675999999999939e-01 -1.903144555961157725e+00 -2.385301999999999908e-02 9.997030999999999556e-01 -4.964300999999999957e-03 2.042867999279077917e+00 3.668575000000000030e-01 1.337232999999999998e-02 9.301810000000000356e-01 1.211493232559234734e+01
9.160371000000000485e-01 2.349847000000000047e-02 -4.004044999999999965e-01 -1.903144555961157725e+00 -2.746958000000000039e-02 9.996139000000000552e-01 -4.180152000000000347e-03 2.042867999279077917e+00 4.001516999999999991e-01 1.482812000000000019e-02 9.163289999999999491e-01 1.211493232559234734e+01
8.999654000000000265e-01 2.432814999999999978e-02 -4.352818999999999994e-01 -1.903144555961157725e+00 -2.866012999999999894e-02 9.995834000000000108e-01 -3.388837999999999920e-03 2.042867999279077917e+00 4.350182000000000215e-01 1.552507000000000019e-02 9.002877999999999714e-01 1.211493232559234734e+01
8.815779999999999728e-01 2.050712000000000021e-02 -4.715926999999999758e-01 -1.903144555961157725e+00 -2.543754999999999974e-02 9.996680999999999484e-01 -4.081633000000000309e-03 2.042867999279077917e+00 4.713525000000000076e-01 1.559443999999999934e-02 8.818070999999999549e-01 1.211493232559234734e+01
8.604448999999999570e-01 1.550967999999999965e-02 -5.093075000000000241e-01 -1.903144555961157725e+00 -2.063887000000000013e-02 9.997772000000000325e-01 -4.422429000000000290e-03 2.042867999279077917e+00 5.091253999999999502e-01 1.431678999999999938e-02 8.605732999999999855e-01 1.211493232559234734e+01
8.357453000000000243e-01 1.684756999999999921e-02 -5.488587999999999800e-01 -1.903144555961157725e+00 -2.109934999999999936e-02 9.997762999999999511e-01 -1.439126999999999898e-03 2.042867999279077917e+00 5.487117999999999718e-01 1.278331000000000085e-02 8.359138999999999875e-01 1.211493232559234734e+01
8.069522999999999557e-01 2.370092000000000032e-02 -5.901408000000000209e-01 -1.903144555961157725e+00 -2.696201000000000153e-02 9.996310999999999947e-01 3.279095000000000100e-03 2.042867999279077917e+00 5.900009000000000503e-01 1.326531000000000064e-02 8.072937000000000030e-01 1.211493232559234734e+01
7.747743000000000269e-01 2.685279000000000138e-02 -6.316673999999999900e-01 -1.903144555961157725e+00 -3.022769999999999971e-02 9.995283000000000362e-01 5.415012000000000297e-03 2.042867999279077917e+00 6.315148999999999901e-01 1.489844000000000064e-02 7.752206000000000374e-01 1.211493232559234734e+01
7.390814999999999468e-01 2.703623000000000137e-02 -6.730732000000000381e-01 -1.903144555961157725e+00 -3.078163000000000080e-02 9.995058999999999472e-01 6.348111000000000032e-03 2.042867999279077917e+00 6.729123999999999661e-01 1.602651999999999896e-02 7.395486000000000004e-01 1.211493232559234734e+01
6.998653999999999709e-01 2.300742999999999885e-02 -7.139041000000000414e-01 -1.903144555961157725e+00 -2.506270000000000026e-02 9.996566000000000063e-01 7.646713000000000295e-03 2.042867999279077917e+00 7.138349999999999973e-01 1.254069000000000017e-02 7.002017000000000380e-01 1.211493232559234734e+01
6.574737999999999971e-01 1.958831999999999934e-02 -7.532227000000000228e-01 -1.903144555961157725e+00 -2.008944999999999828e-02 9.997622999999999927e-01 8.464136000000000576e-03 2.042867999279077917e+00 7.532096000000000346e-01 9.566886999999999613e-03 6.577110999999999930e-01 1.211493232559234734e+01
6.131628999999999552e-01 1.930946000000000051e-02 -7.897203999999999890e-01 -1.903144555961157725e+00 -1.750863000000000072e-02 9.997878000000000043e-01 1.085158999999999950e-02 2.042867999279077917e+00 7.897623999999999755e-01 7.173129999999999784e-03 6.133709000000000522e-01 1.211493232559234734e+01
5.654772000000000132e-01 2.029055000000000095e-02 -8.245143000000000333e-01 -1.903144555961157725e+00 -1.550388999999999934e-02 9.997821999999999543e-01 1.397070000000000083e-02 2.042867999279077917e+00 8.246181999999999679e-01 4.883067999999999957e-03 5.656685999999999659e-01 1.211493232559234734e+01
5.147144999999999637e-01 2.089948000000000153e-02 -8.571069000000000049e-01 -1.903144555961157725e+00 -1.382236000000000055e-02 9.997751999999999750e-01 1.607760000000000092e-02 2.042867999279077917e+00 8.572503000000000206e-01 3.571869000000000086e-03 5.148876000000000008e-01 1.211493232559234734e+01
4.622315000000000174e-01 2.267229999999999940e-02 -8.864693999999999630e-01 -1.903144555961157725e+00 -1.311577000000000055e-02 9.997384999999999744e-01 1.873032000000000169e-02 2.042867999279077917e+00 8.866623000000000143e-01 2.968993000000000066e-03 4.624079999999999857e-01 1.211493232559234734e+01
4.081172000000000133e-01 2.482780000000000056e-02 -9.125917999999999530e-01 -1.903144555961157725e+00 -1.202968999999999913e-02 9.996895999999999560e-01 2.181761999999999938e-02 2.042867999279077917e+00 9.128503000000000034e-01 2.074054999999999996e-03 4.082892000000000188e-01 1.211493232559234734e+01
3.528221000000000274e-01 2.685154000000000013e-02 -9.353051000000000004e-01 -1.903144555961157725e+00 -1.174858999999999973e-02 9.996365000000000389e-01 2.426655000000000131e-02 2.042867999279077917e+00 9.356166999999999678e-01 2.426747999999999839e-03 3.530093000000000258e-01 1.211493232559234734e+01
2.977517000000000080e-01 2.999078000000000160e-02 -9.541720999999999675e-01 -1.903144555961157725e+00 -9.323250999999999414e-03 9.995500999999999969e-01 2.850772999999999849e-02 2.042867999279077917e+00 9.545978999999999992e-01 4.077656000000000249e-04 2.978972999999999760e-01 1.211493232559234734e+01
2.439423000000000008e-01 3.226578000000000085e-02 -9.692528000000000254e-01 -1.903144555961157725e+00 -5.239210999999999695e-03 9.994756000000000196e-01 3.195328000000000057e-02 2.042867999279077917e+00 9.697755999999999599e-01 -2.716632000000000075e-03 2.439833999999999892e-01 1.211493232559234734e+01
1.928119000000000083e-01 3.260781000000000096e-02 -9.806937999999999489e-01 -1.903144555961157725e+00 -2.205280000000000001e-03 9.994594999999999452e-01 3.279819999999999958e-02 2.042867999279077917e+00 9.812332999999999750e-01 -4.161174000000000123e-03 1.927795999999999954e-01 1.211493232559234734e+01
1.451008000000000020e-01 3.362422999999999801e-02 -9.888453999999999855e-01 -1.903144555961157725e+00 -3.991989999999999948e-03 9.994340999999999919e-01 3.339852000000000098e-02 2.042867999279077917e+00 9.894089000000000356e-01 -8.986868999999999760e-04 1.451529000000000014e-01 1.211493232559234734e+01
1.020608999999999961e-01 3.392392999999999798e-02 -9.941995000000000138e-01 -1.903144555961157725e+00 -6.144850000000000312e-03 9.994207999999999981e-01 3.347129000000000076e-02 2.042867999279077917e+00 9.947591999999999546e-01 2.693099999999999921e-03 1.022102000000000011e-01 1.211493232559234734e+01
6.378190999999999722e-02 3.251617999999999870e-02 -9.974340000000000428e-01 -1.903144555961157725e+00 -7.384400999999999639e-03 9.994570000000000398e-01 3.210993999999999654e-02 2.042867999279077917e+00 9.979365999999999515e-01 5.317421999999999600e-03 6.398739000000000510e-02 1.211493232559234734e+01
2.904725999999999836e-02 2.991173999999999916e-02 -9.991303999999999741e-01 -1.903144555961157725e+00 -6.521622999999999830e-03 9.995365000000000499e-01 2.973430999999999991e-02 2.042867999279077917e+00 9.995568000000000231e-01 5.652255000000000126e-03 2.922887000000000055e-02 1.211493232559234734e+01
-2.721994000000000150e-03 2.726005000000000095e-02 -9.996247000000000327e-01 -1.903144555961157725e+00 -5.718749000000000401e-03 9.996116000000000446e-01 2.727527000000000076e-02 2.042867999279077917e+00 9.999799999999999800e-01 5.790848999999999823e-03 -2.565041000000000109e-03 1.211493232559234734e+01
-2.964893999999999863e-02 2.550782999999999870e-02 -9.992347999999999786e-01 -1.903144555961157725e+00 -6.326375999999999875e-03 9.996494999999999687e-01 2.570613999999999885e-02 2.042867999279077917e+00 9.995403999999999956e-01 7.083698000000000251e-03 -2.947717000000000045e-02 1.211493232559234734e+01
-5.091764000000000012e-02 2.313000000000000125e-02 -9.984349999999999614e-01 -1.903144555961157725e+00 -6.820020999999999896e-03 9.997004000000000445e-01 2.350713000000000108e-02 2.042867999279077917e+00 9.986796000000000006e-01 8.006278000000000353e-03 -5.074464000000000058e-02 1.211493232559234734e+01
-6.733279999999999821e-02 2.173972000000000057e-02 -9.974937000000000387e-01 -1.903144555961157725e+00 -6.474859000000000343e-03 9.997319999999999540e-01 2.222558000000000172e-02 2.042867999279077917e+00 9.977095999999999743e-01 7.955144000000000798e-03 -6.717399000000000286e-02 1.211493232559234734e+01
-8.060837999999999337e-02 2.217432000000000084e-02 -9.964992000000000294e-01 -1.903144555961157725e+00 -5.344045999999999866e-03 9.997285000000000199e-01 2.267848000000000086e-02 2.042867999279077917e+00 9.967316000000000509e-01 7.153416000000000115e-03 -8.046799000000000313e-02 1.211493232559234734e+01
-9.045246999999999316e-02 2.383599000000000134e-02 -9.956154999999999866e-01 -1.903144555961157725e+00 -6.387145000000000322e-03 9.996791000000000427e-01 2.451356000000000021e-02 2.042867999279077917e+00 9.958803000000000516e-01 8.576455000000000189e-03 -9.027119999999999589e-02 1.211493232559234734e+01
-9.725791000000000297e-02 2.540281000000000136e-02 -9.949350000000000138e-01 -1.903144555961157725e+00 -8.559782999999999628e-03 9.996159000000000017e-01 2.635906999999999833e-02 2.042867999279077917e+00 9.952223999999999515e-01 1.108005999999999922e-02 -9.700311000000000350e-02 1.211493232559234734e+01
-1.018113999999999963e-01 2.626012999999999958e-02 -9.944570000000000354e-01 -1.903144555961157725e+00 -8.587812999999999697e-03 9.995910999999999547e-01 2.727492000000000111e-02 2.042867999279077917e+00 9.947667000000000037e-01 1.131711000000000002e-02 -1.015442000000000011e-01 1.211493232559234734e+01
-1.035004999999999953e-01 2.648562000000000138e-02 -9.942767000000000133e-01 -1.903144555961157725e+00 -6.117944000000000160e-03 9.996095000000000397e-01 2.726454000000000030e-02 2.042867999279077917e+00 9.946106000000000114e-01 8.904824000000000420e-03 -1.032980000000000009e-01 1.211493232559234734e+01
-1.028277999999999970e-01 2.847192000000000126e-02 -9.942916000000000532e-01 -1.903144555961157725e+00 -3.919261999999999746e-03 9.995709000000000399e-01 2.902843000000000090e-02 2.042867999279077917e+00 9.946914999999999507e-01 6.881820999999999772e-03 -1.026721000000000023e-01 1.211493232559234734e+01
-1.013577999999999979e-01 3.126980000000000037e-02 -9.943585000000000340e-01 -1.903144555961157725e+00 -4.596262999999999738e-03 9.994804999999999939e-01 3.189940000000000137e-02 2.042867999279077917e+00 9.948394999999999877e-01 7.803588000000000191e-03 -1.011613999999999985e-01 1.211493232559234734e+01
-9.950488000000000388e-02 3.165294999999999914e-02 -9.945334999999999592e-01 -1.903144555961157725e+00 -7.042716000000000080e-03 9.994463999999999571e-01 3.251396000000000147e-02 2.042867999279077917e+00 9.950122000000000133e-01 1.023952000000000022e-02 -9.922688000000000341e-02 1.211493232559234734e+01
-9.786424999999999985e-02 2.880842999999999945e-02 -9.947827000000000197e-01 -1.903144555961157725e+00 -8.778970000000000523e-03 9.995169999999999888e-01 2.980918999999999930e-02 2.042867999279077917e+00 9.951611000000000207e-01 1.165041999999999987e-02 -9.756407000000000274e-02 1.211493232559234734e+01
-9.663339999999999430e-02 2.858455999999999844e-02 -9.949095000000000022e-01 -1.903144555961157725e+00 -9.168532999999999544e-03 9.995195000000000052e-01 2.960754000000000163e-02 2.042867999279077917e+00 9.952777999999999903e-01 1.198293999999999922e-02 -9.632490000000000496e-02 1.211493232559234734e+01
-9.508532999999999569e-02 3.088559000000000096e-02 -9.949898999999999827e-01 -1.903144555961157725e+00 -8.691166999999999643e-03 9.994547000000000292e-01 3.185476000000000280e-02 2.042867999279077917e+00 9.954311999999999605e-01 1.167655000000000082e-02 -9.476505000000000345e-02 1.211493232559234734e+01
-9.324591999999999603e-02 3.432541000000000064e-02 -9.950512000000000246e-01 -1.903144555961157725e+00 -9.606840999999999645e-03 9.993279999999999941e-01 3.537320000000000048e-02 2.042867999279077917e+00 9.955967999999999485e-01 1.285770999999999963e-02 -9.285350000000000548e-02 1.211493232559234734e+01
-9.143352000000000424e-02 3.749733000000000233e-02 -9.951048999999999589e-01 -1.903144555961157725e+00 -1.072093999999999998e-02 9.991957999999999673e-01 3.863657000000000202e-02 2.042867999279077917e+00 9.957534999999999581e-01 1.420113999999999925e-02 -9.095797999999999384e-02 1.211493232559234734e+01
-8.963018000000000374e-02 3.633795000000000081e-02 -9.953119999999999745e-01 -1.903144555961157725e+00 -1.191923999999999935e-02 9.992235000000000422e-01 3.755412000000000333e-02 2.042867999279077917e+00 9.959038000000000057e-01 1.522933999999999920e-02 -8.912746000000000557e-02 1.211493232559234734e+01
-8.776868999999999643e-02 3.343540999999999874e-02 -9.955796000000000090e-01 -1.903144555961157725e+00 -1.418123999999999947e-02 9.992933000000000510e-01 3.481034000000000211e-02 2.042867999279077917e+00 9.960400000000000365e-01 1.717381000000000116e-02 -8.723250999999999922e-02 1.211493232559234734e+01
-8.620013999999999454e-02 3.252667000000000058e-02 -9.957466999999999846e-01 -1.903144555961157725e+00 -1.553739999999999982e-02 9.993014000000000063e-01 3.398785000000000001e-02 2.042867999279077917e+00 9.961567000000000061e-01 1.840106999999999854e-02 -8.563453999999999511e-02 1.211493232559234734e+01
-8.451284000000000574e-02 3.487322999999999812e-02 -9.958118999999999721e-01 -1.903144555961157725e+00 -1.290087999999999999e-02 9.992653000000000230e-01 3.608904999999999752e-02 2.042867999279077917e+00 9.963389000000000273e-01 1.589683999999999889e-02 -8.400085000000000190e-02 1.211493232559234734e+01
-8.331618000000000357e-02 3.705888000000000237e-02 -9.958337999999999912e-01 -1.903144555961157725e+00 -1.052013000000000080e-02 9.992199000000000497e-01 3.806505999999999779e-02 2.042867999279077917e+00 9.964676999999999563e-01 1.364774000000000022e-02 -8.286132000000000219e-02 1.211493232559234734e+01
-8.195787999999999685e-02 3.938853999999999966e-02 -9.958571000000000506e-01 -1.903144555961157725e+00 -9.754524000000000528e-03 9.991390999999999467e-01 4.032113999999999837e-02 2.042867999279077917e+00 9.965880999999999768e-01 1.301875000000000081e-02 -8.150311000000000361e-02 1.211493232559234734e+01
-8.125064999999999371e-02 3.526391000000000248e-02 -9.960696999999999468e-01 -1.903144555961157725e+00 -9.827282999999999158e-03 9.992969999999999908e-01 3.617979999999999807e-02 2.042867999279077917e+00 9.966452999999999562e-01 1.272828999999999974e-02 -8.084697999999999884e-02 1.211493232559234734e+01
-8.074504999999999877e-02 2.784208999999999989e-02 -9.963457999999999481e-01 -1.903144555961157725e+00 -8.508473000000000772e-03 9.995541000000000009e-01 2.862127999999999894e-02 2.042867999279077917e+00 9.966985000000000428e-01 1.078841000000000001e-02 -8.047215000000000618e-02 1.211493232559234734e+01
-8.068462999999999330e-02 2.317276000000000058e-02 -9.964703000000000310e-01 -1.903144555961157725e+00 -5.031546999999999929e-03 9.997074999999999712e-01 2.365545999999999968e-02 2.042867999279077917e+00 9.967270000000000296e-01 6.922422000000000124e-03 -8.054443000000000019e-02 1.211493232559234734e+01
-8.117505999999999333e-02 2.268473000000000017e-02 -9.964416999999999858e-01 -1.903144555961157725e+00 -3.485151000000000134e-03 9.997283999999999615e-01 2.304348000000000160e-02 2.042867999279077917e+00 9.966937999999999631e-01 5.343309000000000079e-03 -8.107395000000000573e-02 1.211493232559234734e+01
-8.098689000000000582e-02 3.123789999999999900e-02 -9.962254999999999860e-01 -1.903144555961157725e+00 -4.490308000000000146e-03 9.994872000000000201e-01 3.170521999999999924e-02 2.042867999279077917e+00 9.967051000000000105e-01 7.041068999999999627e-03 -8.080508999999999609e-02 1.211493232559234734e+01
-8.132601000000000413e-02 3.806049000000000238e-02 -9.959605999999999737e-01 -1.903144555961157725e+00 -5.642356999999999755e-03 9.992370000000000418e-01 3.864643999999999718e-02 2.042867999279077917e+00 9.966715999999999909e-01 8.762528999999999804e-03 -8.104920999999999653e-02 1.211493232559234734e+01
-8.165962000000000220e-02 4.388269999999999671e-02 -9.956937000000000149e-01 -1.903144555961157725e+00 -7.595689000000000086e-03 9.989738000000000229e-01 4.465021999999999741e-02 2.042867999279077917e+00 9.966313999999999451e-01 1.120909999999999962e-02 -8.124249999999999527e-02 1.211493232559234734e+01
-8.204878999999999645e-02 4.465936000000000211e-02 -9.956272000000000455e-01 -1.903144555961157725e+00 -9.387219999999999939e-03 9.989164999999999850e-01 4.558050999999999769e-02 2.042867999279077917e+00 9.965840999999999728e-01 1.308600000000000041e-02 -8.154066000000000092e-02 1.211493232559234734e+01
-8.245294000000000234e-02 4.133612999999999871e-02 -9.957373000000000474e-01 -1.903144555961157725e+00 -9.690603000000000758e-03 9.990588999999999720e-01 4.227646999999999655e-02 2.042867999279077917e+00 9.965479000000000420e-01 1.313512000000000013e-02 -8.197477000000000236e-02 1.211493232559234734e+01
-8.290210000000000634e-02 3.805547000000000096e-02 -9.958308000000000160e-01 -1.903144555961157725e+00 -9.508350999999999956e-03 9.991948999999999970e-01 3.897559999999999913e-02 2.042867999279077917e+00 9.965123999999999649e-01 1.269987000000000026e-02 -8.247350999999999988e-02 1.211493232559234734e+01
-8.288969999999999672e-02 3.922072000000000058e-02 -9.957865999999999662e-01 -1.903144555961157725e+00 -1.105292000000000080e-02 9.991276000000000046e-01 4.027237000000000178e-02 2.042867999279077917e+00 9.964975000000000360e-01 1.434451999999999949e-02 -8.238388000000000655e-02 1.211493232559234734e+01
-8.269812999999999470e-02 4.194649000000000294e-02 -9.956914999999999516e-01 -1.903144555961157725e+00 -1.214291999999999976e-02 9.989972000000000296e-01 4.309430999999999679e-02 2.042867999279077917e+00 9.965007000000000170e-01 1.565441999999999875e-02 -8.210583999999999938e-02 1.211493232559234734e+01
-8.271723999999999744e-02 4.082258999999999888e-02 -9.957365999999999717e-01 -1.903144555961157725e+00 -1.302829999999999960e-02 9.990310000000000024e-01 4.203993999999999787e-02 2.042867999279077917e+00 9.964878999999999820e-01 1.645017999999999828e-02 -8.210523999999999600e-02 1.211493232559234734e+01
-8.231199999999999628e-02 3.566380000000000244e-02 -9.959683000000000286e-01 -1.903144555961157725e+00 -1.376549000000000002e-02 9.992235000000000422e-01 3.691802999999999751e-02 2.042867999279077917e+00 9.965116000000000529e-01 1.674878999999999951e-02 -8.175715000000000066e-02 1.211493232559234734e+01
-8.195133000000000278e-02 3.105420999999999876e-02 -9.961524000000000489e-01 -1.903144555961157725e+00 -1.499026999999999998e-02 9.993629000000000540e-01 3.238752000000000297e-02 2.042867999279077917e+00 9.965235999999999539e-01 1.758679000000000145e-02 -8.143361000000000349e-02 1.211493232559234734e+01
-8.151395000000000168e-02 3.157686999999999994e-02 -9.961718000000000517e-01 -1.903144555961157725e+00 -1.501860999999999995e-02 9.993455999999999451e-01 3.290640999999999705e-02 2.042867999279077917e+00 9.965591000000000310e-01 1.764345000000000149e-02 -8.098637000000000197e-02 1.211493232559234734e+01
-8.074712000000000556e-02 3.441770000000000246e-02 -9.961402000000000312e-01 -1.903144555961157725e+00 -1.407711000000000032e-02 9.992645999999999473e-01 3.566674999999999707e-02 2.042867999279077917e+00 9.966352000000000544e-01 1.690275999999999931e-02 -8.020323000000000035e-02 1.211493232559234734e+01
-8.028235000000000232e-02 3.893235999999999919e-02 -9.960115000000000496e-01 -1.903144555961157725e+00 -1.355742000000000058e-02 9.991018000000000399e-01 4.014594999999999969e-02 2.042867999279077917e+00 9.966800000000000104e-01 1.672635999999999915e-02 -7.968242000000000380e-02 1.211493232559234734e+01
-7.964970000000000383e-02 4.443041999999999825e-02 -9.958321999999999452e-01 -1.903144555961157725e+00 -1.275580999999999937e-02 9.988789000000000140e-01 4.558660999999999963e-02 2.042867999279077917e+00 9.967413000000000523e-01 1.633360999999999841e-02 -7.899365999999999333e-02 1.211493232559234734e+01
-7.980663999999999814e-02 4.835638999999999910e-02 -9.956367000000000411e-01 -1.903144555961157725e+00 -1.285875000000000039e-02 9.986895999999999551e-01 4.953537999999999691e-02 2.042867999279077917e+00 9.967274999999999885e-01 1.675590000000000065e-02 -7.908025999999999944e-02 1.211493232559234734e+01
-7.952916000000000152e-02 4.776542000000000288e-02 -9.956874999999999476e-01 -1.903144555961157725e+00 -1.253986999999999984e-02 9.987243000000000093e-01 4.891271999999999981e-02 2.042867999279077917e+00 9.967536999999999647e-01 1.637579000000000118e-02 -7.882873999999999437e-02 1.211493232559234734e+01
-7.935203999999999869e-02 4.425698000000000132e-02 -9.958637000000000183e-01 -1.903144555961157725e+00 -1.242385000000000017e-02 9.988924000000000136e-01 4.538154999999999967e-02 2.042867999279077917e+00 9.967692999999999692e-01 1.597358000000000111e-02 -7.871430999999999567e-02 1.211493232559234734e+01
-7.897160999999999764e-02 3.959309999999999913e-02 -9.960902999999999841e-01 -1.903144555961157725e+00 -1.315325999999999995e-02 9.990826000000000429e-01 4.075485999999999692e-02 2.042867999279077917e+00 9.967901000000000122e-01 1.632031000000000107e-02 -7.837837999999999750e-02 1.211493232559234734e+01
-7.862370000000000470e-02 3.683575000000000044e-02 -9.962235999999999869e-01 -1.903144555961157725e+00 -1.711448999999999956e-02 9.991198999999999497e-01 3.829355999999999732e-02 2.042867999279077917e+00 9.967574999999999630e-01 2.006064000000000111e-02 -7.792408000000000667e-02 1.211493232559234734e+01
-7.912444999999999895e-02 3.465561999999999809e-02 -9.962621999999999867e-01 -1.903144555961157725e+00 -2.040105000000000043e-02 9.991299000000000152e-01 3.637565999999999716e-02 2.042867999279077917e+00 9.966559999999999864e-01 2.320300000000000140e-02 -7.834860000000000435e-02 1.211493232559234734e+01
-7.976545999999999637e-02 3.312770000000000298e-02 -9.962630000000000097e-01 -1.903144555961157725e+00 -1.910751000000000116e-02 9.992130999999999652e-01 3.475563999999999737e-02 2.042867999279077917e+00 9.966304999999999747e-01 2.180841000000000030e-02 -7.906970000000000665e-02 1.211493232559234734e+01
-8.099499000000000282e-02 2.976202000000000014e-02 -9.962699999999999889e-01 -1.903144555961157725e+00 -1.535850000000000062e-02 9.993980999999999559e-01 3.110409999999999911e-02 2.042867999279077917e+00 9.965962000000000431e-01 1.782049000000000133e-02 -8.048914000000000069e-02 1.211493232559234734e+01
-8.168221000000000509e-02 2.762875999999999874e-02 -9.962754000000000332e-01 -1.903144555961157725e+00 -1.115208999999999992e-02 9.995277000000000189e-01 2.863330000000000042e-02 2.042867999279077917e+00 9.965960999999999848e-01 1.344938000000000036e-02 -8.133551999999999449e-02 1.211493232559234734e+01
-8.331048000000000620e-02 3.088014999999999857e-02 -9.960451000000000166e-01 -1.903144555961157725e+00 -1.024722999999999953e-02 9.994402999999999482e-01 3.184250999999999748e-02 2.042867999279077917e+00 9.964709999999999956e-01 1.285951999999999928e-02 -8.294741999999999393e-02 1.211493232559234734e+01
-8.506616000000000177e-02 3.760111000000000009e-02 -9.956654999999999811e-01 -1.903144555961157725e+00 -8.393766000000000421e-03 9.992250999999999772e-01 3.845268000000000297e-02 2.042867999279077917e+00 9.963400000000000034e-01 1.162841000000000048e-02 -8.468462999999999685e-02 1.211493232559234734e+01
-8.682805999999999857e-02 4.163557999999999842e-02 -9.953528999999999849e-01 -1.903144555961157725e+00 -6.298403999999999635e-03 9.990833000000000075e-01 4.234107000000000148e-02 2.042867999279077917e+00 9.962033999999999612e-01 9.945528999999999828e-03 -8.648622999999999728e-02 1.211493232559234734e+01
-8.855103000000000280e-02 4.048817999999999862e-02 -9.952484000000000330e-01 -1.903144555961157725e+00 -5.319431000000000333e-03 9.991400000000000281e-01 4.111979999999999802e-02 2.042867999279077917e+00 9.960575000000000401e-01 8.935357999999999148e-03 -8.825950999999999935e-02 1.211493232559234734e+01
-8.958858000000000099e-02 3.722220999999999863e-02 -9.952830999999999761e-01 -1.903144555961157725e+00 -9.200308000000000791e-03 9.992277999999999993e-01 3.819789999999999991e-02 2.042867999279077917e+00 9.959364000000000550e-01 1.257900999999999984e-02 -8.917693999999999621e-02 1.211493232559234734e+01
-9.088124999999999676e-02 3.306855000000000211e-02 -9.953125000000000444e-01 -1.903144555961157725e+00 -1.334324999999999921e-02 9.993184000000000511e-01 3.442002000000000256e-02 2.042867999279077917e+00 9.957724000000000020e-01 1.640884000000000092e-02 -9.037805999999999618e-02 1.211493232559234734e+01
-9.202649000000000246e-02 3.137352999999999670e-02 -9.952621999999999858e-01 -1.903144555961157725e+00 -1.768445000000000086e-02 9.992944000000000271e-01 3.313582999999999806e-02 2.042867999279077917e+00 9.955994999999999706e-01 2.065004000000000145e-02 -9.140673000000000548e-02 1.211493232559234734e+01
-9.301300999999999319e-02 3.268320000000000253e-02 -9.951282999999999657e-01 -1.903144555961157725e+00 -1.993854000000000112e-02 9.991995000000000182e-01 3.468054000000000275e-02 2.042867999279077917e+00 9.954652999999999974e-01 2.306713999999999987e-02 -9.228690000000000504e-02 1.211493232559234734e+01
-9.396287000000000389e-02 3.429642000000000107e-02 -9.949848000000000026e-01 -1.903144555961157725e+00 -1.947437999999999947e-02 9.991518999999999817e-01 3.627915999999999780e-02 2.042867999279077917e+00 9.953851999999999700e-01 2.278559999999999960e-02 -9.321527999999999758e-02 1.211493232559234734e+01
-9.489148000000000027e-02 3.383214999999999834e-02 -9.949124999999999774e-01 -1.903144555961157725e+00 -2.126901000000000139e-02 9.991252999999999940e-01 3.600397999999999793e-02 2.042867999279077917e+00 9.952604000000000450e-01 2.457726999999999828e-02 -9.408890000000000309e-02 1.211493232559234734e+01
-9.547627999999999671e-02 3.365710999999999703e-02 -9.948624999999999829e-01 -1.903144555961157725e+00 -2.234157000000000157e-02 9.991039999999999921e-01 3.594470999999999777e-02 2.042867999279077917e+00 9.951809999999999823e-01 2.565865999999999980e-02 -9.463878000000000568e-02 1.211493232559234734e+01
-9.600786999999999516e-02 3.526470000000000299e-02 -9.947557000000000205e-01 -1.903144555961157725e+00 -2.088945999999999859e-02 9.990807000000000437e-01 3.743416000000000105e-02 2.042867999279077917e+00 9.951613999999999738e-01 2.437388000000000055e-02 -9.518295000000000228e-02 1.211493232559234734e+01
-9.631613999999999454e-02 3.786491000000000162e-02 -9.946302999999999672e-01 -1.903144555961157725e+00 -1.966748000000000107e-02 9.990086000000000244e-01 3.993611999999999856e-02 2.042867999279077917e+00 9.951564999999999994e-01 2.340835999999999958e-02 -9.547595000000000387e-02 1.211493232559234734e+01
-9.631889000000000423e-02 4.229138999999999815e-02 -9.944515999999999911e-01 -1.903144555961157725e+00 -2.023666000000000006e-02 9.988072000000000061e-01 4.443666999999999756e-02 2.042867999279077917e+00 9.951448000000000516e-01 2.440447000000000102e-02 -9.534816000000000125e-02 1.211493232559234734e+01
-9.679242999999999875e-02 4.476912000000000252e-02 -9.942971999999999921e-01 -1.903144555961157725e+00 -2.017706000000000013e-02 9.986943000000000348e-01 4.693130999999999692e-02 2.042867999279077917e+00 9.951001000000000429e-01 2.460458999999999910e-02 -9.576273999999999897e-02 1.211493232559234734e+01
-9.751229999999999620e-02 4.461774000000000295e-02 -9.942336999999999980e-01 -1.903144555961157725e+00 -1.973636000000000140e-02 9.987114000000000269e-01 4.675438999999999984e-02 2.042867999279077917e+00 9.950385999999999953e-01 2.418168000000000054e-02 -9.650604999999999600e-02 1.211493232559234734e+01
-9.795445999999999320e-02 4.283838000000000229e-02 -9.942684999999999995e-01 -1.903144555961157725e+00 -1.906692000000000109e-02 9.988088999999999995e-01 4.491247999999999768e-02 2.042867999279077917e+00 9.950082999999999567e-01 2.335701000000000097e-02 -9.702099999999999613e-02 1.211493232559234734e+01
-9.803626999999999481e-02 3.931107999999999825e-02 -9.944060999999999595e-01 -1.903144555961157725e+00 -1.882450999999999916e-02 9.989675000000000082e-01 4.134728000000000014e-02 2.042867999279077917e+00 9.950048000000000226e-01 2.277273999999999965e-02 -9.719503999999999644e-02 1.211493232559234734e+01
-9.799929999999999752e-02 3.666304000000000091e-02 -9.945108999999999755e-01 -1.903144555961157725e+00 -1.904439999999999952e-02 9.990691000000000432e-01 3.870773000000000269e-02 2.042867999279077917e+00 9.950042999999999527e-01 2.273319000000000034e-02 -9.720985000000000043e-02 1.211493232559234734e+01
-9.675593999999999861e-02 3.416077000000000002e-02 -9.947217000000000420e-01 -1.903144555961157725e+00 -1.957872000000000084e-02 9.991520999999999875e-01 3.621732999999999897e-02 2.042867999279077917e+00 9.951155999999999890e-01 2.297961999999999921e-02 -9.600508000000000652e-02 1.211493232559234734e+01
-9.446825999999999834e-02 3.336158000000000179e-02 -9.949687000000000392e-01 -1.903144555961157725e+00 -2.166314999999999907e-02 9.991328000000000431e-01 3.555803999999999909e-02 2.042867999279077917e+00 9.952921999999999603e-01 2.491325999999999957e-02 -9.366362000000000299e-02 1.211493232559234734e+01
-9.065597000000000238e-02 3.447304000000000340e-02 -9.952853999999999868e-01 -1.903144555961157725e+00 -2.266347000000000153e-02 9.990704000000000251e-01 3.666845999999999994e-02 2.042867999279077917e+00 9.956243999999999650e-01 2.588083999999999871e-02 -8.979041999999999579e-02 1.211493232559234734e+01
-8.478874000000000133e-02 3.562919999999999976e-02 -9.957616999999999718e-01 -1.903144555961157725e+00 -2.179694000000000076e-02 9.990550000000000264e-01 3.760304999999999898e-02 2.042867999279077917e+00 9.961605000000000043e-01 2.489287999999999917e-02 -8.393200000000000660e-02 1.211493232559234734e+01
-7.769130999999999954e-02 3.737606999999999735e-02 -9.962765999999999567e-01 -1.903144555961157725e+00 -2.099037000000000125e-02 9.990141999999999634e-01 3.911565000000000181e-02 2.042867999279077917e+00 9.967565000000000452e-01 2.395115999999999912e-02 -7.683019000000000653e-02 1.211493232559234734e+01
-6.908209999999999351e-02 3.878501000000000171e-02 -9.968567000000000400e-01 -1.903144555961157725e+00 -2.201573000000000072e-02 9.989413000000000320e-01 4.039181000000000021e-02 2.042867999279077917e+00 9.973680999999999797e-01 2.473687999999999929e-02 -6.815508000000000677e-02 1.211493232559234734e+01
-5.715155000000000235e-02 4.050175000000000303e-02 -9.975435999999999748e-01 -1.903144555961157725e+00 -2.428572999999999843e-02 9.988247000000000098e-01 4.194516000000000217e-02 2.042867999279077917e+00 9.980700999999999601e-01 2.662331000000000072e-02 -5.610077000000000119e-02 1.211493232559234734e+01
-4.271090000000000303e-02 4.211609000000000186e-02 -9.981993999999999589e-01 -1.903144555961157725e+00 -2.736683000000000171e-02 9.986869000000000440e-01 4.330764000000000141e-02 2.042867999279077917e+00 9.987125999999999504e-01 2.916726000000000041e-02 -4.150223000000000106e-02 1.211493232559234734e+01
-2.429914999999999853e-02 4.346382000000000023e-02 -9.987593999999999639e-01 -1.903144555961157725e+00 -2.907337999999999936e-02 9.986011000000000193e-01 4.416428000000000020e-02 2.042867999279077917e+00 9.992818999999999452e-01 3.011045999999999861e-02 -2.300152000000000099e-02 1.211493232559234734e+01
-2.518868999999999969e-03 4.426212999999999675e-02 -9.990168000000000381e-01 -1.903144555961157725e+00 -3.030184000000000002e-02 9.985578000000000509e-01 4.431820999999999677e-02 2.042867999279077917e+00 9.995376999999999734e-01 3.038367000000000151e-02 -1.174010999999999978e-03 1.211493232559234734e+01
2.288677999999999893e-02 4.500993999999999828e-02 -9.987243000000000093e-01 -1.903144555961157725e+00 -3.012122000000000063e-02 9.985635000000000483e-01 4.431245000000000323e-02 2.042867999279077917e+00 9.992841999999999558e-01 2.906861999999999988e-02 2.420966000000000090e-02 1.211493232559234734e+01
5.165759000000000323e-02 4.439305000000000334e-02 -9.976777000000000006e-01 -1.903144555961157725e+00 -2.852108000000000074e-02 9.986696000000000462e-01 4.296044000000000251e-02 2.042867999279077917e+00 9.982575000000000198e-01 2.623562000000000116e-02 5.285499999999999921e-02 1.211493232559234734e+01
8.536048000000000247e-02 4.448258000000000073e-02 -9.953566000000000358e-01 -1.903144555961157725e+00 -2.750150000000000164e-02 9.987274000000000429e-01 4.227473999999999815e-02 2.042867999279077917e+00 9.959704999999999808e-01 2.376520999999999842e-02 8.647518999999999345e-02 1.211493232559234734e+01
1.227572999999999998e-01 4.458956000000000031e-02 -9.914344999999999963e-01 -1.903144555961157725e+00 -2.686320999999999848e-02 9.987734000000000334e-01 4.159348999999999685e-02 2.042867999279077917e+00 9.920731000000000410e-01 2.152721000000000148e-02 1.238044999999999979e-01 1.211493232559234734e+01
1.629810999999999899e-01 4.426983999999999780e-02 -9.856354999999999977e-01 -1.903144555961157725e+00 -2.671629999999999838e-02 9.988245000000000040e-01 4.044452999999999937e-02 2.042867999279077917e+00 9.862674000000000163e-01 1.974083999999999908e-02 1.639722999999999875e-01 1.211493232559234734e+01
2.077988000000000057e-01 4.518368999999999858e-02 -9.771275000000000377e-01 -1.903144555961157725e+00 -2.578526999999999902e-02 9.988384000000000151e-01 4.070407999999999665e-02 2.042867999279077917e+00 9.778316999999999704e-01 1.673724000000000045e-02 2.087225000000000052e-01 1.211493232559234734e+01
2.555491999999999764e-01 4.418567999999999801e-02 -9.657858000000000276e-01 -1.903144555961157725e+00 -2.323949999999999974e-02 9.989470999999999767e-01 3.955362999999999934e-02 2.042867999279077917e+00 9.665167000000000064e-01 1.233648000000000036e-02 2.563070000000000070e-01 1.211493232559234734e+01
3.052822000000000036e-01 3.940288000000000124e-02 -9.514462999999999671e-01 -1.903144555961157725e+00 -1.572097000000000078e-02 9.992159000000000457e-01 3.633694999999999981e-02 2.042867999279077917e+00 9.521321999999999841e-01 3.864634999999999945e-03 3.056622999999999979e-01 1.211493232559234734e+01
3.561289999999999734e-01 3.412235000000000268e-02 -9.338136000000000214e-01 -1.903144555961157725e+00 -1.009255000000000048e-02 9.994151999999999481e-01 3.267049999999999815e-02 2.042867999279077917e+00 9.343822999999999990e-01 -2.210348999999999908e-03 3.562651000000000012e-01 1.211493232559234734e+01
