1.000000000000000000e+00 0.000000000000000000e+00 0.000000000000000000e+00 2.816580708486839413e+01 0.000000000000000000e+00 1.000000000000000000e+00 0.000000000000000000e+00 4.738125432863789683e+02 0.000000000000000000e+00 0.000000000000000000e+00 1.000000000000000000e+00 2.640117334330493009e+02
9.999959016572060877e-01 2.756670028520616985e-03 7.729418769974505431e-04 2.816580708486839413e+01 -2.758048135388802523e-03 9.999945988560666743e-01 1.787576341626898784e-03 4.738125432863789683e+02 -7.680099441022683127e-04 -1.789700826428647926e-03 9.999981035640406191e-01 2.640117334330493009e+02
9.999824183700336544e-01 5.354746410586507140e-03 2.547477516467866552e-03 2.816580708486839413e+01 -5.360481830937915103e-03 9.999831013677266123e-01 2.249936337633201035e-03 4.738125432863789683e+02 -2.535386629053899832e-03 -2.263552487026596841e-03 9.999942240557090356e-01 2.640117334330493009e+02
9.999761091410516167e-01 6.165817414810603921e-03 3.124714823885480462e-03 2.816580708486839413e+01 -6.172272890668187989e-03 9.999788284165663788e-01 2.060525659759732207e-03 4.738125432863789683e+02 -3.111943843728060769e-03 -2.079763024630153050e-03 9.999929951711034049e-01 2.640117334330493009e+02
9.999565105961601974e-01 7.952158928398990467e-03 4.872379780908651578e-03 2.816580708486839413e+01 -7.962929061627221222e-03 9.999658861800951870e-01 2.195048249233760591e-03 4.738125432863789683e+02 -4.854758192888642375e-03 -2.233751202450460441e-03 9.999857207372780943e-01 2.640117334330493009e+02
9.999555457493928268e-01 8.894547353869108539e-03 3.129465194656534058e-03 2.816580708486839413e+01 -8.905786291481546102e-03 9.999538771321856423e-01 3.595911406093813337e-03 4.738125432863789683e+02 -3.097336850464958019e-03 -3.623621900777012055e-03 9.999886378698282785e-01 2.640117334330493009e+02
9.999574686160128678e-01 9.139424232564649989e-03 -1.237692915634440753e-03 2.816580708486839413e+01 -9.131553608232449368e-03 9.999389483571897719e-01 6.222080601951299195e-03 4.738125432863789683e+02 1.294483586679183885e-03 -6.210513909042171370e-03 9.999798767121411691e-01 2.640117334330493009e+02
9.999545868368227008e-01 9.500079772267548336e-03 7.568013744667568448e-04 2.816580708486839413e+01 -9.507125155127827201e-03 9.999055550615899568e-01 9.924491334989425650e-03 4.738125432863789683e+02 -6.624464390259302135e-04 -9.931235637829429960e-03 9.999504646348342796e-01 2.640117334330493009e+02
9.999589177635376247e-01 9.046616861173960647e-03 5.670172342261872288e-04 2.816580708486839413e+01 -9.054198299087601320e-03 9.998432376592922832e-01 1.521583386289212560e-02 4.738125432863789683e+02 -4.292765280965060064e-04 -1.522034264888509625e-02 9.998840717259740440e-01 2.640117334330493009e+02
9.999551634425961621e-01 9.077796605782719949e-03 2.695313205807180288e-03 2.816580708486839413e+01 -9.126121418961191320e-03 9.997873263960139756e-01 1.849367150554319383e-02 4.738125432863789683e+02 -2.526858195411681076e-03 -1.851744006855894978e-02 9.998253444482030350e-01 2.640117334330493009e+02
9.999529114938083829e-01 9.467274332998196207e-03 2.132020582057554160e-03 2.816580708486839413e+01 -9.508957751974305914e-03 9.997451940109524093e-01 2.047258592539551864e-02 4.738125432863789683e+02 -1.937657743182207145e-03 -2.049189519554901404e-02 9.997881414148526158e-01 2.640117334330493009e+02
9.999425314525511865e-01 1.030247482428589718e-02 2.965266389626571714e-03 2.816580708486839413e+01 -1.036118086614513760e-02 9.997358591757271595e-01 2.051481925895847283e-02 4.738125432863789683e+02 -2.753129732777362219e-03 -2.054436396347519150e-02 9.997851516130908944e-01 2.640117334330493009e+02
9.999218456592844362e-01 1.127081958532811720e-02 5.410286425673809831e-03 2.816580708486839413e+01 -1.137049716962879042e-02 9.997593430255801161e-01 1.876080561101547972e-02 4.738125432863789683e+02 -5.197534747194032523e-03 -1.882085701911314496e-02 9.998093623154455933e-01 2.640117334330493009e+02
9.999071313399625627e-01 1.211205158940818240e-02 6.247151493652864512e-03 2.816580708486839413e+01 -1.221038800134708127e-02 9.997982205064098737e-01 1.595069581778499682e-02 4.738125432863789683e+02 -6.052695295955468763e-03 -1.602549464167989102e-02 9.998532634347622183e-01 2.640117334330493009e+02
9.999365240106802277e-01 9.570786610122306373e-03 5.945417824169756463e-03 2.816580708486839413e+01 -9.671613041358178078e-03 9.998058414730482957e-01 1.716797185303410578e-02 4.738125432863789683e+02 -5.779952475468249501e-03 -1.722438387960221334e-02 9.998349427527275513e-01 2.640117334330493009e+02
9.999707466528087174e-01 5.900958763262855247e-03 4.866674871070188722e-03 2.816580708486839413e+01 -5.968367632381098471e-03 9.998848129649491323e-01 1.395490558377547943e-02 4.738125432863789683e+02 -4.783766970825447003e-03 -1.398354346085688496e-02 9.998907820786465672e-01 2.640117334330493009e+02
9.999772732271708930e-01 3.910970665886519260e-03 5.491569684940105465e-03 2.816580708486839413e+01 -3.983849972181498743e-03 9.999033019175845860e-01 1.332350380753772462e-02 4.738125432863789683e+02 -5.438930828123317990e-03 -1.334507859703162706e-02 9.998961580627691026e-01 2.640117334330493009e+02
9.999224351978781566e-01 8.884126938811605714e-03 8.729024944514950785e-03 2.816580708486839413e+01 -8.983228679936354835e-03 9.998948898612795011e-01 1.138028258798711237e-02 4.738125432863789683e+02 -8.627003560380227740e-03 -1.145781470585116417e-02 9.998971413559177845e-01 2.640117334330493009e+02
9.998506118216491378e-01 1.288402697590075585e-02 1.152197416938749268e-02 2.816580708486839413e+01 -1.300924973905361569e-02 9.998563987918218654e-01 1.086007441384878938e-02 4.738125432863789683e+02 -1.138039810826717464e-02 -1.100834428657348867e-02 9.998746435903683727e-01 2.640117334330493009e+02
9.998074120069631032e-01 1.296887954867344782e-02 1.472912282496256775e-02 2.816580708486839413e+01 -1.314672088519183019e-02 9.998410622401566750e-01 1.204217540314539599e-02 4.738125432863789683e+02 -1.457060828886824928e-02 -1.223349589141782892e-02 9.998190030962442743e-01 2.640117334330493009e+02
9.997925760693338049e-01 8.955115093022259637e-03 1.829236863607595909e-02 2.816580708486839413e+01 -9.187140412263376105e-03 9.998779077014772199e-01 1.263986319387121193e-02 4.738125432863789683e+02 -1.817694384908191685e-02 -1.280529594289860421e-02 9.997527809954434019e-01 2.640117334330493009e+02
9.997699192388729283e-01 3.958347801623055343e-03 2.108174726583969538e-02 2.816580708486839413e+01 -4.223720783146854910e-03 9.999122221397410692e-01 1.255819247781215196e-02 4.738125432863789683e+02 -2.103018706158664083e-02 -1.264434649340187566e-02 9.996988805304878323e-01 2.640117334330493009e+02
9.997144170298776222e-01 5.195587644196089259e-04 2.389172328033103629e-02 2.816580708486839413e+01 -8.536366344373358481e-04 9.999019816008605233e-01 1.397492379827962143e-02 4.738125432863789683e+02 -2.388212065772029463e-02 -1.399132764828762629e-02 9.996168701375190979e-01 2.640117334330493009e+02
9.996434676687474541e-01 -4.010752655669907389e-04 2.669787792756056141e-02 2.816580708486839413e+01 -1.305498801273680228e-05 9.998797165406425602e-01 1.550974790802070284e-02 4.738125432863789683e+02 -2.670088719070648833e-02 -1.550456672191949381e-02 9.995232218582997819e-01 2.640117334330493009e+02
9.995478014842409387e-01 1.364807229201355594e-03 3.003880572275467037e-02 2.816580708486839413e+01 -1.797604103641491612e-03 9.998949054734056485e-01 1.438563963869875055e-02 4.738125432863789683e+02 -3.001601518371213237e-02 -1.443313235424283081e-02 9.994452078643115689e-01 2.640117334330493009e+02
9.994599303285278680e-01 2.360674499577346177e-03 3.277613283478019585e-02 2.816580708486839413e+01 -2.784060613253777280e-03 9.999132007113263887e-01 1.287788995647858037e-02 4.738125432863789683e+02 -3.274288738333595850e-02 -1.296218573916187340e-02 9.993797501784127402e-01 2.640117334330493009e+02
9.993731735165226615e-01 4.143622612516714016e-03 3.515807797875401125e-02 2.816580708486839413e+01 -4.578693331626629802e-03 9.999138294027218876e-01 1.230322464069265494e-02 4.738125432863789683e+02 -3.510406846634724770e-02 -1.245649071085103837e-02 9.993060293104819580e-01 2.640117334330493009e+02
9.992761799214561202e-01 7.049960102163450523e-03 3.738200508453556892e-02 2.816580708486839413e+01 -7.486277199871790508e-03 9.999053327575920802e-01 1.154474671076978314e-02 4.738125432863789683e+02 -3.729707622949815504e-02 -1.181624244364978642e-02 9.992343591566721361e-01 2.640117334330493009e+02
9.991992434339480589e-01 7.933994517159238813e-03 3.921636969465798483e-02 2.816580708486839413e+01 -8.343153170348966557e-03 9.999123452562518333e-01 1.028073923988154746e-02 4.738125432863789683e+02 -3.913136486506022665e-02 -1.059969504958002684e-02 9.991778534118210819e-01 2.640117334330493009e+02
9.990996377782603854e-01 8.625243027853564393e-03 4.153936655823707580e-02 2.816580708486839413e+01 -8.972278410429253281e-03 9.999263294727284146e-01 8.175197081541277569e-03 4.738125432863789683e+02 -4.146579326957149092e-02 -8.540539204688354577e-03 9.991034216629524067e-01 2.640117334330493009e+02
9.990666238391933129e-01 7.057683202789202456e-03 4.261537560980548089e-02 2.816580708486839413e+01 -7.337065889516133747e-03 9.999525829753652673e-01 6.403066845505654865e-03 4.738125432863789683e+02 -4.256816409816874258e-02 -6.709762194312867203e-03 9.990710337591656165e-01 2.640117334330493009e+02
9.990024414030721500e-01 6.015221122745840684e-03 4.424860659440130878e-02 2.816580708486839413e+01 -6.267550536713214007e-03 9.999648680159920477e-01 5.566016890893569873e-03 4.738125432863789683e+02 -4.421357123069057787e-02 -5.837794840904122692e-03 9.990050451676530940e-01 2.640117334330493009e+02
9.989242413953237643e-01 6.684244804203156101e-03 4.588769796116347333e-02 2.816580708486839413e+01 -6.887944296191662354e-03 9.999671080859284800e-01 4.282402320950032433e-03 4.738125432863789683e+02 -4.585756400148213036e-02 -4.593867397242782681e-03 9.989374255708848294e-01 2.640117334330493009e+02
9.988227930992750192e-01 7.485325026587671439e-03 4.792700590074541050e-02 2.816580708486839413e+01 -7.597542200735239726e-03 9.999688060900884246e-01 2.159675732980456501e-03 4.738125432863789683e+02 -4.790934499522777473e-02 -2.521260797691275007e-03 9.988485059838245750e-01 2.640117334330493009e+02
9.987571814132403247e-01 7.327159967523293876e-03 4.929914098938683459e-02 2.816580708486839413e+01 -7.334402134333070991e-03 9.999731023329857527e-01 -3.399817805079809288e-05 4.738125432863789683e+02 -4.929806406759745102e-02 -3.276238004111621310e-04 9.987840575128503762e-01 2.640117334330493009e+02
9.986991292837612555e-01 7.236415929809083408e-03 5.047458224045728997e-02 2.816580708486839413e+01 -7.122049843273681874e-03 9.999716480409993613e-01 -2.445305747296002905e-03 4.738125432863789683e+02 -5.049084643663397792e-02 2.082642230121213318e-03 9.987223523219322940e-01 2.640117334330493009e+02
9.988243075559576356e-01 6.141599474819755752e-03 4.808620791093462521e-02 2.816580708486839413e+01 -5.956593872731516873e-03 9.999743002000113234e-01 -3.989727927194087337e-03 4.738125432863789683e+02 -4.810947541595203547e-02 3.698607222810413805e-03 9.988352209848297969e-01 2.640117334330493009e+02
9.989053538321297498e-01 6.163000976316886786e-03 4.636929484555768477e-02 2.816580708486839413e+01 -5.923731990959478326e-03 9.999684318740029720e-01 -5.295720418103084561e-03 4.738125432863789683e+02 -4.640046858392347234e-02 5.015244202765771486e-03 9.989103282281043272e-01 2.640117334330493009e+02
9.990499307787844563e-01 7.270797813719741612e-03 4.296942296632284830e-02 2.816580708486839413e+01 -6.994555841532990384e-03 9.999539173938473136e-01 -6.575657935044944627e-03 4.738125432863789683e+02 -4.301525310266635788e-02 6.268858576414590954e-03 9.990547479556174393e-01 2.640117334330493009e+02
9.991806443165602847e-01 8.224729798541038917e-03 3.962819504955195776e-02 2.816580708486839413e+01 -7.921579538225431011e-03 9.999381959602624548e-01 -7.800822864001543712e-03 4.738125432863789683e+02 -3.968990552727383325e-02 7.480513316410463201e-03 9.991840437675927333e-01 2.640117334330493009e+02
9.993319958849087303e-01 7.811952253213254663e-03 3.570063588619525746e-02 2.816580708486839413e+01 -7.514004797561420895e-03 9.999358780126029744e-01 -8.472283934506606370e-03 4.738125432863789683e+02 -3.576453176804310352e-02 8.198369664648654312e-03 9.993266157779716607e-01 2.640117334330493009e+02
9.995692306870254118e-01 8.430965948683158406e-03 2.811177470244202378e-02 2.816580708486839413e+01 -8.107127457019303041e-03 9.998996918009012136e-01 -1.161382025254622564e-02 4.738125432863789683e+02 -2.820687058403170341e-02 1.138091163461866021e-02 9.995373166131519271e-01 2.640117334330493009e+02
9.997438040504142975e-01 8.193995420937861748e-03 2.109940050922824717e-02 2.816580708486839413e+01 -7.939029686360284804e-03 9.998947957959380961e-01 -1.213956950794766246e-02 4.738125432863789683e+02 -2.119665234055214190e-02 1.196895063240227541e-02 9.997036791721396476e-01 2.640117334330493009e+02
9.999597678290136349e-01 8.813889031906501845e-03 -1.666758374464918447e-03 2.816580708486839413e+01 -8.833083243841544432e-03 9.998903875983858880e-01 -1.188231579940297183e-02 4.738125432863789683e+02 1.561846264178287300e-03 1.189656036351052423e-02 9.999280136528647667e-01 2.640117334330493009e+02
9.999096572540472350e-01 7.936434841170686080e-03 -1.084851750730504716e-02 2.816580708486839413e+01 -8.082563962001704932e-03 9.998762958606175477e-01 -1.349315144251769273e-02 4.738125432863789683e+02 1.074008798355732472e-02 1.357961627081004027e-02 9.998501110326700747e-01 2.640117334330493009e+02
9.997605656794971152e-01 5.068117181161783079e-03 -2.128674471238573007e-02 2.816580708486839413e+01 -5.393577707728950191e-03 9.998690142555780591e-01 -1.525987061181247224e-02 4.738125432863789683e+02 2.120661763985332710e-02 1.537102858681172780e-02 9.996569465814063582e-01 2.640117334330493009e+02
9.993090786113008051e-01 4.494637460684699701e-03 -3.689395125396521119e-02 2.816580708486839413e+01 -5.125278238935410124e-03 9.998420710283568713e-01 -1.701659556724835834e-02 4.738125432863789683e+02 3.681164120229489523e-02 1.719393020291837618e-02 9.991742950237316734e-01 2.640117334330493009e+02
9.983709205837689726e-01 3.635668905132167020e-03 -5.694108221951682536e-02 2.816580708486839413e+01 -4.649212309247014070e-03 9.998329311757748750e-01 -1.767751570106840600e-02 4.738125432863789683e+02 5.686729954570692719e-02 1.791344880446656823e-02 9.982210269245530565e-01 2.640117334330493009e+02
9.968762710710197261e-01 2.344192046549392963e-03 -7.894431543301527743e-02 2.816580708486839413e+01 -3.732981358112360312e-03 9.998407854284870888e-01 -1.744902988494749507e-02 4.738125432863789683e+02 7.889084247058487931e-02 1.768922150335372478e-02 9.967263046678800364e-01 2.640117334330493009e+02
9.946871689901952696e-01 1.728739156777227238e-03 -1.029293316173624795e-01 2.816580708486839413e+01 -3.400467690276710690e-03 9.998651147695289954e-01 -1.606826332881942584e-02 4.738125432863789683e+02 1.028876701347480327e-01 1.633290322767892364e-02 9.945588789038081190e-01 2.640117334330493009e+02
9.920297367399226740e-01 3.163043057582497295e-03 -1.259642670852912927e-01 2.816580708486839413e+01 -5.031668059849852062e-03 9.998819312547245763e-01 -1.451915517025546658e-02 4.738125432863789683e+02 1.259034699293642978e-01 1.503724406061028238e-02 9.919285244163554838e-01 2.640117334330493009e+02
9.877220145107400429e-01 4.436171890456223552e-03 -1.561587091064816912e-01 2.816580708486839413e+01 -6.459162621134972512e-03 9.999016378547398443e-01 -1.244965194866319742e-02 4.738125432863789683e+02 1.560881202048327865e-01 1.330544979951664084e-02 9.876535140101286858e-01 2.640117334330493009e+02
9.815653745582949563e-01 3.550340067035502936e-03 -1.910937219105862117e-01 2.816580708486839413e+01 -5.456176572387988651e-03 9.999404803636665617e-01 -9.448061562644275574e-03 4.738125432863789683e+02 1.910488042502314077e-01 1.031653117520602361e-02 9.815263234264627323e-01 2.640117334330493009e+02
9.737313147636508237e-01 3.282205612202145593e-03 -2.276764234060457137e-01 2.816580708486839413e+01 -4.753001630465837277e-03 9.999712278815241495e-01 -5.912054179247501311e-03 4.738125432863789683e+02 2.276504680956111248e-01 6.838898700580508909e-03 9.737188987795264428e-01 2.640117334330493009e+02
9.632947996090469589e-01 3.391154245997345280e-03 -2.684243452428339283e-01 2.816580708486839413e+01 -3.771966649315531758e-03 9.999924784012308443e-01 -9.029997568554960601e-04 4.738125432863789683e+02 2.684192640511500749e-01 1.882342647947808645e-03 9.633003454127877507e-01 2.640117334330493009e+02
9.506868399132436531e-01 7.120955042109428784e-03 -3.100706764836970164e-01 2.816580708486839413e+01 -6.324022134462007824e-03 9.999736115601280950e-01 3.575322004759000187e-03 4.738125432863789683e+02 3.100879539095519055e-01 -1.438117757045793499e-03 9.507067858480373612e-01 2.640117334330493009e+02
9.356161408620154996e-01 8.485614631376307837e-03 -3.529170317550509028e-01 2.816580708486839413e+01 -6.370822392389822834e-03 9.999541191991829781e-01 7.153468992816106736e-03 4.738125432863789683e+02 3.529615412201629332e-01 -4.444529324273522111e-03 9.356272743879233689e-01 2.640117334330493009e+02
9.187868893065350706e-01 9.031801224298252606e-03 -3.946505778597875769e-01 2.816580708486839413e+01 -4.951946594993262597e-03 9.999232662206726241e-01 1.135517043033995588e-02 4.738125432863789683e+02 3.947228524716299147e-01 -8.478693131992334417e-03 9.187611123134430402e-01 2.640117334330493009e+02
8.991070057057359843e-01 1.027794047603201692e-02 -4.376082223067063737e-01 2.816580708486839413e+01 -2.949671763506080471e-03 9.998438643457481234e-01 1.742258208902421404e-02 4.738125432863789683e+02 4.377189643222605397e-01 -1.437396499690838866e-02 8.989969395959682696e-01 2.640117334330493009e+02
8.755992671147466710e-01 1.249159629543711465e-02 -4.828766751978287308e-01 2.816580708486839413e+01 -1.581608965989099880e-03 9.997343445276588580e-01 2.299432288480617731e-02 4.738125432863789683e+02 4.830356321651607110e-01 -1.937009018677586861e-02 8.753864161985617232e-01 2.640117334330493009e+02
8.505835427149506245e-01 1.663648214405252443e-02 -5.255766969000369437e-01 2.816580708486839413e+01 -2.402318873677980297e-03 9.996119075801782605e-01 2.775361396190205443e-02 4.738125432863789683e+02 5.258344470710453189e-01 -2.234416446832899333e-02 8.502934038246456883e-01 2.640117334330493009e+02
8.219152989011927479e-01 1.986229879471133539e-02 -5.692633226537187063e-01 2.816580708486839413e+01 -2.879482653150187629e-03 9.995239690108255193e-01 3.071716055393968609e-02 4.738125432863789683e+02 5.696024490921826056e-01 -2.360772033543073051e-02 8.215812348932717279e-01 2.640117334330493009e+02
7.905441964360653273e-01 2.475600874029509901e-02 -6.119044153399332275e-01 2.816580708486839413e+01 -5.897270375325076169e-03 9.994440150131085332e-01 3.281589640093841159e-02 4.738125432863789683e+02 6.123765962897140813e-01 -2.233385066949367115e-02 7.902506586083297702e-01 2.640117334330493009e+02
7.562886181171485367e-01 2.827236327801543186e-02 -6.536269575079728389e-01 2.816580708486839413e+01 -6.824817220585111324e-03 9.993524031619152037e-01 3.532981976192558354e-02 4.738125432863789683e+02 6.542025282558590060e-01 -2.225865605063553562e-02 7.559918017111446620e-01 2.640117334330493009e+02
7.192521393793410711e-01 3.254172002109648881e-02 -6.939865967411109615e-01 2.816580708486839413e+01 -7.414786224973812616e-03 9.992050897921198604e-01 3.916898618498353135e-02 4.738125432863789683e+02 6.947095658931705664e-01 -2.302661485303677050e-02 7.189216884090600113e-01 2.640117334330493009e+02
6.800469149915340239e-01 3.372859841369001827e-02 -7.323923641461217438e-01 2.816580708486839413e+01 -6.190717927752971764e-03 9.991698115968929983e-01 4.026614713339431162e-02 4.738125432863789683e+02 7.331424612052113154e-01 -2.284883459779115181e-02 6.796911521680186752e-01 2.640117334330493009e+02
6.395801901270378176e-01 3.412048050372063629e-02 -7.679667787132838930e-01 2.816580708486839413e+01 -5.311187300948336763e-03 9.991867556694791208e-01 3.997022121723272509e-02 4.738125432863789683e+02 7.687060372382377160e-01 -2.148534628288525927e-02 6.392412754262586372e-01 2.640117334330493009e+02
5.973804238244699860e-01 3.171465882578793777e-02 -8.013306493869188918e-01 2.816580708486839413e+01 -2.232167207282275290e-03 9.992796151109181180e-01 3.788493438470234842e-02 4.738125432863789683e+02 8.019548906645895814e-01 -2.084301416154408365e-02 5.970208724155361413e-01 2.640117334330493009e+02
5.522743612977504268e-01 3.039402562255965473e-02 -8.331081760849651241e-01 2.816580708486839413e+01 4.383684337735026465e-04 9.993244444591835585e-01 3.674863996748745087e-02 4.738125432863789683e+02 8.336623043452763282e-01 -2.066053999291923501e-02 5.518879455115180965e-01 2.640117334330493009e+02
5.035697999808653735e-01 3.224439226153318072e-02 -8.633526253593694078e-01 2.816580708486839413e+01 -1.109716410871951491e-04 9.993057024075663319e-01 3.725722508473303801e-02 4.738125432863789683e+02 8.639545382903687232e-01 -1.866580572608777383e-02 5.032237508942430937e-01 2.640117334330493009e+02
4.536363833963831249e-01 3.458314453856846382e-02 -8.905156022063143162e-01 2.816580708486839413e+01 -1.905336227077841435e-03 9.992821270302725267e-01 3.783649417843959473e-02 4.738125432863789683e+02 8.911848300733746786e-01 -1.546727874184356324e-02 4.533766226167950109e-01 2.640117334330493009e+02
4.011085007804453539e-01 3.285020102978768869e-02 -9.154413333982502898e-01 2.816580708486839413e+01 -7.948159408246343845e-04 9.993688753872355113e-01 3.551364772691360805e-02 4.738125432863789683e+02 9.160302063083302082e-01 -1.351721863231207348e-02 4.008814611966530217e-01 2.640117334330493009e+02
3.489974444454975178e-01 3.254840327263294059e-02 -9.365582657875132222e-01 2.816580708486839413e+01 9.798771087479198321e-04 9.993834329807970152e-01 3.509691901531632185e-02 4.738125432863789683e+02 9.371231635230036217e-01 -1.316644704990953957e-02 3.487503706961745942e-01 2.640117334330493009e+02
2.935141721998885123e-01 3.295276288300329898e-02 -9.553865951206303997e-01 2.816580708486839413e+01 1.457204614562120353e-04 9.994041428589196530e-01 3.451576454280568668e-02 4.738125432863789683e+02 9.559547110001395120e-01 -1.027008543313756225e-02 2.933344777925627200e-01 2.640117334330493009e+02
2.401685865450408353e-01 3.530931869421866098e-02 -9.700888114241438265e-01 2.816580708486839413e+01 5.025122835072364479e-03 9.992796367939932312e-01 3.761589596641728289e-02 4.738125432863789683e+02 9.707181867964813637e-01 -1.390897200421504012e-02 2.398181442683952891e-01 2.640117334330493009e+02
1.893110702814161939e-01 3.625483694872908697e-02 -9.812476269865452183e-01 2.816580708486839413e+01 1.020148270470549665e-02 9.991915781539167929e-01 3.888598586778666683e-02 4.738125432863789683e+02 9.818641700456989252e-01 -1.737172829931485363e-02 1.887881739844022022e-01 2.640117334330493009e+02
1.409454153971211876e-01 3.460133598912985137e-02 -9.894125213611868475e-01 2.816580708486839413e+01 1.251262617899723956e-02 9.992469704347055615e-01 3.672773152763913335e-02 4.738125432863789683e+02 9.899382930590353569e-01 -1.755675439336818258e-02 1.404063257497098482e-01 2.640117334330493009e+02
9.706379001272884277e-02 3.569442094787981384e-02 -9.946378883702158280e-01 2.816580708486839413e+01 1.393460936076483525e-02 9.992099989684181116e-01 3.721833719412176444e-02 4.738125432863789683e+02 9.951806104071394543e-01 -1.747244329588768658e-02 9.648972170622333033e-02 2.640117334330493009e+02
5.870754362895015677e-02 3.872961755765141900e-02 -9.975236543786288879e-01 2.816580708486839413e+01 1.085922214923809234e-02 9.991632324060596426e-01 3.943237631929489423e-02 4.738125432863789683e+02 9.982161597646912465e-01 -1.314730891517514391e-02 5.823784553810918557e-02 2.640117334330493009e+02
2.359530091562720908e-02 4.435256958012373518e-02 -9.987372584150161492e-01 2.816580708486839413e+01 6.712016643632049036e-03 9.989858478461955960e-01 4.452218138850802531e-02 4.738125432863789683e+02 9.996990600212024569e-01 -7.754055368378651517e-03 2.327367650517538772e-02 2.640117334330493009e+02
-4.821371209233371591e-03 4.818786148265534475e-02 -9.988266538220699209e-01 2.816580708486839413e+01 6.764528442677847191e-03 9.988169812117436708e-01 4.815474221720766196e-02 4.738125432863789683e+02 9.999654971720823848e-01 -6.524419421370849723e-03 -5.141635596097316775e-03 2.640117334330493009e+02
-2.577099010244578853e-02 5.086102257941782501e-02 -9.983731829588160522e-01 2.816580708486839413e+01 1.081087182201298513e-02 9.986606572963847572e-01 5.059660679135805778e-02 4.738125432863789683e+02 9.996094142811914329e-01 -9.489359858666258918e-03 -2.628632591072816230e-02 2.640117334330493009e+02
-3.870777836166337804e-02 4.957409397607680235e-02 -9.980200985454931173e-01 2.816580708486839413e+01 1.670707811423349440e-02 9.986610996539081464e-01 4.895795725856288277e-02 4.738125432863789683e+02 9.991108954641562123e-01 -1.477894598737108239e-02 -3.948419076431757685e-02 2.640117334330493009e+02
-4.665981872184470081e-02 5.083383791376250294e-02 -9.976165507046292902e-01 2.816580708486839413e+01 1.933208911458499796e-02 9.985632083222319988e-01 4.997788826747186913e-02 4.738125432863789683e+02 9.987237514184337250e-01 -1.695405285374670251e-02 -4.757550256720263077e-02 2.640117334330493009e+02
-5.061074139855503001e-02 4.950042607331568700e-02 -9.974909827530518136e-01 2.816580708486839413e+01 1.630324216327290812e-02 9.986788168160217749e-01 4.873217764389298906e-02 4.738125432863789683e+02 9.985853779973212774e-01 -1.379596540698131354e-02 -5.135089277154745308e-02 2.640117334330493009e+02
-5.246633095991395934e-02 4.245258830432963731e-02 -9.977199315749224473e-01 2.816580708486839413e+01 1.169137629153220621e-02 9.990536321768769268e-01 4.189453132090958931e-02 4.738125432863789683e+02 9.985542528255605399e-01 -9.466666807911573028e-03 -5.291300769691004852e-02 2.640117334330493009e+02
-4.899244989661893229e-02 2.933743259943678502e-02 -9.983681960587488247e-01 2.816580708486839413e+01 8.040785342360409066e-03 9.995477225134782318e-01 2.897751178408071102e-02 4.738125432863789683e+02 9.987667823992768534e-01 -6.607985062938452440e-03 -4.920618771254765822e-02 2.640117334330493009e+02
-4.355959400024509570e-02 2.847907210512683890e-02 -9.986448338736672037e-01 2.816580708486839413e+01 8.215240318444333792e-03 9.995700323368467144e-01 2.814711851372201160e-02 4.738125432863789683e+02 9.990170527058300776e-01 -6.978030248311305195e-03 -4.377482720479328876e-02 2.640117334330493009e+02
-3.835135953291981398e-02 3.046922712510975045e-02 -9.987996793253263172e-01 2.816580708486839413e+01 7.038937955045202095e-03 9.995184600362371219e-01 3.022087687766244340e-02 4.738125432863789683e+02 9.992395241254427019e-01 -5.871477257755409844e-03 -3.854736281991035657e-02 2.640117334330493009e+02
-3.492798141962036307e-02 2.660962976972900892e-02 -9.990355167447594331e-01 2.816580708486839413e+01 6.127716928680915871e-04 9.996458508275800625e-01 2.660446267182500421e-02 4.738125432863789683e+02 9.993896440452056940e-01 3.170594930487384620e-04 -3.493191733178536984e-02 2.640117334330493009e+02
-3.279214329249955512e-02 2.899945374308672899e-02 -9.990413940477572696e-01 2.816580708486839413e+01 -9.955409016232721897e-03 9.995199084635837394e-01 2.934011615976911055e-02 4.738125432863789683e+02 9.994126100713375260e-01 1.090799099522177067e-02 -3.248769863878262637e-02 2.640117334330493009e+02
-3.243975005425542985e-02 3.642514934827058293e-02 -9.988097271809946998e-01 2.816580708486839413e+01 -1.796667004200539625e-02 9.991529561929922698e-01 3.702119525900878644e-02 4.738125432863789683e+02 9.993121941535682007e-01 1.914624312391769237e-02 -3.175783352529846365e-02 2.640117334330493009e+02
-3.448555350210539411e-02 4.195332210961891239e-02 -9.985242437535599702e-01 2.816580708486839413e+01 -2.039316577515338375e-02 9.988809570800174509e-01 4.267261853431196517e-02 4.738125432863789683e+02 9.991971103787882225e-01 2.183465930291534837e-02 -3.359140163501588006e-02 2.640117334330493009e+02
-3.811789246983245810e-02 5.088640735638366719e-02 -9.979767531460925767e-01 2.816580708486839413e+01 -1.332840730323449005e-02 9.985878296725225756e-01 5.142664667932246580e-02 4.738125432863789683e+02 9.991843572796850204e-01 1.526171603329647478e-02 -3.738582874969494790e-02 2.640117334330493009e+02
-4.238717967724520141e-02 5.646402096016871208e-02 -9.975044568000770440e-01 2.816580708486839413e+01 -4.944878538559150175e-03 9.983776762187988041e-01 5.672357361970000594e-02 4.738125432863789683e+02 9.990890226477556757e-01 7.336890687500796301e-03 -4.203920622218849240e-02 2.640117334330493009e+02
-4.691677672526345377e-02 5.810379266947593435e-02 -9.972074835956320493e-01 2.816580708486839413e+01 5.031597125551750919e-03 9.983078989511745549e-01 5.793118263989352479e-02 4.738125432863789683e+02 9.988861291919504115e-01 -2.299601946692814494e-03 -4.712974367433693523e-02 2.640117334330493009e+02
-4.871143615431883928e-02 5.964135378665603310e-02 -9.970306439153596711e-01 2.816580708486839413e+01 1.486670390206371560e-02 9.981483452614501317e-01 5.898187829254344233e-02 4.738125432863789683e+02 9.987022464693228185e-01 -1.194946736566521346e-02 -4.950790973980528226e-02 2.640117334330493009e+02
-4.971397871093548304e-02 5.755861121849168566e-02 -9.971035686403517673e-01 2.816580708486839413e+01 2.276967817016078630e-02 9.981438608201529394e-01 5.648340343025973903e-02 4.738125432863789683e+02 9.985039118985744588e-01 -1.989571264460722119e-02 -5.093229370062920397e-02 2.640117334330493009e+02
-5.114485461786997395e-02 5.624221728133878967e-02 -9.971063217337424733e-01 2.816580708486839413e+01 2.324584245899120188e-02 9.982095413374577619e-01 5.511208933829760820e-02 4.738125432863789683e+02 9.984206701859134059e-01 -2.035987667299317752e-02 -5.236067959234000369e-02 2.640117334330493009e+02
-5.282259746960545066e-02 5.795917369548565790e-02 -9.969205120675872500e-01 2.816580708486839413e+01 2.056716783949107466e-02 9.981656293122137535e-01 5.694179543017106881e-02 4.738125432863789683e+02 9.983920897140692308e-01 -1.749601795512161634e-02 -5.391775729838645809e-02 2.640117334330493009e+02
-5.578858667358035234e-02 5.754796039113425216e-02 -9.967827576015669822e-01 2.816580708486839413e+01 1.545894115611418269e-02 9.982676802611810674e-01 5.676847438754297620e-02 4.738125432863789683e+02 9.983229210707806889e-01 -1.224217304149551738e-02 -5.658157353702434472e-02 2.640117334330493009e+02
-5.942828398722367622e-02 5.746091857484526139e-02 -9.965774038672901014e-01 2.816580708486839413e+01 1.058442066113588105e-02 9.983220455976603569e-01 5.693033736918212684e-02 4.738125432863789683e+02 9.981764619052095888e-01 -7.164922207249916665e-03 -5.993675657025375469e-02 2.640117334330493009e+02
-6.604255718881238413e-02 5.664146551329096724e-02 -9.962078723963527782e-01 2.816580708486839413e+01 6.260324680172789889e-03 9.983914156887442326e-01 5.635059373175969888e-02 4.738125432863789683e+02 9.977971682535794473e-01 -2.515047420992059645e-03 -6.629091613191577526e-02 2.640117334330493009e+02
-7.229578887864628045e-02 5.781560383972700334e-02 -9.957061187233212651e-01 2.816580708486839413e+01 3.972413125048040658e-03 9.983272559091180831e-01 5.767937276819466025e-02 4.738125432863789683e+02 9.973753249626634565e-01 2.146197015949497119e-04 -7.240452398852785520e-02 2.640117334330493009e+02
-7.881081974233766774e-02 5.739731754697663391e-02 -9.952358527655396081e-01 2.816580708486839413e+01 6.627824873007721711e-03 9.983492065525561010e-01 5.705202637358559870e-02 4.738125432863789683e+02 9.968675572155982767e-01 -2.099931973004759856e-03 -7.906113872639959628e-02 2.640117334330493009e+02
-8.528415947539955133e-02 5.894698059507669924e-02 -9.946114143831731313e-01 2.816580708486839413e+01 1.191211049105697292e-02 9.982373409194077452e-01 5.814045766759147471e-02 4.738125432863789683e+02 9.962854579718726233e-01 -6.889461000103201671e-03 -8.583601552323075201e-02 2.640117334330493009e+02
-8.995928262815960919e-02 6.330439301725274137e-02 -9.939315274674317413e-01 2.816580708486839413e+01 1.539331215123569685e-02 9.979470527428411231e-01 6.216691936142329511e-02 4.738125432863789683e+02 9.958264775602433394e-01 -9.707406790304351496e-03 -9.074906524788967088e-02 2.640117334330493009e+02
-9.505051307810231942e-02 6.677240163386344296e-02 -9.932305101755751764e-01 2.816580708486839413e+01 1.826651158765826496e-02 9.976968641245661518e-01 6.532458855915196372e-02 4.738125432863789683e+02 9.953048450188554108e-01 -1.193372096417451116e-02 -9.605129767963294096e-02 2.640117334330493009e+02
-9.795505128613840595e-02 7.172272549243254025e-02 -9.926029712707217234e-01 2.816580708486839413e+01 2.046270860939877756e-02 9.973339192271153397e-01 7.004520765510287295e-02 4.738125432863789683e+02 9.949804447746183333e-01 -1.345006345773234330e-02 -9.916153643971946374e-02 2.640117334330493009e+02
-9.855826082183477554e-02 7.576524142138654772e-02 -9.922428621139744997e-01 2.816580708486839413e+01 2.256868229496229381e-02 9.970111706619483316e-01 7.388761841308871814e-02 4.738125432863789683e+02 9.948753307843374305e-01 -1.511137874743290546e-02 -9.997360866302194837e-02 2.640117334330493009e+02
-1.000737731288622312e-01 7.692990957948689368e-02 -9.920015266842298063e-01 2.816580708486839413e+01 2.211393247590357977e-02 9.969321718567437651e-01 7.508141386152046570e-02 4.738125432863789683e+02 9.947342428619840859e-01 -1.442337440011623451e-02 -1.014679868170722254e-01 2.640117334330493009e+02
-1.032764207496413428e-01 7.677318696163643041e-02 -9.916853627440984642e-01 2.816580708486839413e+01 2.177766827706413208e-02 9.969522467201191729e-01 7.491295564932934359e-02 4.738125432863789683e+02 9.944142567771028229e-01 -1.385985293782156236e-02 -1.046336006977892780e-01 2.640117334330493009e+02
-1.037253098365550352e-01 7.902603565213298098e-02 -9.914615200744888446e-01 2.816580708486839413e+01 2.138677905959470230e-02 9.967852183210957895e-01 7.721291483954603740e-02 4.738125432863789683e+02 9.943760183053327317e-01 -1.319523496080748752e-02 -1.050819679753001029e-01 2.640117334330493009e+02
-1.047557256987766972e-01 8.170326947664503792e-02 -9.911361226845415429e-01 2.816580708486839413e+01 2.076618270396628912e-02 9.965819516366966058e-01 7.995735943548927527e-02 4.738125432863789683e+02 9.942811491671903479e-01 -1.220612259554521364e-02 -1.060943305834672612e-01 2.640117334330493009e+02
-1.053455299383571908e-01 8.664090289244026633e-02 -9.906541643116363316e-01 2.816580708486839413e+01 1.946702631111953824e-02 9.961861015782739193e-01 8.505460545368027925e-02 4.738125432863789683e+02 9.942451177695614817e-01 -1.032496819665880416e-02 -1.066303935242141759e-01 2.640117334330493009e+02
-1.034142578298962584e-01 9.283179923217189933e-02 -9.902967981008555798e-01 2.816580708486839413e+01 1.550092712688364016e-02 9.956645268493983236e-01 9.171625391373401659e-02 4.738125432863789683e+02 9.945175777912118598e-01 -5.865750171920335043e-03 -1.044048870466392498e-01 2.640117334330493009e+02
-1.034294081898017581e-01 9.277223244961517457e-02 -9.903007979436450059e-01 2.816580708486839413e+01 1.534964986764580756e-02 9.956709315530140048e-01 9.167215667415387625e-02 4.738125432863789683e+02 9.945183486343772694e-01 -5.719173599794599543e-03 -1.044056764878568411e-01 2.640117334330493009e+02
-1.025530112374054698e-01 9.292335464509984821e-02 -9.903777713820318684e-01 2.816580708486839413e+01 1.957522802888200103e-02 9.956228983964676704e-01 9.138848196699161930e-02 4.738125432863789683e+02 9.945349115711115129e-01 -1.001470669140880863e-02 -1.039231221438562530e-01 2.640117334330493009e+02
-1.009731480699212619e-01 9.244241044553554165e-02 -9.905850918118378479e-01 2.816580708486839413e+01 2.294464556405536454e-02 9.956253816240678844e-01 9.057396262649899943e-02 4.738125432863789683e+02 9.946245354950733475e-01 -1.358308569309475689e-02 -1.026524874236571933e-01 2.640117334330493009e+02
-9.890173858741289903e-02 8.981265703068515294e-02 -9.910358887252633808e-01 2.816580708486839413e+01 2.225846209816902815e-02 9.958691644122317221e-01 8.802936009029183051e-02 4.738125432863789683e+02 9.948482331337842322e-01 -1.335267800744914177e-02 -1.004922833884157873e-01 2.640117334330493009e+02
-9.583603688917506636e-02 8.932988355523573121e-02 -9.913806665138178431e-01 2.816580708486839413e+01 2.116910978063778898e-02 9.959226134885750259e-01 8.769274048163955282e-02 4.738125432863789683e+02 9.951720066523540575e-01 -1.258252145212150272e-02 -9.733631043672566485e-02 2.640117334330493009e+02
-9.066527189292603039e-02 9.390450538266703617e-02 -9.914442759638160130e-01 2.816580708486839413e+01 2.233108955065890924e-02 9.954858860148138033e-01 9.224517973737142440e-02 4.738125432863789683e+02 9.956310214693308014e-01 -1.377659660933545221e-02 -9.235298844001271767e-02 2.640117334330493009e+02
-8.552394555219827721e-02 9.779740109137959048e-02 -9.915247465781947822e-01 2.816580708486839413e+01 2.472300580084488275e-02 9.950728196295121064e-01 9.601487706986934489e-02 4.738125432863789683e+02 9.960293307535459384e-01 -1.630190094260935627e-02 -8.752039936095509787e-02 2.640117334330493009e+02
-8.121016828864593973e-02 9.944435298768244946e-02 -9.917236153411838062e-01 2.816580708486839413e+01 2.389045002119518507e-02 9.949184730228256557e-01 9.780837610200929233e-02 4.738125432863789683e+02 9.964106357141695458e-01 -1.574968878386410684e-02 -8.317326697260719881e-02 2.640117334330493009e+02
-7.382398226757756754e-02 9.948522080283572766e-02 -9.922966847087434372e-01 2.816580708486839413e+01 2.338183499606761098e-02 9.949109332705715625e-01 9.800777852239897503e-02 4.738125432863789683e+02 9.969971461515693134e-01 -1.596639284528245800e-02 -7.577443411294354503e-02 2.640117334330493009e+02
-6.792422355367588871e-02 9.938956537153460780e-02 -9.927275629042862093e-01 2.816580708486839413e+01 2.196849684666203270e-02 9.949333380472336064e-01 9.810727795880183622e-02 4.738125432863789683e+02 9.974485876479693980e-01 -1.514487165494096330e-02 -6.976351382797953138e-02 2.640117334330493009e+02
-6.270171928981795040e-02 9.734018750217765525e-02 -9.932740720944734925e-01 2.816580708486839413e+01 2.145121357720529767e-02 9.951339109344404799e-01 9.616831465918418420e-02 4.738125432863789683e+02 9.978017537738478326e-01 -1.527701559086387835e-02 -6.448467229094304032e-02 2.640117334330493009e+02
-5.770303023404432796e-02 9.643830904070382903e-02 -9.936649399325581111e-01 2.816580708486839413e+01 2.202115594898991849e-02 9.952041405563417653e-01 9.530890467412071743e-02 4.738125432863789683e+02 9.980908921498479192e-01 -1.638203799531408322e-02 -5.954997765440955132e-02 2.640117334330493009e+02
-5.216697799747042202e-02 9.483253941973215917e-02 -9.941254427253191084e-01 2.816580708486839413e+01 2.293743051693437202e-02 9.953320739638579218e-01 9.374399618153243796e-02 4.738125432863789683e+02 9.983749199012826869e-01 -1.791234228143163271e-02 -5.409868118633239659e-02 2.640117334330493009e+02
-4.676555139209113976e-02 9.526163934229360530e-02 -9.943531582253901657e-01 2.816580708486839413e+01 2.435939415661154961e-02 9.952550074288126769e-01 9.420238905778430261e-02 4.738125432863789683e+02 9.986088338880829696e-01 -1.981641384534418501e-02 -4.886416501889076502e-02 2.640117334330493009e+02
-4.067167958609708284e-02 9.441733770289836847e-02 -9.947015536434729022e-01 2.816580708486839413e+01 2.428996702831512713e-02 9.953245056456045958e-01 9.348329242753833368e-02 4.738125432863789683e+02 9.988772757358180820e-01 -2.035914542474749969e-02 -4.277491339751189614e-02 2.640117334330493009e+02
