1.000000000000000000e+00 0.000000000000000000e+00 0.000000000000000000e+00 4.344443544992611095e+00 0.000000000000000000e+00 1.000000000000000000e+00 0.000000000000000000e+00 6.850597949718240898e+02 0.000000000000000000e+00 0.000000000000000000e+00 1.000000000000000000e+00 2.893846437829985234e+02
9.999921725476987877e-01 3.921367556605295963e-03 5.269912897783215469e-04 4.344443544992611095e+00 -3.921161952217619255e-03 9.999922359238503367e-01 -3.906161325534485661e-04 6.850597949718240898e+02 -5.285189476070991906e-04 3.885466568296740142e-04 9.999997848495856267e-01 2.893846437829985234e+02
9.999791815724896615e-01 6.240289663732371574e-03 1.641708417009832234e-03 4.344443544992611095e+00 -6.238088060399148496e-03 9.999796414137930300e-01 -1.342764049568765088e-03 6.850597949718240898e+02 -1.650054230766853083e-03 1.332494973657929712e-03 9.999977508865611764e-01 2.893846437829985234e+02
9.999600689051812985e-01 8.128536278052298641e-03 3.713151373369850267e-03 4.344443544992611095e+00 -8.117022543872537063e-03 9.999622344572118848e-01 -3.105415328524314348e-03 6.850597949718240898e+02 -3.738253625349108843e-03 3.075151592483925129e-03 9.999882843826300993e-01 2.893846437829985234e+02
9.999524559006051083e-01 8.803167409297298074e-03 4.194065082024014610e-03 4.344443544992611095e+00 -8.787690608183571991e-03 9.999545628667761976e-01 -3.694414119965433018e-03 6.850597949718240898e+02 -4.226397061707459248e-03 3.657382326041894258e-03 9.999843804392136715e-01 2.893846437829985234e+02
9.999413602354654262e-01 9.796712025187684358e-03 4.615249066144785049e-03 4.344443544992611095e+00 -9.782341680613558521e-03 9.999472655091895534e-01 -3.126018544142752497e-03 6.850597949718240898e+02 -4.645630386797680242e-03 3.080687291845232365e-03 9.999844636213700566e-01 2.893846437829985234e+02
9.999170908452627016e-01 1.163534480753591026e-02 5.516356293448639557e-03 4.344443544992611095e+00 -1.163310008231339433e-02 9.999322369073554428e-01 -4.388347380759820933e-04 6.850597949718240898e+02 -5.521088481577104100e-03 3.746260298073912838e-04 9.999846885014371800e-01 2.893846437829985234e+02
9.999003760526290474e-01 1.217703476278895330e-02 7.138472819632244760e-03 4.344443544992611095e+00 -1.219966367217794299e-02 9.999206666401823096e-01 3.135064933800734560e-03 6.850597949718240898e+02 -7.099730705917003080e-03 -3.221839573789262844e-03 9.999696063249443601e-01 2.893846437829985234e+02
9.998850838061915658e-01 1.269641519694077875e-02 8.283732433622294569e-03 4.344443544992611095e+00 -1.275288557963504162e-02 9.998955552169443983e-01 6.800188732022423993e-03 6.850597949718240898e+02 -8.196529221426059053e-03 -6.905048772114459610e-03 9.999425669558112961e-01 2.893846437829985234e+02
9.998726387763062773e-01 1.295173405865187449e-02 9.325170849881958893e-03 4.344443544992611095e+00 -1.303565135385720622e-02 9.998745714125362172e-01 8.995178507266663945e-03 6.850597949718240898e+02 -9.207498047038182101e-03 -9.115592546338853117e-03 9.999160604531978080e-01 2.893846437829985234e+02
9.998480593943562811e-01 1.379396533616446437e-02 1.065760975285574667e-02 4.344443544992611095e+00 -1.388678490834268330e-02 9.998658560998943123e-01 8.684872511129341707e-03 6.850597949718240898e+02 -1.053638126915017008e-02 -8.831552860615028352e-03 9.999054897058129443e-01 2.893846437829985234e+02
9.998174293938667523e-01 1.494519527322768666e-02 1.190583967996325203e-02 4.344443544992611095e+00 -1.501907389236154140e-02 9.998683541120828577e-01 6.140184411742148109e-03 6.850597949718240898e+02 -1.181250607008006888e-02 -6.317878080456309012e-03 9.999102705327639340e-01 2.893846437829985234e+02
9.998008220641847466e-01 1.520295648823487278e-02 1.293005467106776371e-02 4.344443544992611095e+00 -1.524527829536953018e-02 9.998787243725264506e-01 3.180886176178209131e-03 6.850597949718240898e+02 -1.288012769644379836e-02 -3.377374895670350648e-03 9.999113438947163646e-01 2.893846437829985234e+02
9.997951890424034982e-01 1.395398489395456923e-02 1.465831754478577782e-02 4.344443544992611095e+00 -1.397987294999553792e-02 9.999008903591175557e-01 1.665116015678795624e-03 6.850597949718240898e+02 -1.463362976046850977e-02 -1.869696398609915810e-03 9.998911746362255659e-01 2.893846437829985234e+02
9.998067513038942922e-01 1.057564720368338318e-02 1.657153382688859172e-02 4.344443544992611095e+00 -1.056411468194900366e-02 9.999438913795997141e-01 -7.833093956980732029e-04 6.850597949718240898e+02 -1.657888802480788140e-02 6.080944383756538068e-04 9.998623758763078850e-01 2.893846437829985234e+02
9.997861828505185677e-01 9.194833595812759719e-03 1.852143667036380836e-02 4.344443544992611095e+00 -9.158772493748922744e-03 9.999559952411728458e-01 -2.030878539597245642e-03 6.850597949718240898e+02 -1.853929522923490267e-02 1.860810678215719764e-03 9.998264008896862176e-01 2.893846437829985234e+02
9.996984010367256923e-01 1.323881867888403868e-02 2.068430914005372004e-02 4.344443544992611095e+00 -1.315822846017995762e-02 9.999053158138194730e-01 -4.027459627949400538e-03 6.850597949718240898e+02 -2.073566947082704226e-02 3.754076085095160373e-03 9.997779448079180398e-01 2.893846437829985234e+02
9.995432969640200005e-01 1.862302943085915319e-02 2.379874511637289358e-02 4.344443544992611095e+00 -1.850192272411609051e-02 9.998147830777036615e-01 -5.298905056168717702e-03 6.850597949718240898e+02 -2.389301885086029045e-02 4.856162487068121751e-03 9.997027264822738735e-01 2.893846437829985234e+02
9.994363745701979607e-01 1.948462392165833251e-02 2.733647044902113438e-02 4.344443544992611095e+00 -1.937942798311275208e-02 9.998037622740530983e-01 -4.107884333201755264e-03 6.850597949718240898e+02 -2.741114658357092504e-02 3.575803864749576427e-03 9.996178483148925320e-01 2.893846437829985234e+02
9.994209542481786723e-01 1.514064450370971628e-02 3.047157845717593863e-02 4.344443544992611095e+00 -1.503592944645741614e-02 9.998802455400177536e-01 -3.662704535424201636e-03 6.850597949718240898e+02 -3.052338505704598956e-02 3.202415158118493248e-03 9.995289227940404864e-01 2.893846437829985234e+02
9.993971426100743960e-01 1.104726576174098508e-02 3.291366375849869713e-02 4.344443544992611095e+00 -1.092633157479319661e-02 9.999328868613942545e-01 -3.851889322756072136e-03 6.850597949718240898e+02 -3.295400766425416600e-02 3.489941579246057680e-03 9.994507760198290125e-01 2.893846437829985234e+02
9.993427476910297091e-01 7.535410437952300491e-03 3.545828854970503596e-02 4.344443544992611095e+00 -7.464560933294266815e-03 9.999698711160013298e-01 -2.130068149060387449e-03 6.850597949718240898e+02 -3.547327116880652498e-02 1.863987601381545799e-03 9.993688871396821938e-01 2.893846437829985234e+02
9.992399655786807777e-01 7.032559662675158529e-03 3.834102626309614931e-02 4.344443544992611095e+00 -7.000652911042309738e-03 9.999750281756866199e-01 -9.663766618641133396e-04 6.850597949718240898e+02 -3.834686491925550639e-02 6.972299652160403967e-04 9.992642452430892108e-01 2.893846437829985234e+02
9.991470768895605037e-01 8.225962286229949322e-03 4.046544559882680331e-02 4.344443544992611095e+00 -8.147698035476779593e-03 9.999646047345427391e-01 -2.098641182100461060e-03 6.850597949718240898e+02 -4.048127665685429671e-02 1.767150970925470332e-03 9.991787344703038087e-01 2.893846437829985234e+02
9.990457976520922267e-01 9.253489474544091681e-03 4.268333546290237202e-02 4.344443544992611095e+00 -9.103045894327243051e-03 9.999516555898912973e-01 -3.717665729993094390e-03 6.850597949718240898e+02 -4.271567334293033258e-02 3.325569962983028829e-03 9.990817343117038840e-01 2.893846437829985234e+02
9.989160602320407145e-01 1.061415156067216370e-02 4.532156657866593524e-02 4.344443544992611095e+00 -1.042891904779134730e-02 9.999362787942841502e-01 -4.321573617683451690e-03 6.850597949718240898e+02 -4.536454847115732603e-02 3.844234343211083444e-03 9.989631022236623581e-01 2.893846437829985234e+02
9.988040872412315974e-01 1.343297911648216533e-02 4.701010936240933302e-02 4.344443544992611095e+00 -1.321244910791373114e-02 9.999002169951363150e-01 -4.998724002087871071e-03 6.850597949718240898e+02 -4.707256630756730120e-02 4.371627286767915295e-03 9.988819061210820749e-01 2.893846437829985234e+02
9.987056144962799253e-01 1.474925426805871916e-02 4.867807588785009326e-02 4.344443544992611095e+00 -1.445614515504648270e-02 9.998752266158497104e-01 -6.367971981597011187e-03 6.850597949718240898e+02 -4.876592499751610660e-02 5.656032040072801921e-03 9.987942199776184138e-01 2.893846437829985234e+02
9.986243356156080386e-01 1.389974258337552115e-02 5.055920759268889980e-02 4.344443544992611095e+00 -1.351049205532851849e-02 9.998764647483932011e-01 -8.032549201671967259e-03 6.850597949718240898e+02 -5.066461211444944768e-02 7.338419337314615147e-03 9.986887626687921404e-01 2.893846437829985234e+02
9.985619446394676801e-01 1.272851385209474578e-02 5.207713176588141951e-02 4.344443544992611095e+00 -1.225094429545128816e-02 9.998800204778748313e-01 -9.479399402583823381e-03 6.850597949718240898e+02 -5.219154224310382922e-02 8.827773461127614088e-03 9.985980739687045915e-01 2.893846437829985234e+02
9.985051606010930669e-01 1.212355980590042702e-02 5.329599938660738861e-02 4.344443544992611095e+00 -1.157770213021553155e-02 9.998774372082016582e-01 -1.053885076002060960e-02 6.850597949718240898e+02 -5.341723566760546438e-02 9.906051665055032665e-03 9.985231439851767199e-01 2.893846437829985234e+02
9.984068448880097923e-01 1.308542480410052403e-02 5.488664444530130804e-02 4.344443544992611095e+00 -1.244065274211331347e-02 9.998497297123756233e-01 -1.207261999066384234e-02 6.850597949718240898e+02 -5.503637197453009611e-02 1.137056075068675585e-02 9.984196052302344304e-01 2.893846437829985234e+02
9.983239954023240825e-01 1.373987919876852246e-02 5.621757664238830055e-02 4.344443544992611095e+00 -1.294760409828745774e-02 9.998120053222101511e-01 -1.443307180381101819e-02 6.850597949718240898e+02 -5.640531670023281319e-02 1.368099898337845829e-02 9.983142143207038854e-01 2.893846437829985234e+02
9.982819303257718380e-01 1.365493004763686062e-02 5.698008836816787631e-02 4.344443544992611095e+00 -1.270980120382134496e-02 9.997761201116578400e-01 -1.691657789975237886e-02 6.850597949718240898e+02 -5.719832636021281169e-02 1.616330844453549645e-02 9.982319865250354196e-01 2.893846437829985234e+02
9.982516171465674049e-01 1.287049241920224484e-02 5.768933427549436527e-02 4.344443544992611095e+00 -1.177240159825663525e-02 9.997437673044591300e-01 -1.933417431637816236e-02 6.850597949718240898e+02 -5.792339272583948290e-02 1.862122876649092290e-02 9.981473490494052747e-01 2.893846437829985234e+02
9.982944451093982430e-01 1.084325331042349828e-02 5.736396709925337123e-02 4.344443544992611095e+00 -9.656791645129291640e-03 9.997345151322487578e-01 -2.091998155853817473e-02 6.850597949718240898e+02 -5.757557849332295419e-02 2.033034950346415334e-02 9.981341240786367752e-01 2.893846437829985234e+02
9.984088759026612525e-01 1.032388591708266641e-02 5.543585390661154993e-02 4.344443544992611095e+00 -9.105719164083050932e-03 9.997124775925632090e-01 -2.218215553644693402e-02 6.850597949718240898e+02 -5.564892089959126709e-02 2.164207765694721453e-02 9.982158173848993954e-01 2.893846437829985234e+02
9.985629746502716619e-01 1.053523210773534696e-02 5.254516668578389227e-02 4.344443544992611095e+00 -9.319221993691338343e-03 9.996842941579414665e-01 -2.333375484935998681e-02 6.850597949718240898e+02 -5.277440439297224894e-02 2.281054357909674882e-02 9.983459026522791824e-01 2.893846437829985234e+02
9.987626043146873300e-01 1.118989100935595220e-02 4.845664620815098855e-02 4.344443544992611095e+00 -9.997045033061219971e-03 9.996427049589011737e-01 -2.478954443022065440e-02 6.850597949718240898e+02 -4.871672518909828109e-02 2.427444668060780436e-02 9.985176172332670408e-01 2.893846437829985234e+02
9.990144780651130096e-01 1.116886326395925659e-02 4.295729402186231755e-02 4.344443544992611095e+00 -1.006073551772592410e-02 9.996132298829927265e-01 -2.592628480390092929e-02 6.850597949718240898e+02 -4.323024655414439699e-02 2.546855190782538678e-02 9.987404560978729862e-01 2.893846437829985234e+02
9.992734907496740870e-01 1.081633113390300521e-02 3.654446149230704960e-02 4.344443544992611095e+00 -9.844108899595997372e-03 9.995955586893389144e-01 -2.667981575125116800e-02 6.850597949718240898e+02 -3.681825912416075014e-02 2.630068495970350542e-02 9.989758204109435713e-01 2.893846437829985234e+02
9.995040977019112871e-01 1.134939285892005816e-02 2.937260558448736777e-02 4.344443544992611095e+00 -1.053354274884757760e-02 9.995584738508002109e-01 -2.778312131882807595e-02 6.850597949718240898e+02 -2.967495836974610654e-02 2.745994600854873013e-02 9.991823398213974805e-01 2.893846437829985234e+02
9.997080782250973296e-01 1.138358583340950275e-02 2.131131870757406455e-02 4.344443544992611095e+00 -1.076331658758647794e-02 9.995215473954324192e-01 -2.899702240360093816e-02 6.850597949718240898e+02 -2.163121234507635327e-02 2.875917707120538569e-02 9.993522904294913634e-01 2.893846437829985234e+02
9.998817769656489496e-01 1.042354223502158471e-02 1.130406383963939408e-02 4.344443544992611095e+00 -1.007472693818463154e-02 9.994843756490693343e-01 -3.048741888895006857e-02 6.850597949718240898e+02 -1.161602208748497601e-02 3.036992921730328684e-02 9.994712279151413137e-01 2.893846437829985234e+02
9.999631186747833800e-01 8.431684808512682205e-03 -1.633395693213705131e-03 4.344443544992611095e+00 -8.480133695923762135e-03 9.994403346191115256e-01 -3.235899981360287891e-02 6.850597949718240898e+02 1.359640651043887271e-03 3.237165778466384591e-02 9.994749757495552389e-01 2.893846437829985234e+02
9.998147451272882957e-01 8.046240057517382860e-03 -1.748523511400247935e-02 4.344443544992611095e+00 -8.642927432133839030e-03 9.993734551139327182e-01 -3.432196117710022143e-02 6.850597949718240898e+02 1.719811709048435847e-02 3.446672648477523693e-02 9.992578593806341614e-01 2.893846437829985234e+02
9.992884877373772179e-01 8.101331724572462603e-03 -3.683594304254476232e-02 4.344443544992611095e+00 -9.410457168021364727e-03 9.993251559908841175e-01 -3.550599808036841026e-02 6.850597949718240898e+02 3.652343865840124160e-02 3.582737819158308273e-02 9.986903611232487155e-01 2.893846437829985234e+02
9.982416082339136132e-01 8.629234557946263359e-03 -5.864493074011609824e-02 4.344443544992611095e+00 -1.070995365880716803e-02 9.993208277273321061e-01 -3.525876008859794158e-02 6.850597949718240898e+02 5.830084461819796254e-02 3.582484586572631108e-02 9.976560489144058463e-01 2.893846437829985234e+02
9.965782238855861452e-01 8.296624889106473180e-03 -8.223751998023483278e-02 4.344443544992611095e+00 -1.113961701033594660e-02 9.993538767223300034e-01 -3.417218185765030780e-02 6.850597949718240898e+02 8.190087062976242338e-02 3.497134677845203932e-02 9.960267327208591759e-01 2.893846437829985234e+02
9.940231242988597504e-01 7.541202118543193812e-03 -1.089089465091846870e-01 4.344443544992611095e+00 -1.117676068323360423e-02 9.993991158552009146e-01 -3.280986510901325731e-02 6.850597949718240898e+02 1.085960790257312486e-01 3.383101385488173490e-02 9.935101177752492241e-01 2.893846437829985234e+02
9.902857742223235560e-01 7.830745444552087917e-03 -1.388263836548200292e-01 4.344443544992611095e+00 -1.223046347494601352e-02 9.994486540343425762e-01 -3.086751872321668450e-02 6.850597949718240898e+02 1.385081266066385819e-01 3.226557569179180907e-02 9.898355578020009427e-01 2.893846437829985234e+02
9.851187309603928188e-01 6.216762351546697811e-03 -1.717627368693488421e-01 4.344443544992611095e+00 -1.115967574797761645e-02 9.995504594154515088e-01 -2.782697826856138715e-02 6.850597949718240898e+02 1.715125288373555157e-01 2.932969396743474386e-02 9.847452571622742346e-01 2.893846437829985234e+02
9.780981791672493930e-01 5.835516690848942950e-03 -2.080622470672224278e-01 4.344443544992611095e+00 -1.110971034125745986e-02 9.996456564780997756e-01 -2.418958082732231701e-02 6.850597949718240898e+02 2.078473628551595065e-01 2.597129625989093998e-02 9.778164273138073570e-01 2.893846437829985234e+02
9.687231735510806185e-01 5.769939635463405825e-03 -2.480768445899890484e-01 4.344443544992611095e+00 -1.082152636544927646e-02 9.997608387451516476e-01 -1.900420686879042767e-02 6.850597949718240898e+02 2.479078610940851357e-01 2.109438570314393566e-02 9.685539320551873610e-01 2.893846437829985234e+02
9.571173476568034522e-01 8.321341268356166609e-03 -2.895809698407352806e-01 4.344443544992611095e+00 -1.289044968864908221e-02 9.998206496130556120e-01 -1.387461401808695940e-02 6.850597949718240898e+02 2.894135779835311784e-01 1.701246269127550115e-02 9.570529541211134639e-01 2.893846437829985234e+02
9.433158348134440541e-01 1.146798633313530352e-02 -3.316982379809663151e-01 4.344443544992611095e+00 -1.530195067911541834e-02 9.998428699547547982e-01 -8.949061741444422693e-03 6.850597949718240898e+02 3.315434905040791080e-01 1.351742172536193887e-02 9.433430941148993609e-01 2.893846437829985234e+02
9.270489824237215792e-01 1.311213258966006066e-02 -3.747108967805622970e-01 4.344443544992611095e+00 -1.541271874514581718e-02 9.998762761775239483e-01 -3.143316441274834980e-03 6.850597949718240898e+02 3.746233205341396588e-01 8.689321971139770881e-03 9.271363779917486392e-01 2.893846437829985234e+02
9.081905309920031977e-01 1.465189689482777717e-02 -4.183004677667073179e-01 4.344443544992611095e+00 -1.415252910916645589e-02 9.998906183223260635e-01 4.296197249850902851e-03 6.850597949718240898e+02 4.183176607989156359e-01 2.018243884857809280e-03 9.082985529853859763e-01 2.893846437829985234e+02
8.869026749827418898e-01 1.742747170798688780e-02 -4.616274778848457050e-01 4.344443544992611095e+00 -1.414572870511682928e-02 9.998440867681503974e-01 1.056884639700484199e-02 6.850597949718240898e+02 4.617396923244277418e-01 -2.843481075998943817e-03 8.870109194071482683e-01 2.893846437829985234e+02
8.624627048903977800e-01 2.153661273075685098e-02 -5.056621965158396570e-01 4.344443544992611095e+00 -1.593803966631817878e-02 9.997544352807856693e-01 1.539636411596319136e-02 6.850597949718240898e+02 5.058696092519618936e-01 -5.219525695104022117e-03 8.625941658664211253e-01 2.893846437829985234e+02
8.348924128182187987e-01 2.403858709426270543e-02 -5.498879934578350115e-01 4.344443544992611095e+00 -1.669359195407790417e-02 9.996921402557918945e-01 1.835616241113630434e-02 6.850597949718240898e+02 5.501599612896622693e-01 -6.145814942284904062e-03 8.350366734176730699e-01 2.893846437829985234e+02
8.041319670298258115e-01 2.812613867626781797e-02 -5.937850620585753969e-01 4.344443544992611095e+00 -1.988349352563812539e-02 9.995937296374035608e-01 2.042112520896838257e-02 6.850597949718240898e+02 5.941181921856609760e-01 -4.614758146187774614e-03 8.043645179402775236e-01 2.893846437829985234e+02
7.702647547142291717e-01 3.022793972353914407e-02 -6.370074405413945762e-01 4.344443544992611095e+00 -2.082343862356614630e-02 9.995355208382458168e-01 2.225144908778468184e-02 6.850597949718240898e+02 6.373841793211671991e-01 -3.874821632769926381e-03 7.705364324341822391e-01 2.893846437829985234e+02
7.332425246545630770e-01 3.346133805692563801e-02 -6.791433861075603096e-01 4.344443544992611095e+00 -2.189753967023407022e-02 9.994324052473398945e-01 2.560009956829377084e-02 6.850597949718240898e+02 6.796145214712469018e-01 -3.899512399796511378e-03 7.335590610226638830e-01 2.893846437829985234e+02
6.951180333978231873e-01 3.332310956683642855e-02 -7.181228933921686153e-01 4.344443544992611095e+00 -2.025359091013573254e-02 9.994363632759669658e-01 2.677214628963079171e-02 6.850597949718240898e+02 7.186102641212318565e-01 -4.065234372718978979e-03 6.954011519756840842e-01 2.893846437829985234e+02
6.528215097376892651e-01 3.292699574090073716e-02 -7.567958042796505413e-01 4.344443544992611095e+00 -1.924623714588015108e-02 9.994533047115216062e-01 2.688259765986322075e-02 6.850597949718240898e+02 7.572672307577605899e-01 -2.984066469809520776e-03 6.530983360626303469e-01 2.893846437829985234e+02
6.111065702551391476e-01 3.006850834914275364e-02 -7.909770190066579554e-01 4.344443544992611095e+00 -1.658166263868488324e-02 9.995452495708878615e-01 2.518615739662356801e-02 6.850597949718240898e+02 7.913746320518092459e-01 -2.275712180435687272e-03 6.113272551415774858e-01 2.893846437829985234e+02
5.659318489192890489e-01 2.821629683781677611e-02 -8.239690424837308180e-01 4.344443544992611095e+00 -1.407326240568487069e-02 9.995991812341979976e-01 2.456461196886157092e-02 6.850597949718240898e+02 8.243319026120817794e-01 -2.305963720488277829e-03 5.661021081635935204e-01 2.893846437829985234e+02
5.193463053764193482e-01 2.890070136745116758e-02 -8.540750344977503516e-01 4.344443544992611095e+00 -1.321332273344521906e-02 9.995800635079782337e-01 2.578962465270260088e-02 6.850597949718240898e+02 8.544617154643054935e-01 -2.108577211028585599e-03 5.195100872051869878e-01 2.893846437829985234e+02
4.699196771977603992e-01 3.089926066244664399e-02 -8.821681997628728622e-01 4.344443544992611095e+00 -1.559455308174529861e-02 9.995217727967200538e-01 2.670272681734793541e-02 6.850597949718240898e+02 8.825714174482041097e-01 1.208882051921683631e-03 4.701768089853558541e-01 2.893846437829985234e+02
4.174857928972061094e-01 2.826380016212599530e-02 -9.082437835346783839e-01 4.344443544992611095e+00 -1.456831695352645006e-02 9.995958741600459163e-01 2.441009019554489859e-02 6.850597949718240898e+02 9.085666606639997145e-01 3.040717449623876398e-03 4.177288320995562465e-01 2.893846437829985234e+02
3.641757446034468160e-01 2.563644912684260799e-02 -9.309773356632765617e-01 4.344443544992611095e+00 -1.381743269026031347e-02 9.996597739781961645e-01 2.212272233951434811e-02 6.850597949718240898e+02 9.312277409937775863e-01 4.807157791037250730e-03 3.644060724488509262e-01 2.893846437829985234e+02
3.110634237703293059e-01 2.627316150384320995e-02 -9.500259298444831968e-01 4.344443544992611095e+00 -1.610181044433145817e-02 9.996200283633388528e-01 2.237254110046356034e-02 6.850597949718240898e+02 9.502527443226324033e-01 8.337858206402983322e-03 3.113682739584024417e-01 2.893846437829985234e+02
2.584982651222699213e-01 2.848587214587377375e-02 -9.655916331539265984e-01 4.344443544992611095e+00 -1.215970620238225088e-02 9.995818891558182484e-01 2.623334551209120097e-02 6.850597949718240898e+02 9.659351885472685639e-01 4.960036267401530738e-03 2.587365640306328873e-01 2.893846437829985234e+02
2.074918927821242376e-01 2.833556048523255128e-02 -9.778262680260132456e-01 4.344443544992611095e+00 -7.734012094701763970e-03 9.995966754310019464e-01 2.732529092629394987e-02 6.850597949718240898e+02 9.782061641017241183e-01 1.892743848311321045e-03 2.076273537714005135e-01 2.893846437829985234e+02
1.589785158471337667e-01 2.495765458107017734e-02 -9.869665379215529777e-01 4.344443544992611095e+00 -5.699700749181199101e-03 9.996869731129670589e-01 2.436122327805052487e-02 6.850597949718240898e+02 9.872655898543264419e-01 1.752502794643111261e-03 1.590710024597267735e-01 2.893846437829985234e+02
1.146964856088688728e-01 2.473063282376912475e-02 -9.930927006020696668e-01 4.344443544992611095e+00 -4.852520459612559740e-03 9.996920942738783955e-01 2.433453701008814890e-02 6.850597949718240898e+02 9.933887301727165609e-01 2.027916773987350606e-03 1.147811758059405496e-01 2.893846437829985234e+02
7.431010657511966100e-02 2.595163083424966918e-02 -9.968974475430452120e-01 4.344443544992611095e+00 -7.644123087608045881e-03 9.996467835448603623e-01 2.545339919610160526e-02 6.850597949718240898e+02 9.972058841798991935e-01 5.728961987779924124e-03 7.448223648311541600e-02 2.893846437829985234e+02
3.868814082921688546e-02 3.018928563523224154e-02 -9.987951916143842368e-01 4.344443544992611095e+00 -1.260678402390427895e-02 9.994787111569826132e-01 2.972162412371004425e-02 6.850597949718240898e+02 9.991718054247488157e-01 1.144172088502546161e-02 3.904856293688490493e-02 2.893846437829985234e+02
9.908358661143534807e-03 3.376945245913402782e-02 -9.993805323845635913e-01 4.344443544992611095e+00 -1.310616142229392538e-02 9.993481302657604148e-01 3.363841653677032001e-02 6.850597949718240898e+02 9.998650173705517785e-01 1.276474108389084178e-02 1.034448759708824286e-02 2.893846437829985234e+02
-1.139335262137281500e-02 3.622241151586336194e-02 -9.992788041482825179e-01 4.344443544992611095e+00 -9.235676277270480836e-03 9.992972285782647512e-01 3.632838063416052310e-02 6.850597949718240898e+02 9.998924411154158642e-01 9.642917596579923464e-03 -1.105080723201019681e-02 2.893846437829985234e+02
-2.451033379490435635e-02 3.652020772832502427e-02 -9.990322907517772411e-01 4.344443544992611095e+00 -3.412010785782431787e-03 9.993236370411657798e-01 3.661456859248671258e-02 6.850597949718240898e+02 9.996937539665129435e-01 4.306144249348237835e-03 -2.436914857034879617e-02 2.893846437829985234e+02
-3.265269623616585265e-02 3.648086021024092573e-02 -9.988007550391773126e-01 4.344443544992611095e+00 -6.184427852846092295e-04 9.993327123813108281e-01 3.652050784330870131e-02 6.850597949718240898e+02 9.994665672032401194e-01 1.810194169888843874e-03 -3.260834617145269565e-02 2.893846437829985234e+02
-3.645715903417782316e-02 3.621132364726862424e-02 -9.986789351913208934e-01 4.344443544992611095e+00 -3.394791307947928743e-03 9.993330279673949823e-01 3.635896870777376860e-02 6.850597949718240898e+02 9.993294506553537238e-01 4.715851273116163436e-03 -3.630991324194681596e-02 2.893846437829985234e+02
-3.785056627503598919e-02 2.915162190619802543e-02 -9.988581068264391627e-01 4.344443544992611095e+00 -6.897602756005309643e-03 9.995429567658127290e-01 2.943298585051554173e-02 6.850597949718240898e+02 9.992596047618848010e-01 8.003781612111397770e-03 -3.763219062220766326e-02 2.893846437829985234e+02
-3.454729491482863568e-02 1.678059956913569017e-02 -9.992621757537754057e-01 4.344443544992611095e+00 -1.061506293922108782e-02 9.997964656556227458e-01 1.715656437988630559e-02 6.850597949718240898e+02 9.993466890188124063e-01 1.119994377776647662e-02 -3.436213623322393468e-02 2.893846437829985234e+02
-3.473439513430041231e-02 1.694411051579974153e-02 -9.992529304002482071e-01 4.344443544992611095e+00 -1.549377310462571496e-02 9.997269716186777400e-01 1.749071791350098604e-02 6.850597949718240898e+02 9.992764706474557279e-01 1.608972768494389832e-02 -3.446238345482921517e-02 2.893846437829985234e+02
-3.557861583118952092e-02 1.939350786912144228e-02 -9.991786896987283617e-01 4.344443544992611095e+00 -1.675695569149401876e-02 9.996595538555645977e-01 1.999952052541631789e-02 6.850597949718240898e+02 9.992263840249058227e-01 1.745474828874839235e-02 -3.524152707653997046e-02 2.893846437829985234e+02
-3.323568949005312190e-02 1.658437343036079856e-02 -9.993099356566228497e-01 4.344443544992611095e+00 -2.432089350063086630e-02 9.995528143360640216e-01 1.739728404621693897e-02 6.850597949718240898e+02 9.991515816348640611e-01 2.488232124975730750e-02 -3.281748018620767038e-02 2.893846437829985234e+02
-3.707358677204226904e-02 1.976163714814951552e-02 -9.991171236952558488e-01 4.344443544992611095e+00 -4.074126302888805146e-02 9.989433108751842871e-01 2.126995873375955512e-02 6.850597949718240898e+02 9.984816967028816714e-01 4.149384719388827386e-02 -3.622929745914815758e-02 2.893846437829985234e+02
-4.692338555403574585e-02 2.742292257669835462e-02 -9.985219973568435492e-01 4.344443544992611095e+00 -5.169718037421945633e-02 9.982167805281246808e-01 2.984393763264317836e-02 6.850597949718240898e+02 9.975598214791437934e-01 5.302115039696971704e-02 -4.542202308439367842e-02 2.893846437829985234e+02
-5.941465025201247280e-02 3.171683597287774936e-02 -9.977293929975709075e-01 4.344443544992611095e+00 -5.564022559063902529e-02 9.978360649559417928e-01 3.503359486927076771e-02 6.850597949718240898e+02 9.966815261815844540e-01 5.759539729102459288e-02 -5.752134889964951453e-02 2.893846437829985234e+02
-6.305944851288218522e-02 4.149594578753681984e-02 -9.971467256309121119e-01 4.344443544992611095e+00 -4.850234972565320435e-02 9.978271974845304149e-01 4.459154663451681683e-02 6.850597949718240898e+02 9.968304911188964335e-01 5.117587755344955164e-02 -6.090978190974546957e-02 2.893846437829985234e+02
-6.764777966412448273e-02 4.677855942343787238e-02 -9.966120329821342994e-01 4.344443544992611095e+00 -4.019783510468358939e-02 9.979613751281546374e-01 4.957043277215807120e-02 6.850597949718240898e+02 9.968991483391935748e-01 4.341497587918555223e-02 -6.562947439983814191e-02 2.893846437829985234e+02
-7.188972720915041970e-02 4.868741524631766543e-02 -9.962235706498955290e-01 4.344443544992611095e+00 -3.050009985765377712e-02 9.982334950030327114e-01 5.098659983469204515e-02 6.850597949718240898e+02 9.969461424923944382e-01 3.405033113880832907e-02 -7.027776261998117113e-02 2.893846437829985234e+02
-7.408832243640646464e-02 5.119600486882893570e-02 -9.959366895360520777e-01 4.344443544992611095e+00 -2.150540018245232152e-02 9.983671233493244257e-01 5.292074052946556251e-02 6.850597949718240898e+02 9.970197782599651282e-01 2.533882595278001346e-02 -7.286635477216546475e-02 2.893846437829985234e+02
-7.544067441571997157e-02 5.021908621868194367e-02 -9.958849070163994233e-01 4.344443544992611095e+00 -1.464848681333588525e-02 9.985674123997974050e-01 5.146401390536938653e-02 6.850597949718240898e+02 9.970426903988510725e-01 1.847068684519100751e-02 -7.459696541874902276e-02 2.893846437829985234e+02
-7.662026107664691998e-02 4.933269904082771690e-02 -9.958391538787245700e-01 4.344443544992611095e+00 -1.407295538847847839e-02 9.986222063604458521e-01 5.055334697553316714e-02 6.850597949718240898e+02 9.969610260783410283e-01 1.788781063019910522e-02 -7.582043729547981170e-02 2.893846437829985234e+02
-7.848662176203617669e-02 5.075572373202312526e-02 -9.956222711012555626e-01 4.344443544992611095e+00 -1.686825719181903743e-02 9.984925142596938752e-01 5.223179938184464161e-02 6.850597949718240898e+02 9.967724475042896159e-01 2.089391001687234198e-02 -7.751214369705651530e-02 2.893846437829985234e+02
-8.140205028946549681e-02 5.145297034724035518e-02 -9.953523486942288390e-01 4.344443544992611095e+00 -2.196228840306718375e-02 9.983314917111880682e-01 5.340309490857434588e-02 6.850597949718240898e+02 9.964393429089248855e-01 2.620733676205380322e-02 -8.013620531987075690e-02 2.893846437829985234e+02
-8.572016349683481140e-02 5.172311781834865868e-02 -9.949757648572279400e-01 4.344443544992611095e+00 -2.718683143893710352e-02 9.981582530735917391e-01 5.423078477567919858e-02 6.850597949718240898e+02 9.959482565707843404e-01 3.169891014253384265e-02 -8.415610096355966019e-02 2.893846437829985234e+02
-9.132592975153641657e-02 5.184458146364040454e-02 -9.944705696640186998e-01 4.344443544992611095e+00 -3.178116931253010397e-02 9.979833974575208488e-01 5.494629811253829571e-02 6.850597949718240898e+02 9.953137856134335326e-01 3.662345931235308494e-02 -8.949408022797207540e-02 2.893846437829985234e+02
-9.809539265198571889e-02 5.259367820611817596e-02 -9.937862944080102512e-01 4.344443544992611095e+00 -3.374319146308405598e-02 9.978525641189007755e-01 5.613962336193809022e-02 6.850597949718240898e+02 9.946047913469633350e-01 3.904055960262221847e-02 -9.611006053257754866e-02 2.893846437829985234e+02
-1.042507651520667017e-01 5.303818706402702032e-02 -9.931358057577877041e-01 4.344443544992611095e+00 -3.167935083927626155e-02 9.978932093500805234e-01 5.661767801136025763e-02 6.850597949718240898e+02 9.940463755256133682e-01 3.736433387546593543e-02 -1.023509152789170151e-01 2.893846437829985234e+02
-1.100088275208827987e-01 5.446811393160895520e-02 -9.924370420496275713e-01 4.344443544992611095e+00 -2.681890498819568258e-02 9.979710932244956201e-01 5.774463978187936719e-02 6.850597949718240898e+02 9.935687214293297265e-01 3.296849485551520131e-02 -1.083248546929424655e-01 2.893846437829985234e+02
-1.159576206358429451e-01 5.686514483464814168e-02 -9.916250226367870901e-01 4.344443544992611095e+00 -2.363445097428666306e-02 9.979191518334256106e-01 5.998982523061933969e-02 6.850597949718240898e+02 9.929729316268476325e-01 3.039279037848772319e-02 -1.143723539558024471e-01 2.893846437829985234e+02
-1.201341267368448290e-01 6.020089366018847171e-02 -9.909306958590446968e-01 4.344443544992611095e+00 -2.073368634618428727e-02 9.977898392795032656e-01 6.313121954374815992e-02 6.850597949718240898e+02 9.925411355927128421e-01 2.812986016846777751e-02 -1.186204245618296543e-01 2.893846437829985234e+02
-1.224264832547578979e-01 6.515257740583252355e-02 -9.903367598222584389e-01 4.344443544992611095e+00 -1.868510990880498102e-02 9.975147847683502045e-01 6.793468065905261533e-02 6.850597949718240898e+02 9.923016793624641618e-01 2.682155524813151920e-02 -1.209048440241460853e-01 2.893846437829985234e+02
-1.241164062851827232e-01 6.868532919633899003e-02 -9.898875912163169755e-01 4.344443544992611095e+00 -1.646615693989115711e-02 9.973214426453694825e-01 7.126574012377547007e-02 6.850597949718240898e+02 9.921310313494284827e-01 2.514489198523544439e-02 -1.226529699622823516e-01 2.893846437829985234e+02
-1.254513185008027110e-01 7.048910617328028871e-02 -9.895924679368283128e-01 4.344443544992611095e+00 -1.673871687033957889e-02 9.971803561342662547e-01 7.315157344495336333e-02 6.850597949718240898e+02 9.919585586323368398e-01 2.574146947689285453e-02 -1.239176932694659727e-01 2.893846437829985234e+02
-1.271084555593879339e-01 7.087404675748450178e-02 -9.893534808254962343e-01 4.344443544992611095e+00 -1.768056405364356112e-02 9.971235545292564950e-01 7.370220252940568040e-02 6.850597949718240898e+02 9.917312328348092398e-01 2.686050072426835952e-02 -1.254897418946644139e-01 2.893846437829985234e+02
-1.281184546174758132e-01 7.187804029709195242e-02 -9.891507513566776266e-01 4.344443544992611095e+00 -1.843849738018478110e-02 9.970251878885898478e-01 7.483846958672150940e-02 6.850597949718240898e+02 9.915874562542575932e-01 2.782664260688561680e-02 -1.264120032292739559e-01 2.893846437829985234e+02
-1.288671389379872634e-01 7.414318886117532426e-02 -9.888862664874227271e-01 4.344443544992611095e+00 -1.932088503473770522e-02 9.968240523807678777e-01 7.725614536500144403e-02 6.850597949718240898e+02 9.914736324801636247e-01 2.906193628579945704e-02 -1.270253516267844107e-01 2.893846437829985234e+02
-1.295052272129205706e-01 7.889100153313070851e-02 -9.884354334004977760e-01 4.344443544992611095e+00 -2.083247933683825270e-02 9.963935047343528417e-01 8.225564739197475939e-02 6.850597949718240898e+02 9.913598760940492971e-01 3.124409704715818900e-02 -1.273946720647992914e-01 2.893846437829985234e+02
-1.293074238208435645e-01 8.481338099307653144e-02 -9.879707893198768076e-01 4.344443544992611095e+00 -2.464294620411487668e-02 9.957528991946001939e-01 8.870675818633615151e-02 6.850597949718240898e+02 9.912982978635626052e-01 3.581695338902027986e-02 -1.266681905717884915e-01 2.893846437829985234e+02
-1.286139718795242248e-01 8.661156467884256749e-02 -9.879053006747439136e-01 4.344443544992611095e+00 -2.492746502205674813e-02 9.955817239808374408e-01 9.052984238866837452e-02 6.850597949718240898e+02 9.913813936749800160e-01 3.626937743090807853e-02 -1.258867131028023334e-01 2.893846437829985234e+02
-1.275043565657386913e-01 8.810416931233108762e-02 -9.879171495659651026e-01 4.344443544992611095e+00 -2.049091463601812949e-02 9.956002942213598716e-01 9.143400113590489930e-02 6.850597949718240898e+02 9.916263214911830159e-01 3.190155946227910683e-02 -1.251380398988984621e-01 2.893846437829985234e+02
-1.260421392975382693e-01 8.813381225657053453e-02 -9.881021254194446435e-01 4.344443544992611095e+00 -1.767871699419439058e-02 9.956879696577568550e-01 9.106552610210183474e-02 6.850597949718240898e+02 9.918673510539289806e-01 2.894647156281704783e-02 -1.239405490439828145e-01 2.893846437829985234e+02
-1.245370056320258406e-01 8.656797925181042297e-02 -9.884313426821648152e-01 4.344443544992611095e+00 -1.829357974371878873e-02 9.958170338295022628e-01 8.951971891807741777e-02 6.850597949718240898e+02 9.920463089837933124e-01 2.923046532762518801e-02 -1.224324333187965519e-01 2.893846437829985234e+02
-1.218194368890242324e-01 8.719769895954149197e-02 -9.887146130669873800e-01 4.344443544992611095e+00 -1.856346896359192464e-02 9.957591444941743530e-01 9.010618056641320206e-02 6.850597949718240898e+02 9.923786688638958076e-01 2.933065721034001233e-02 -1.196841264810449140e-01 2.893846437829985234e+02
-1.182977498447882886e-01 9.154802149428201141e-02 -9.887490086680960077e-01 4.344443544992611095e+00 -1.769702798190707013e-02 9.953884053498823770e-01 9.428010233143202523e-02 6.850597949718240898e+02 9.928204558641338107e-01 2.865104283442695618e-02 -1.161320806764107039e-01 2.893846437829985234e+02
-1.124671045360775834e-01 9.672027782422540354e-02 -9.889369738536808452e-01 4.344443544992611095e+00 -1.591743434303129548e-02 9.949483277444718388e-01 9.911841606086076173e-02 6.850597949718240898e+02 9.935279491193014234e-01 2.688890061127927750e-02 -1.103594189125263608e-01 2.893846437829985234e+02
-1.062945673361497950e-01 9.978911425119524337e-02 -9.893147111166308294e-01 4.344443544992611095e+00 -1.560822212008930281e-02 9.946613899442763307e-01 1.020054055252460068e-01 6.850597949718240898e+02 9.942121747177861124e-01 2.628406420403488208e-02 -1.041695714297007080e-01 2.893846437829985234e+02
-1.008357716643550755e-01 1.013913445597579843e-01 -9.897231645269392031e-01 4.344443544992611095e+00 -1.639961796010541359e-02 9.944889964400519533e-01 1.035504152112422110e-01 6.850597949718240898e+02 9.947679124718568078e-01 2.667266780849833485e-02 -9.861728605250134894e-02 2.893846437829985234e+02
-9.586536910898717234e-02 1.005212738630656272e-01 -9.903056621601961096e-01 4.344443544992611095e+00 -1.789206029401149006e-02 9.945530567529081711e-01 1.026844266765024327e-01 6.850597949718240898e+02 9.952334927965558187e-01 2.756248908195883113e-02 -9.354466319130026741e-02 2.893846437829985234e+02
-9.108043346339513013e-02 9.902262400611486215e-02 -9.909081060194553370e-01 4.344443544992611095e+00 -1.893421743423346140e-02 9.946918983988293217e-01 1.011411027717522282e-01 6.850597949718240898e+02 9.956635225066108319e-01 2.797404501813380989e-02 -8.872205337485271348e-02 2.893846437829985234e+02
-8.584078467230690790e-02 9.822237928788649097e-02 -9.914553564804972074e-01 4.344443544992611095e+00 -1.925201340225946023e-02 9.947791759167876613e-01 1.002185169630642886e-01 6.850597949718240898e+02 9.961228436627688199e-01 2.769034794550878989e-02 -8.350164647391575268e-02 2.893846437829985234e+02
-8.005376548118200986e-02 9.723779279700374423e-02 -9.920363936289089413e-01 4.344443544992611095e+00 -1.849912501915219540e-02 9.949142027479678241e-01 9.901268375264479782e-02 6.850597949718240898e+02 9.966188724912893315e-01 2.627814343408672176e-02 -7.784781417514485824e-02 2.893846437829985234e+02
-7.460426320381118026e-02 9.771932927675358593e-02 -9.924137930306685673e-01 4.344443544992611095e+00 -1.747507377755222469e-02 9.949062341795783526e-01 9.927843163083788225e-02 6.850597949718240898e+02 9.970600913226266293e-01 2.474909849491997021e-02 -7.251659406924174101e-02 2.893846437829985234e+02
-6.950719999386077708e-02 9.751016793893826917e-02 -9.928043696003427954e-01 4.344443544992611095e+00 -1.861165692515992509e-02 9.949113628772641160e-01 9.902013049983689197e-02 6.850597949718240898e+02 9.974078179839540592e-01 2.536034633487160156e-02 -6.733867728328039870e-02 2.893846437829985234e+02
-6.464705284332346313e-02 9.814745202466441942e-02 -9.930699050015258100e-01 4.344443544992611095e+00 -2.385016480346163065e-02 9.947153438759327448e-01 9.986267719539816679e-02 6.850597949718240898e+02 9.976231393655217161e-01 3.014070866537102086e-02 -6.196458249378405253e-02 2.893846437829985234e+02
