1.000000000000000000e+00 0.000000000000000000e+00 0.000000000000000000e+00 -9.523876935282531875e+00 0.000000000000000000e+00 1.000000000000000000e+00 0.000000000000000000e+00 -1.503168570766695495e+02 0.000000000000000000e+00 0.000000000000000000e+00 1.000000000000000000e+00 2.019685661398021281e+01
9.999309047318730714e-01 -2.671979542173154136e-03 1.144754503917832199e-02 -9.523876935282531875e+00 2.658483847026096511e-03 9.999957534393972836e-01 1.193971024481791645e-03 -1.503168570766695495e+02 -1.145068669263590508e-02 -1.163455413158965895e-03 9.999337618791399596e-01 2.019685661398021281e+01
9.998250492536279177e-01 -4.496871207034896546e-03 1.815623954258496764e-02 -9.523876935282531875e+00 4.464013425931076182e-03 9.999883252571057923e-01 1.849846918492534459e-03 -1.503168570766695495e+02 -1.816434609650153728e-02 -1.768473589310973941e-03 9.998334506466817206e-01 2.019685661398021281e+01
9.997682981645128475e-01 -7.096093563334023024e-03 2.032228927492671020e-02 -9.523876935282531875e+00 7.085613874062556862e-03 9.999747240614162980e-01 5.876345142601296706e-04 -1.503168570766695495e+02 -2.032594551948530698e-02 -4.435024634254622540e-04 9.997933082614144373e-01 2.019685661398021281e+01
9.998236316418750436e-01 -9.037296678380865589e-03 1.646307623742671380e-02 -9.523876935282531875e+00 9.055011270519448818e-03 9.999585007284437221e-01 -1.001794297671540490e-03 -1.503168570766695495e+02 -1.645333951947647658e-02 1.150690953733383721e-03 9.998639725127543842e-01 2.019685661398021281e+01
9.998829702025872068e-01 -1.268108957452435126e-02 8.557795630569105597e-03 -9.523876935282531875e+00 1.270631478000327705e-02 9.999150669806931013e-01 -2.899722350350342898e-03 -1.503168570766695495e+02 -8.520297152281570627e-03 3.008121041536018000e-03 9.999591770388611689e-01 2.019685661398021281e+01
9.998685677964650464e-01 -1.500833356235073586e-02 -6.131643851953148643e-03 -9.523876935282531875e+00 1.497292852524945671e-02 9.998711942462709112e-01 -5.779820751122420087e-03 -1.503168570766695495e+02 6.217599538708589758e-03 5.687252431407468188e-03 9.999644976776713712e-01 2.019685661398021281e+01
9.996210066154965768e-01 -1.428185206083971114e-02 -2.353448182421105650e-02 -9.523876935282531875e+00 1.415062664853021339e-02 9.998834393184837799e-01 -5.733022073491818478e-03 -1.503168570766695495e+02 2.361361680208557204e-02 5.397821630391702076e-03 9.997065872660692021e-01 2.019685661398021281e+01
9.991142023895733804e-01 -9.457482988191620241e-03 -4.100447047548738677e-02 -9.523876935282531875e+00 9.278233707658888399e-03 9.999465609485602702e-01 -4.559564279020713110e-03 -1.503168570766695495e+02 4.104540123708272370e-02 4.175076367747380945e-03 9.991485594117676117e-01 2.019685661398021281e+01
9.981873714632720773e-01 -5.568562492358972160e-03 -5.992464069990489223e-02 -9.523876935282531875e+00 5.262046633639747700e-03 9.999722600953228069e-01 -5.271613138211155708e-03 -1.503168570766695495e+02 5.995233370327963940e-02 4.946731407935232687e-03 9.981889838762539879e-01 2.019685661398021281e+01
9.966642213699704600e-01 -5.628077330903371971e-03 -8.141716395544910945e-02 -9.523876935282531875e+00 5.147987426129167245e-03 9.999681107529294621e-01 -6.105383090245713497e-03 -1.503168570766695495e+02 8.144892919155857780e-02 5.665882347491413805e-03 9.966614117697008002e-01 2.019685661398021281e+01
9.944913264859452928e-01 -7.314891707146012334e-03 -1.045633487582459803e-01 -9.523876935282531875e+00 6.787014114701822760e-03 9.999623695502081189e-01 -5.403325174469967608e-03 -1.503168570766695495e+02 1.045989387309101126e-01 4.663887096290869616e-03 9.945035496032783584e-01 2.019685661398021281e+01
9.921536549666039040e-01 -8.386230856963829486e-03 -1.247429199130095367e-01 -9.523876935282531875e+00 7.796225202391157162e-03 9.999559988902728680e-01 -5.217198093954815430e-03 -1.503168570766695495e+02 1.247811837137450669e-01 4.203738261556439100e-03 9.921753800491247555e-01 2.019685661398021281e+01
9.898438542747481916e-01 -6.394248573996241976e-03 -1.420149912498161748e-01 -9.523876935282531875e+00 5.792588291849488577e-03 9.999724131455643983e-01 -4.649609523258939510e-03 -1.503168570766695495e+02 1.420408042619885347e-01 3.779753035794450149e-03 9.898535868458505638e-01 2.019685661398021281e+01
9.873341517241743803e-01 -4.566920725544728818e-03 -1.585888270786812160e-01 -9.523876935282531875e+00 3.843996441536675843e-03 9.999807778757522359e-01 -4.864932719434942807e-03 -1.503168570766695495e+02 1.586079964266074172e-01 4.193699332780576917e-03 9.873327282914524661e-01 2.019685661398021281e+01
9.849937015786341954e-01 -3.624618142031122564e-03 -1.725522239605872810e-01 -9.523876935282531875e+00 2.717404962132725140e-03 9.999812181640687081e-01 -5.493544336613910735e-03 -1.503168570766695495e+02 1.725688951134936311e-01 4.942212301290237197e-03 9.849850511438618117e-01 2.019685661398021281e+01
9.826659190650828268e-01 -6.738774580703601851e-03 -1.852627335033321943e-01 -9.523876935282531875e+00 5.632611334333635471e-03 9.999630342232999070e-01 -6.496451068808072396e-03 -1.503168570766695495e+02 1.852996632418216494e-01 5.340328087631220078e-03 9.826675509542293074e-01 2.019685661398021281e+01
9.807867263835835514e-01 -1.054275575512573886e-02 -1.947979662390268152e-01 -9.523876935282531875e+00 8.865535783499807476e-03 9.999157632107771310e-01 -9.479913390008231841e-03 -1.503168570766695495e+02 1.948815014952540448e-01 7.570784879941080611e-03 9.807975752372432021e-01 2.019685661398021281e+01
9.791102313731216977e-01 -9.971985667780900939e-03 -2.030854852575965652e-01 -9.523876935282531875e+00 7.895285681554144869e-03 9.999079606107434959e-01 -1.103334814422312661e-02 -1.503168570766695495e+02 2.031768177831282385e-01 9.199446130424839344e-03 9.790988463410698062e-01 2.019685661398021281e+01
9.775679384702976593e-01 -9.961901979945515795e-03 -2.103846148934714888e-01 -9.523876935282531875e+00 7.533616237177264731e-03 9.998954736037801716e-01 -1.234044136422697904e-02 -1.503168570766695495e+02 2.104855584151160974e-01 1.047866287342734924e-02 9.775408059631377489e-01 2.019685661398021281e+01
9.756884434819407259e-01 -9.647221474454705653e-03 -2.189497485123253206e-01 -9.523876935282531875e+00 6.442084544363310336e-03 9.998614612526552925e-01 -1.534789394114381179e-02 -1.503168570766695495e+02 2.190674800204515105e-01 1.356426995927717191e-02 9.756154210435379337e-01 2.019685661398021281e+01
9.740745573300187976e-01 -1.339563782033493904e-02 -2.258302762025393429e-01 -9.523876935282531875e+00 9.823945150060901799e-03 9.998083760576296219e-01 -1.693225521583726842e-02 -1.503168570766695495e+02 2.260138200730594793e-01 1.427473475732876640e-02 9.740194993343765928e-01 2.019685661398021281e+01
9.728241941612492116e-01 -1.468395680934863300e-02 -2.310789230261778293e-01 -9.523876935282531875e+00 1.074471266541828646e-02 9.997748693524340924e-01 -1.829649586835500885e-02 -1.503168570766695495e+02 2.312955650336913083e-01 1.531639721815645540e-02 9.727629565171570514e-01 2.019685661398021281e+01
9.706546906281525722e-01 -1.279257327310026095e-02 -2.401370892440780891e-01 -9.523876935282531875e+00 8.176707107572131830e-03 9.997623538119961850e-01 -2.020834879878212476e-02 -1.503168570766695495e+02 2.403385383629576821e-01 1.765179790697386439e-02 9.705286193658628768e-01 2.019685661398021281e+01
9.686413355473240117e-01 -7.649867711734988952e-03 -2.483454098490438799e-01 -9.523876935282531875e+00 2.083592532303951781e-03 9.997408640597073015e-01 -2.266855468061984916e-02 -1.503168570766695495e+02 2.484544660722682874e-01 2.144024843936965727e-02 9.684062649712680271e-01 2.019685661398021281e+01
9.661229395618157190e-01 -5.466732665667393791e-03 -2.580243796357209463e-01 -9.523876935282531875e+00 -1.202510253055709150e-03 9.996694282237182927e-01 -2.568245011587482265e-02 -1.503168570766695495e+02 2.580794831472035811e-01 2.512268116314888070e-02 9.657969927834970658e-01 2.019685661398021281e+01
9.639468247221107955e-01 -8.537275945767084859e-03 -2.659579553756307724e-01 -9.523876935282531875e+00 1.292585447952945095e-03 9.996236281514678801e-01 -2.740312508008494949e-02 -1.503168570766695495e+02 2.660918043289196011e-01 2.607138202552495079e-02 9.635950574324561035e-01 2.019685661398021281e+01
9.605354382824462522e-01 -1.023930837214308970e-02 -2.779691140533591120e-01 -9.523876935282531875e+00 1.588366012371205315e-03 9.995078538497534915e-01 -3.132933427426524975e-02 -1.503168570766695495e+02 2.781531033387185659e-01 2.965141913497772175e-02 9.600789782337290079e-01 2.019685661398021281e+01
9.579359327071080843e-01 -8.305286678210614670e-03 -2.868619372481405749e-01 -9.523876935282531875e+00 -1.239812841164677267e-03 9.994520529347047377e-01 -3.307652866794572044e-02 -1.503168570766695495e+02 2.869794621443879645e-01 3.204085045368400275e-02 9.574007375229673933e-01 2.019685661398021281e+01
9.558555683612792730e-01 -7.516391089876194899e-03 -2.937407637658079884e-01 -9.523876935282531875e+00 -2.893282279141983458e-03 9.993835544159825890e-01 -3.498771327949540266e-02 -1.503168570766695495e+02 2.938226699054881652e-01 3.429307550889921369e-02 9.552445883760614098e-01 2.019685661398021281e+01
9.522807506667095856e-01 -9.555600380257760207e-03 -3.050738638609034048e-01 -9.523876935282531875e+00 -3.111780719327463668e-03 9.991539273579755909e-01 -4.100909979365446184e-02 -1.503168570766695495e+02 3.052076157804766710e-01 4.000149930320074515e-02 9.514453170430197115e-01 2.019685661398021281e+01
9.506660572613049309e-01 -9.046887983624459645e-03 -3.100841843581469415e-01 -9.523876935282531875e+00 -6.023951946678290925e-03 9.988478173120886039e-01 -4.761039648877114783e-02 -1.503168570766695495e+02 3.101576366530245932e-01 4.712952014062629646e-02 9.495162182696638142e-01 2.019685661398021281e+01
9.494051410937418556e-01 -8.186373668498465178e-03 -3.139472270158351619e-01 -9.523876935282531875e+00 -9.462144488726563149e-03 9.984607440274152479e-01 -5.464988982507198306e-02 -1.503168570766695495e+02 3.139113662906252156e-01 5.485550038398909894e-02 9.478663029094210879e-01 2.019685661398021281e+01
9.476870837481945475e-01 -4.723378038801695662e-03 -3.191659145283926580e-01 -9.523876935282531875e+00 -1.589114864863823764e-02 9.979525025152304885e-01 -6.195380632546618194e-02 -1.503168570766695495e+02 3.188050543693897732e-01 6.378473503503107045e-02 9.456716369253338472e-01 2.019685661398021281e+01
9.460154152726452104e-01 -1.907882516157675262e-03 -3.241160194295101271e-01 -9.523876935282531875e+00 -2.187852398940149518e-02 9.973260414271609697e-01 -6.972874069758036586e-02 -1.503168570766695495e+02 3.233823808660128973e-01 7.305564369389826174e-02 9.434440675895410244e-01 2.019685661398021281e+01
9.445203596368592081e-01 1.460774066550750558e-03 -3.284496253165558044e-01 -9.523876935282531875e+00 -2.777211752119523522e-02 9.967642017960772760e-01 -7.543099831113274367e-02 -1.503168570766695495e+02 3.272766409627307360e-01 8.036785524668267622e-02 9.415046511426269360e-01 2.019685661398021281e+01
9.429592628673296728e-01 7.091262005332508826e-03 -3.328326044363366099e-01 -9.523876935282531875e+00 -3.570811534852466607e-02 9.961597383225103686e-01 -7.994189291904565953e-02 -1.503168570766695495e+02 3.309875512326098668e-01 8.726677345012517906e-02 9.395912681483606921e-01 2.019685661398021281e+01
9.417546566308645506e-01 9.627397496311047159e-03 -3.361628770871816219e-01 -9.523876935282531875e+00 -3.999810457803977537e-02 9.957015356271854412e-01 -8.353803672474638398e-02 -1.503168570766695495e+02 3.339136390509492847e-01 9.211821300431813353e-02 9.380916354432774495e-01 2.019685661398021281e+01
9.400706282496258392e-01 1.207523828601101377e-02 -3.407659057515742274e-01 -9.523876935282531875e+00 -4.448671230129794957e-02 9.951741186341097611e-01 -8.746088285308024901e-02 -1.503168570766695495e+02 3.380652989157216237e-01 9.737896190222376791e-02 9.360711465737360237e-01 2.019685661398021281e+01
9.384200572982007715e-01 1.336557687531761407e-02 -3.452378273237631801e-01 -9.523876935282531875e+00 -4.703118440344278978e-02 9.948916802108613844e-01 -8.932307843337181086e-02 -1.503168570766695495e+02 3.422803876269453482e-01 1.000595123014044879e-01 9.342549064596625819e-01 2.019685661398021281e+01
9.365017661470884658e-01 1.466957514783934560e-02 -3.503558841640408428e-01 -9.523876935282531875e+00 -4.927462523602563205e-02 9.947164778050836542e-01 -9.006186812904466710e-02 -1.503168570766695495e+02 3.471836017314674505e-01 1.016067534567762221e-01 9.322765760978548588e-01 2.019685661398021281e+01
9.348389995165895527e-01 1.438646697645903742e-02 -3.547803187195674446e-01 -9.523876935282531875e+00 -4.898128914461524069e-02 9.948512639807297608e-01 -8.872314168057621186e-02 -1.503168570766695495e+02 3.516772359658132951e-01 1.003194503766605683e-01 9.307304279863047869e-01 2.019685661398021281e+01
9.321980120991564256e-01 1.554793408362119093e-02 -3.616146125146414980e-01 -9.523876935282531875e+00 -5.047532901022343949e-02 9.948987392165372645e-01 -8.734265777183908286e-02 -1.503168570766695495e+02 3.584119241873695016e-01 9.967326848794647032e-02 9.282274140259146877e-01 2.019685661398021281e+01
9.299619567191423908e-01 1.542226248589108860e-02 -3.673321560589582480e-01 -9.523876935282531875e+00 -5.111889130302176010e-02 9.948390192487820416e-01 -8.764807317941641918e-02 -1.503168570766695495e+02 3.640846302812799085e-01 1.002869861942754376e-01 9.259508099208145770e-01 2.019685661398021281e+01
9.267903401156585286e-01 1.502142977002536746e-02 -3.752785926694576224e-01 -9.523876935282531875e+00 -5.077371808416153431e-02 9.950382529294923284e-01 -8.556228584444705576e-02 -1.503168570766695495e+02 3.721312873438814006e-01 9.835258946606843800e-02 9.229545347009807665e-01 2.019685661398021281e+01
9.237501688721384552e-01 1.210217131786883206e-02 -3.828043403072798889e-01 -9.523876935282531875e+00 -4.636016645055952151e-02 9.956844377051082828e-01 -8.039425028278644747e-02 -1.503168570766695495e+02 3.801793793400359278e-01 9.201107520971531228e-02 9.203247261501651399e-01 2.019685661398021281e+01
9.195831632132650535e-01 8.609475527189831834e-03 -3.928010728929292594e-01 -9.523876935282531875e+00 -4.291157967396665163e-02 9.959798884068741254e-01 -7.862988120877896503e-02 -1.503168570766695495e+02 3.905450067080282195e-01 8.916242942051701148e-02 9.162557824730258593e-01 2.019685661398021281e+01
9.161390663919694033e-01 1.111213230138764947e-02 -4.007065404334844705e-01 -9.523876935282531875e+00 -4.425839830429034727e-02 9.963082890526805402e-01 -7.355941370382128308e-02 -1.503168570766695495e+02 3.984098457744151833e-01 8.512528226459899205e-02 9.132487509487097199e-01 2.019685661398021281e+01
9.121477020368704558e-01 1.760001207403146320e-02 -4.094835884914743707e-01 -9.523876935282531875e+00 -5.109832113924667185e-02 9.961660508559981864e-01 -7.100817346408791475e-02 -1.503168570766695495e+02 4.066639045275727837e-01 8.569386615709188859e-02 9.095499052044582200e-01 2.019685661398021281e+01
9.078582412632048015e-01 1.776659391119916886e-02 -4.189006587620501820e-01 -9.523876935282531875e+00 -5.221492778800282397e-02 9.961148109452488963e-01 -7.091462988407552792e-02 -1.503168570766695495e+02 4.160132390760875598e-01 8.625329881399529386e-02 9.052587217790972751e-01 2.019685661398021281e+01
9.038723199330844782e-01 1.602437567820353889e-02 -4.275021036707442601e-01 -9.523876935282531875e+00 -5.096358405580067585e-02 9.962153413486819487e-01 -7.041098466650660970e-02 -1.503168570766695495e+02 4.247558620654628969e-01 8.542957945374388129e-02 9.012681313545825024e-01 2.019685661398021281e+01
8.999543385275621254e-01 1.449170081544956003e-02 -4.357432491420810128e-01 -9.523876935282531875e+00 -4.942007338555950979e-02 9.963965769902213276e-01 -6.893125349742482144e-02 -1.503168570766695495e+02 4.331741507892494236e-01 8.356944399501457788e-02 8.974276032741449471e-01 2.019685661398021281e+01
8.962561278465758230e-01 1.151126070573785590e-02 -4.433874650623652047e-01 -9.523876935282531875e+00 -4.627209878909285812e-02 9.966349181902040000e-01 -6.765894410681379256e-02 -1.503168570766695495e+02 4.411165902243051606e-01 8.115621184457222359e-02 8.937728028464061447e-01 2.019685661398021281e+01
8.924339556287919084e-01 1.082996125058442033e-02 -4.510480537371392429e-01 -9.523876935282531875e+00 -4.458766221010779240e-02 9.969351138179413097e-01 -6.428311765492783492e-02 -1.503168570766695495e+02 4.489694591165276361e-01 7.747961522949659008e-02 8.901816297837770176e-01 2.019685661398021281e+01
8.881103946673386540e-01 4.867514774124895999e-03 -4.596044322934129123e-01 -9.523876935282531875e+00 -3.754817736236523706e-02 9.973700488314981571e-01 -6.199290338910823372e-02 -1.503168570766695495e+02 4.580939437065183473e-01 7.231385063575763994e-02 8.859574740051794350e-01 2.019685661398021281e+01
8.842872676168059831e-01 3.220545306069345654e-03 -4.669321753946046871e-01 -9.523876935282531875e+00 -3.480172407002942586e-02 9.976495465714506627e-01 -5.902730069658207457e-02 -1.503168570766695495e+02 4.656445729658615917e-01 6.844713517527803437e-02 8.823208721059121462e-01 2.019685661398021281e+01
8.804739967951347168e-01 -1.204398036138398451e-03 -4.740929132490539488e-01 -9.523876935282531875e+00 -3.037709147006030855e-02 9.977986159236017505e-01 -5.895043998781010486e-02 -1.503168570766695495e+02 4.731202524532464593e-01 6.630589329997303716e-02 8.784991492495987098e-01 2.019685661398021281e+01
8.770351941181316890e-01 -2.564190865611091531e-03 -4.804192889584883441e-01 -9.523876935282531875e+00 -2.920591939824506225e-02 9.978516898806973900e-01 -5.864315198155665987e-02 -1.503168570766695495e+02 4.795375715731536870e-01 6.546319521252770557e-02 8.750761609838818567e-01 2.019685661398021281e+01
8.740013507856476682e-01 2.093579653819945593e-03 -4.859189806429660141e-01 -9.523876935282531875e+00 -3.351061476050999632e-02 9.978696627698412369e-01 -5.597476951242560256e-02 -1.503168570766695495e+02 4.847666217090842999e-01 6.520546792892165100e-02 8.722095903101109160e-01 2.019685661398021281e+01
8.711927377072561374e-01 1.689581752013399852e-04 -4.909411219477078925e-01 -9.523876935282531875e+00 -3.152022914782059287e-02 9.979560058959897617e-01 -5.559033594596415884e-02 -1.503168570766695495e+02 4.899282487473116121e-01 6.390447362471070314e-02 8.694173504883259129e-01 2.019685661398021281e+01
8.685661696251808506e-01 3.685203034238805869e-04 -4.955730755150348221e-01 -9.523876935282531875e+00 -3.252711769059449254e-02 9.978857931394102820e-01 -5.626660168576914228e-02 -1.503168570766695495e+02 4.945045961337329321e-01 6.499083045560186123e-02 8.667418279737654219e-01 2.019685661398021281e+01
8.665122548319604823e-01 -4.661827822334895823e-03 -4.991340296827992962e-01 -9.523876935282531875e+00 -2.860786067012292821e-02 9.978489325512492902e-01 -5.898388012163797295e-02 -1.503168570766695495e+02 4.983353314124066569e-01 6.538941173982133759e-02 8.645149636058397924e-01 2.019685661398021281e+01
8.651697619917382287e-01 -4.321896183787670397e-03 -5.014604711724931496e-01 -9.523876935282531875e+00 -2.924483528098310511e-02 9.978262016728857153e-01 -5.905599770084579703e-02 -1.503168570766695495e+02 5.006256311302389461e-01 6.575859235438936967e-02 8.631626642684555595e-01 2.019685661398021281e+01
8.655563333917645208e-01 -2.225058927380210629e-03 -5.008066321826990519e-01 -9.523876935282531875e+00 -3.041714822725440776e-02 9.979104665629993098e-01 -5.700436665493748001e-02 -1.503168570766695495e+02 4.998870180542084873e-01 6.457360015346090554e-02 8.636800445443277852e-01 2.019685661398021281e+01
8.660185413329500870e-01 -7.611279593190730351e-03 -4.999539523701224675e-01 -9.523876935282531875e+00 -2.455236283816092380e-02 9.980306503670138829e-01 -5.772349960848550954e-02 -1.503168570766695495e+02 4.994087179321317072e-01 6.226467177253762475e-02 8.641261731381836286e-01 2.019685661398021281e+01
8.653180540131658605e-01 -1.061573162463379238e-02 -5.011107379022571306e-01 -9.523876935282531875e+00 -2.142599062773514751e-02 9.980783654649008074e-01 -5.814209590756538870e-02 -1.503168570766695495e+02 5.007650070886451310e-01 6.104819926073253716e-02 8.634277763904346648e-01 2.019685661398021281e+01
8.654348532333997479e-01 -1.332235261071119253e-02 -5.008443168588446737e-01 -9.523876935282531875e+00 -1.954991454311706331e-02 9.979871675708809065e-01 -6.032755759352462221e-02 -1.503168570766695495e+02 5.006399061703364906e-01 6.200103454587768681e-02 8.634324270404700741e-01 2.019685661398021281e+01
8.643917239411103015e-01 -1.273297062896189095e-02 -5.026577553774344009e-01 -9.523876935282531875e+00 -2.109067070058059240e-02 9.978813898693322804e-01 -6.154604261723319730e-02 -1.503168570766695495e+02 5.023764835176084409e-01 6.380127907342164617e-02 8.622918679873283754e-01 2.019685661398021281e+01
8.621660640153107069e-01 -1.567986152423961679e-02 -5.063830763393764034e-01 -9.523876935282531875e+00 -1.798710388011143246e-02 9.979434221045068165e-01 -6.152552618503092513e-02 -1.503168570766695495e+02 5.063063718287138526e-01 6.215358574466570835e-02 8.601109170477507782e-01 2.019685661398021281e+01
8.596317672967840329e-01 -2.189460211393617212e-02 -5.104447580811097840e-01 -9.523876935282531875e+00 -1.022293756491662008e-02 9.981442311640048581e-01 -6.002987041093653386e-02 -1.503168570766695495e+02 5.108118207341661998e-01 5.682182848415237575e-02 8.578126623021845587e-01 2.019685661398021281e+01
8.571055847728511479e-01 -2.506822205298377126e-02 -5.145304663421728097e-01 -9.523876935282531875e+00 -5.711231163281737730e-03 9.982914553048889417e-01 -5.815111438174649233e-02 -1.503168570766695495e+02 5.151091130913826310e-01 5.278024733119100753e-02 8.554980111618408767e-01 2.019685661398021281e+01
8.531463137554140541e-01 -2.697387583683518927e-02 -5.209738739590413781e-01 -9.523876935282531875e+00 -3.327675081861243903e-03 9.983606075696646043e-01 -5.714038704516580247e-02 -1.503168570766695495e+02 5.216610910390971911e-01 5.048274235281498268e-02 8.516579118521918623e-01 2.019685661398021281e+01
8.479784448821501286e-01 -3.036616724261281819e-02 -5.291601391849614089e-01 -9.523876935282531875e+00 -2.291727828876106120e-03 9.981381140766608651e-01 -6.095123633722888262e-02 -1.503168570766695495e+02 5.300257588068827408e-01 5.289802561978979717e-02 8.463300147618031399e-01 2.019685661398021281e+01
8.419675744357949521e-01 -3.462037913662942279e-02 -5.384162264894549743e-01 -9.523876935282531875e+00 -7.605145737317637071e-04 9.978619697853600146e-01 -6.535220634115163074e-02 -1.503168570766695495e+02 5.395275944901155585e-01 5.543391204406582229e-02 8.401410930190225113e-01 2.019685661398021281e+01
8.360719814889295831e-01 -3.605266351311611772e-02 -5.474338747490771206e-01 -9.523876935282531875e+00 4.108686867286072452e-04 9.978792867387107357e-01 -6.509040086492622057e-02 -1.503168570766695495e+02 5.486196067915364294e-01 5.419533698985871256e-02 8.343137254609044318e-01 2.019685661398021281e+01
8.283403514634896103e-01 -3.422453374579220720e-02 -5.591788116758618088e-01 -9.523876935282531875e+00 4.500937081288674353e-04 9.981725543507534715e-01 -6.042639453532640953e-02 -1.503168570766695495e+02 5.602250079682271622e-01 4.980193802220955757e-02 8.268420087394142692e-01 2.019685661398021281e+01
8.231957562616802893e-01 -3.060579987629627463e-02 -5.669321228213262120e-01 -9.523876935282531875e+00 -4.498709912847713909e-04 9.985105151107688259e-01 -5.455775682073902427e-02 -1.503168570766695495e+02 5.677574697781219148e-01 4.516676020207403136e-02 8.219558499603194512e-01 2.019685661398021281e+01
8.179619502022031918e-01 -2.527594280417141612e-02 -5.747167778452021425e-01 -9.523876935282531875e+00 -6.229732816305262079e-03 9.985865163562420710e-01 -5.278408643269931477e-02 -1.503168570766695495e+02 5.752385926295707774e-01 4.675570624915602325e-02 8.166483119940255442e-01 2.019685661398021281e+01
8.144262481602033699e-01 -2.593779854585979636e-02 -5.796870853437152693e-01 -9.523876935282531875e+00 -8.178962334679767965e-03 9.983880939504492513e-01 -5.616331928500200438e-02 -1.503168570766695495e+02 5.802094370852872718e-01 5.048212024643449619e-02 8.129013252865298078e-01 2.019685661398021281e+01
8.111961725412158986e-01 -2.456887539650146404e-02 -5.842577684688804451e-01 -9.523876935282531875e+00 -1.356273756034500656e-02 9.980577860671510093e-01 -6.080055773262590946e-02 -1.503168570766695495e+02 5.846168162175583438e-01 5.724531450241376190e-02 8.092874348234768700e-01 2.019685661398021281e+01
8.074918190988219502e-01 -2.452567980385721852e-02 -5.893686903107741015e-01 -9.523876935282531875e+00 -1.506732650732738044e-02 9.979517158545497812e-01 -6.217192690333870481e-02 -1.503168570766695495e+02 5.896863045386084856e-01 5.908353284216447121e-02 8.054683099827616433e-01 2.019685661398021281e+01
8.050430054078669961e-01 -2.463676336418739107e-02 -5.927046392047300438e-01 -9.523876935282531875e+00 -1.256888420844341422e-02 9.982045418418379334e-01 -5.856377545952530517e-02 -1.503168570766695495e+02 5.930832847026007437e-01 5.459599378393983210e-02 8.032879277501409065e-01 2.019685661398021281e+01
8.018393557371739089e-01 -2.556732540790592964e-02 -5.969924283125233044e-01 -9.523876935282531875e+00 -8.925818729804271129e-03 9.984602261680420865e-01 -5.474948876891573557e-02 -1.503168570766695495e+02 5.974729929888036306e-01 4.922894099959088804e-02 8.003764951677788675e-01 2.019685661398021281e+01
7.992849494494256302e-01 -2.060998088583395824e-02 -6.005986998583310310e-01 -9.523876935282531875e+00 -1.196831375610961021e-02 9.986675925758367045e-01 -5.019759959012500689e-02 -1.503168570766695495e+02 6.008330292597657829e-01 4.731033953229220324e-02 7.979733095310080904e-01 2.019685661398021281e+01
7.936853487541772889e-01 -1.496902247761777889e-02 -6.081443048644185057e-01 -9.523876935282531875e+00 -1.834612866137183898e-02 9.986534879516683061e-01 -4.852453570204927347e-02 -1.503168570766695495e+02 6.080517960964363366e-01 4.967030670353924510e-02 7.923420182571863091e-01 2.019685661398021281e+01
7.889936853140997464e-01 -1.295608105935293006e-02 -6.142646860255446262e-01 -9.523876935282531875e+00 -2.257411402756973398e-02 9.984912866600984538e-01 -5.005556751973462559e-02 -1.503168570766695495e+02 6.139864606897673660e-01 5.336000775333472890e-02 7.875108479647844328e-01 2.019685661398021281e+01
7.847725461969324856e-01 -1.444381129851189313e-02 -6.196155477800394662e-01 -9.523876935282531875e+00 -2.327363242288516335e-02 9.983365406351939475e-01 -5.274930962950460239e-02 -1.503168570766695495e+02 6.193467435689230527e-01 5.581691453061456837e-02 7.831309490007719587e-01 2.019685661398021281e+01
7.817569742945660316e-01 -1.762485219275932921e-02 -6.233340979980082075e-01 -9.523876935282531875e+00 -2.103725845291595439e-02 9.982860876354316959e-01 -5.461063074456915661e-02 -1.503168570766695495e+02 6.232282622752212120e-01 5.580548197729213317e-02 7.800463327794620039e-01 2.019685661398021281e+01
7.755212243342053391e-01 -1.711520732038275192e-02 -6.310894550581223061e-01 -9.523876935282531875e+00 -2.160169700014507449e-02 9.983277206631693268e-01 -5.362022791993832638e-02 -1.503168570766695495e+02 6.309518185201551388e-01 5.521622799370251577e-02 7.738546186928483284e-01 2.019685661398021281e+01
7.705049989437834368e-01 -1.745303404553462390e-02 -6.371949766007641847e-01 -9.523876935282531875e+00 -2.071739111475990811e-02 9.984113233427258649e-01 -5.239865576916762080e-02 -1.503168570766695495e+02 6.370971953383881559e-01 5.357444375467717429e-02 7.689193343051879959e-01 2.019685661398021281e+01
7.635495292315096494e-01 -1.973206037253280240e-02 -6.454477222856992435e-01 -9.523876935282531875e+00 -1.933316999336663622e-02 9.983864340413307614e-01 -5.339247943516244738e-02 -1.503168570766695495e+02 6.454597934405746917e-01 5.324635307400279322e-02 7.619360084258822718e-01 2.019685661398021281e+01
7.574456990636282416e-01 -2.136652553827835324e-02 -6.525484537997445766e-01 -9.523876935282531875e+00 -1.961852864555569537e-02 9.982682230396077161e-01 -5.545870718938106236e-02 -1.503168570766695495e+02 6.526033453053987632e-01 5.480899976970993875e-02 7.557147922599128931e-01 2.019685661398021281e+01
7.523851757471887725e-01 -2.185314646425405571e-02 -6.583608336660735638e-01 -9.523876935282531875e+00 -2.017245184210685049e-02 9.982164301534935946e-01 -5.618746086346047830e-02 -1.503168570766695495e+02 6.584144739467323593e-01 5.555536482840200269e-02 7.506024126901191806e-01 2.019685661398021281e+01
7.469327631826055969e-01 -2.086920260811939154e-02 -6.645719853160400037e-01 -9.523876935282531875e+00 -2.244496782982921892e-02 9.981462633158159070e-01 -5.657084450299076223e-02 -1.503168570766695495e+02 6.645206322632266627e-01 5.717091403121755955e-02 7.450797379377015472e-01 2.019685661398021281e+01
7.409543719204289003e-01 -2.415880033135143698e-02 -6.711206829613843849e-01 -9.523876935282531875e+00 -2.082233121123189257e-02 9.980457371917250686e-01 -5.891635593234623158e-02 -1.503168570766695495e+02 6.712324852500322070e-01 5.762862864902310034e-02 7.390033098065909023e-01 2.019685661398021281e+01
7.344519832297148332e-01 -2.470064710480673192e-02 -6.782110013576491125e-01 -9.523876935282531875e+00 -2.082734424436869305e-02 9.980463849667644549e-01 -5.890360928237618060e-02 -1.503168570766695495e+02 6.783409954157770816e-01 5.738720665242457580e-02 7.325026979137773120e-01 2.019685661398021281e+01
7.281288947484049201e-01 -2.607358891135845916e-02 -6.849441441415139442e-01 -9.523876935282531875e+00 -1.914739595837852346e-02 9.981125752767667780e-01 -5.834950130364826432e-02 -1.503168570766695495e+02 6.851727445400042082e-01 5.560085463059770416e-02 7.262553649398145739e-01 2.019685661398021281e+01
7.208737815595761544e-01 -3.218781908306058565e-02 -6.923185216088586502e-01 -9.523876935282531875e+00 -1.471795840652312046e-02 9.979847275242293980e-01 -6.172410654456068901e-02 -1.503168570766695495e+02 6.929100755223167596e-01 5.468480530326987749e-02 7.189472854866334472e-01 2.019685661398021281e+01
7.118978636510920888e-01 -3.861568851686356801e-02 -7.012205504186133087e-01 -9.523876935282531875e+00 -1.282173558489963991e-02 9.976060369047018428e-01 -6.795438343385877544e-02 -1.503168570766695495e+02 7.021659596032866490e-01 5.736744487645797919e-02 7.096984862902977476e-01 2.019685661398021281e+01
7.042504249088782364e-01 -2.801384824773035104e-02 -7.093987336625439122e-01 -9.523876935282531875e+00 -2.187063690988385115e-02 9.978908966383688295e-01 -6.111819407850951902e-02 -1.503168570766695495e+02 7.096146942227331555e-01 5.855751627771996204e-02 7.021524072667981731e-01 2.019685661398021281e+01
6.981578937220720427e-01 -2.049999318678560195e-02 -7.156502677376045396e-01 -9.523876935282531875e+00 -2.800119618423491108e-02 9.980433122915910449e-01 -5.590599075476313656e-02 -1.503168570766695495e+02 7.153960360847789746e-01 5.907027229801345425e-02 6.962177924218988512e-01 2.019685661398021281e+01
6.906957722741043915e-01 -1.033434704248976238e-02 -7.230716087870457942e-01 -9.523876935282531875e+00 -3.538793629732161355e-02 9.982168837809689554e-01 -4.807022882428066413e-02 -1.503168570766695495e+02 7.222790625009818388e-01 5.878991585133917785e-02 6.890984702253326599e-01 2.019685661398021281e+01
6.853532833129263313e-01 -1.053550340299700197e-02 -7.281345206898512945e-01 -9.523876935282531875e+00 -3.568714288780047011e-02 9.982079947809123777e-01 -4.803360269609548150e-02 -1.503168570766695495e+02 7.273357580132433498e-01 5.890502799851842636e-02 6.837491446369734494e-01 2.019685661398021281e+01
6.807248610025344870e-01 -1.477085126295667704e-02 -7.323902549638755533e-01 -9.523876935282531875e+00 -3.362811609691438580e-02 9.981125429162207574e-01 -5.138581011405894683e-02 -1.503168570766695495e+02 7.317669119472776096e-01 5.960850296957135447e-02 6.789433061404099856e-01 2.019685661398021281e+01
6.751695805171501474e-01 -1.764489062634487168e-02 -7.374514867969842458e-01 -9.523876935282531875e+00 -3.422093429261090919e-02 9.978883218285764523e-01 -5.520710836729515736e-02 -1.503168570766695495e+02 7.368683499787722635e-01 6.251043907158139457e-02 6.731400150092388124e-01 2.019685661398021281e+01
6.709771125959539395e-01 -1.288254886765289632e-02 -7.413661405183487041e-01 -9.523876935282531875e+00 -4.070493470040835449e-02 9.977013369190510517e-01 -5.417703019697039934e-02 -1.503168570766695495e+02 7.403599277806938161e-01 6.652880762948218396e-02 6.689103789686356993e-01 2.019685661398021281e+01
6.659266085176404060e-01 -1.436338361306151688e-02 -7.458789749546368419e-01 -9.523876935282531875e+00 -4.043841183768792646e-02 9.976497053295053652e-01 -5.531546170815537095e-02 -1.503168570766695495e+02 7.449204567712183200e-01 6.699819898418950259e-02 6.637806523367737466e-01 2.019685661398021281e+01
6.603220666923675930e-01 -1.797304272482512164e-02 -7.507674326809428145e-01 -9.523876935282531875e+00 -3.742629359865673466e-02 9.976837406977074885e-01 -5.680163813559025582e-02 -1.503168570766695495e+02 7.500493589001919759e-01 6.560581744503378443e-02 6.581199251890025304e-01 2.019685661398021281e+01
6.549513026824965722e-01 -2.156679989545341389e-02 -7.553632664200530256e-01 -9.523876935282531875e+00 -3.440631982020481844e-02 9.977049363931110859e-01 -5.831865098952083992e-02 -1.503168570766695495e+02 7.548874063533791423e-01 6.418514656115760497e-02 6.527061135687247662e-01 2.019685661398021281e+01
6.494287195028390913e-01 -2.254231292665241637e-02 -7.600882727768015767e-01 -9.523876935282531875e+00 -3.476208905215429079e-02 9.976354386691831388e-01 -5.928852060952863323e-02 -1.503168570766695495e+02 7.596274978235281194e-01 6.492592424643137128e-02 6.471094875761834730e-01 2.019685661398021281e+01
6.441290143336545482e-01 -3.393176002848696110e-02 -7.641638885441573992e-01 -9.523876935282531875e+00 -2.709424788282385754e-02 9.973765888542706071e-01 -6.712556694041037220e-02 -1.503168570766695495e+02 7.644368611109886302e-01 6.394197108923461992e-02 6.415198435808520117e-01 2.019685661398021281e+01
6.397359842936160002e-01 -3.959941961688608070e-02 -7.675739419534034491e-01 -9.523876935282531875e+00 -2.395412830561541306e-02 9.971594832402318476e-01 -7.140843592448187227e-02 -1.503168570766695495e+02 7.682213679252865024e-01 6.406911073261721545e-02 6.369702339300729044e-01 2.019685661398021281e+01
6.334433232580055639e-01 -4.133169326489223583e-02 -7.726844422865739581e-01 -9.523876935282531875e+00 -2.297902971237804001e-02 9.971272058301180463e-01 -7.217547773923828347e-02 -1.503168570766695495e+02 7.734478136327840314e-01 6.347461323447489701e-02 6.306738087644031543e-01 2.019685661398021281e+01
6.301520686148982531e-01 -5.187113309734734529e-02 -7.747372173657107730e-01 -9.523876935282531875e+00 -1.657711691450204292e-02 9.966400003900346416e-01 -8.021165013477046801e-02 -1.503168570766695495e+02 7.762947697976392281e-01 6.338844668972964946e-02 6.271748840722916052e-01 2.019685661398021281e+01
6.249914897112531786e-01 -5.447931146639599376e-02 -7.787282211469277460e-01 -9.523876935282531875e+00 -1.765464295422845484e-02 9.963202004930441502e-01 -8.387116114402509703e-02 -1.503168570766695495e+02 7.804319005337169157e-01 6.616693064994952356e-02 6.217298335432314138e-01 2.019685661398021281e+01
6.221555151545764550e-01 -5.932770789018040891e-02 -7.806425161616826758e-01 -9.523876935282531875e+00 -1.659114122001407662e-02 9.959014858634434031e-01 -8.890986721388795255e-02 -1.503168570766695495e+02 7.827178604042220877e-01 6.826751446676926349e-02 6.186212876007138872e-01 2.019685661398021281e+01
6.155116615735249930e-01 -6.781828919119722854e-02 -7.852044791760797171e-01 -9.523876935282531875e+00 -1.299177212868378624e-02 9.952823708246096857e-01 -9.614684697216659137e-02 -1.503168570766695495e+02 7.880206902892565868e-01 6.938070320277345271e-02 6.117268260417644266e-01 2.019685661398021281e+01
6.070610920061858540e-01 -7.321607363352355957e-02 -7.912750704615610919e-01 -9.523876935282531875e+00 -1.063458232586872269e-02 9.949087763955732910e-01 -1.002169262640133091e-01 -1.503168570766695495e+02 7.945840019979091284e-01 6.925267657456875281e-02 6.031917858826030265e-01 2.019685661398021281e+01
5.995584127612058056e-01 -7.947104417057031245e-02 -7.963755789988182787e-01 -9.523876935282531875e+00 -4.371238689656394005e-03 9.947177601365305710e-01 -1.025547168162999206e-01 -1.503168570766695495e+02 8.003190625991507545e-01 6.496869097797540460e-02 5.960440145098550024e-01 2.019685661398021281e+01
5.921557616249829570e-01 -8.772782549270274899e-02 -8.010339459777332527e-01 -9.523876935282531875e+00 1.325450192566905066e-03 9.941609846242530635e-01 -1.078989334178670212e-01 -1.503168570766695495e+02 8.058224352524102629e-01 6.283124449863412841e-02 5.888144338912111309e-01 2.019685661398021281e+01
5.838535209250942382e-01 -9.039433235846781878e-02 -8.068109634733757751e-01 -9.523876935282531875e+00 1.754290228163920846e-03 9.939202542363594350e-01 -1.100883767003443398e-01 -1.503168570766695495e+02 8.118571232483997591e-01 6.286010576022994789e-02 5.804624178486019748e-01 2.019685661398021281e+01
5.737562020164242993e-01 -8.968323332947619742e-02 -8.141011843175630647e-01 -9.523876935282531875e+00 -1.184361759590050892e-03 9.938949232649594290e-01 -1.103244251983825502e-01 -1.503168570766695495e+02 8.190252852842287989e-01 6.426351350261449991e-02 5.701471589838774667e-01 2.019685661398021281e+01
5.625538764093905852e-01 -9.303636549912708276e-02 -8.215092031325520461e-01 -9.523876935282531875e+00 -1.802818807489639909e-03 9.935077880197261679e-01 -1.137498351141177089e-01 -1.503168570766695495e+02 8.267586624772172987e-01 6.547144292631215667e-02 5.587339296839146652e-01 2.019685661398021281e+01
5.532225980300876644e-01 -9.495311539434057868e-02 -8.276041704255416853e-01 -9.523876935282531875e+00 -1.593416473740585882e-03 9.933600630869515724e-01 -1.150358469687598056e-01 -1.503168570766695495e+02 8.330319429966556166e-01 6.495914824554446798e-02 5.493979350219936331e-01 2.019685661398021281e+01
5.441372970814544185e-01 -9.907312472691737204e-02 -8.331261116312065340e-01 -9.523876935282531875e+00 1.912723481915807027e-03 9.931473596097212253e-01 -1.168531710699904497e-01 -1.503168570766695495e+02 8.389940067806043178e-01 6.199062878431037260e-02 5.405980193537095468e-01 2.019685661398021281e+01
5.303991971689726581e-01 -1.028835611314120185e-01 -8.414818265960520849e-01 -9.523876935282531875e+00 3.756538349384990361e-03 9.928839240810801714e-01 -1.190268949480629140e-01 -1.503168570766695495e+02 8.477396888562790389e-01 5.997071077005292766e-02 5.270113222574960288e-01 2.019685661398021281e+01
5.211970654546345116e-01 -1.041514118922965693e-01 -8.470573194077944956e-01 -9.523876935282531875e+00 4.197774416725771549e-03 9.928263146106562909e-01 -1.194917892851214136e-01 -1.503168570766695495e+02 8.534260352552092144e-01 5.872301437642189759e-02 5.178953658135218019e-01 2.019685661398021281e+01
5.111173736657360633e-01 -1.039357221835640888e-01 -8.532036075821646248e-01 -9.523876935282531875e+00 2.521773171383280554e-03 9.928388021277103626e-01 -1.194351441146081494e-01 -1.503168570766695495e+02 8.595072256805723621e-01 5.889379121592263483e-02 5.077192633327022309e-01 2.019685661398021281e+01
5.003009220956793346e-01 -1.029055928101302309e-01 -8.597147354318219747e-01 -9.523876935282531875e+00 8.447615456793878229e-04 9.929698800234928457e-01 -1.183642840727440748e-01 -1.503168570766695495e+02 8.658511845162227827e-01 5.849150651604573953e-02 4.968706772766315338e-01 2.019685661398021281e+01
4.907979305192364250e-01 -1.016595587543413365e-01 -8.653223246351074982e-01 -9.523876935282531875e+00 -2.040517238237273163e-03 9.930328053926529286e-01 -1.178205572189754968e-01 -1.503168570766695495e+02 8.712710414603698217e-01 5.959179077574969924e-02 4.871710077423564988e-01 2.019685661398021281e+01
