1.000000000000000000e+00 0.000000000000000000e+00 0.000000000000000000e+00 -3.204057376150966974e+00 0.000000000000000000e+00 1.000000000000000000e+00 0.000000000000000000e+00 6.286777570117287439e+00 0.000000000000000000e+00 0.000000000000000000e+00 1.000000000000000000e+00 7.953802510517092195e+00
9.999268000000000045e-01 -3.092411000000000205e-03 1.169424999999999978e-02 -3.204057376150966974e+00 3.079218999999999793e-03 9.999945999999999557e-01 1.146026000000000076e-03 6.286777570117287439e+00 -1.169772999999999993e-02 -1.109933000000000013e-03 9.999310000000000143e-01 7.953802510517092195e+00
9.998143000000000447e-01 -5.167712999999999994e-03 1.856599999999999917e-02 -3.204057376150966974e+00 5.141246000000000357e-03 9.999856999999999774e-01 1.473071999999999966e-03 6.286777570117287439e+00 -1.857334999999999889e-02 -1.377345000000000088e-03 9.998266000000000098e-01 7.953802510517092195e+00
9.997542000000000373e-01 -8.010200999999999780e-03 2.067128999999999842e-02 -3.204057376150966974e+00 8.008308000000000440e-03 9.999679000000000206e-01 1.744435999999999979e-04 6.286777570117287439e+00 -2.067201999999999928e-02 -8.857983000000000737e-06 9.997863000000000167e-01 7.953802510517092195e+00
9.997747999999999635e-01 -9.463067000000000353e-03 1.899365000000000081e-02 -3.204057376150966974e+00 9.496345999999999260e-03 9.999535000000000506e-01 -1.662555000000000022e-03 6.286777570117287439e+00 -1.897702999999999890e-02 1.842550999999999998e-03 9.998181999999999903e-01 7.953802510517092195e+00
9.998510999999999926e-01 -1.185842999999999967e-02 1.253961999999999959e-02 -3.204057376150966974e+00 1.189537000000000060e-02 9.999251000000000111e-01 -2.875295999999999842e-03 6.286777570117287439e+00 -1.250458999999999946e-02 3.024030999999999941e-03 9.999173000000000089e-01 7.953802510517092195e+00
9.999012000000000455e-01 -1.405063999999999966e-02 5.041622000000000161e-04 -3.204057376150966974e+00 1.405302999999999934e-02 9.998882000000000048e-01 -5.094791999999999897e-03 6.286777570117287439e+00 -4.325204000000000136e-04 5.101373000000000192e-03 9.999869000000000119e-01 7.953802510517092195e+00
9.997888000000000330e-01 -1.342619999999999925e-02 -1.555878999999999943e-02 -3.204057376150966974e+00 1.334533000000000073e-02 9.998968999999999774e-01 -5.289822999999999921e-03 6.286777570117287439e+00 1.562821000000000002e-02 5.081068999999999690e-03 9.998650000000000038e-01 7.953802510517092195e+00
9.993602000000000318e-01 -8.848875000000000837e-03 -3.465391000000000304e-02 -3.204057376150966974e+00 8.679166000000000311e-03 9.999495999999999940e-01 -5.044683000000000327e-03 6.286777570117287439e+00 3.469681000000000154e-02 4.740687999999999847e-03 9.993866000000000138e-01 7.953802510517092195e+00
9.985195999999999517e-01 -5.196825999999999876e-03 -5.414519999999999750e-02 -3.204057376150966974e+00 4.866004000000000163e-03 9.999687000000000436e-01 -6.239968000000000251e-03 6.286777570117287439e+00 5.417592999999999714e-02 5.967260000000000272e-03 9.985136000000000012e-01 7.953802510517092195e+00
9.972366000000000286e-01 -4.507958000000000277e-03 -7.415362999999999816e-02 -3.204057376150966974e+00 4.012606000000000159e-03 9.999685999999999853e-01 -6.827704999999999885e-03 6.286777570117287439e+00 7.418209000000000608e-02 6.511287999999999625e-03 9.972235000000000404e-01 7.953802510517092195e+00
9.954564999999999664e-01 -5.949697999999999792e-03 -9.503163000000000582e-02 -3.204057376150966974e+00 5.379006000000000412e-03 9.999658999999999631e-01 -6.260340999999999996e-03 6.286777570117287439e+00 9.506564000000000680e-02 5.720722000000000133e-03 9.954545999999999673e-01 7.953802510517092195e+00
9.933378000000000485e-01 -7.329142000000000295e-03 -1.150053000000000047e-01 -3.204057376150966974e+00 6.752021000000000411e-03 9.999626000000000348e-01 -5.406982000000000281e-03 6.286777570117287439e+00 1.150406000000000067e-01 4.594441999999999797e-03 9.933501999999999610e-01 7.953802510517092195e+00
9.910849999999999937e-01 -6.260087000000000117e-03 -1.330839000000000050e-01 -3.204057376150966974e+00 5.657284999999999744e-03 9.999719000000000246e-01 -4.907149999999999880e-03 6.286777570117287439e+00 1.331109000000000042e-01 4.110510000000000379e-03 9.910925999999999902e-01 7.953802510517092195e+00
9.888527999999999762e-01 -4.731324000000000293e-03 -1.488211000000000117e-01 -3.204057376150966974e+00 4.211142000000000184e-03 9.999837999999999782e-01 -3.810277999999999842e-03 6.286777570117287439e+00 1.488366999999999885e-01 3.141098000000000154e-03 9.888567999999999802e-01 7.953802510517092195e+00
9.866848999999999759e-01 -3.759229000000000216e-03 -1.626003000000000032e-01 -3.204057376150966974e+00 3.153903000000000002e-03 9.999871000000000176e-01 -3.980763000000000010e-03 6.286777570117287439e+00 1.626132000000000133e-01 3.414933000000000204e-03 9.866840000000000055e-01 7.953802510517092195e+00
9.845819999999999572e-01 -4.884308999999999873e-03 -1.748552999999999913e-01 -3.204057376150966974e+00 4.143075999999999877e-03 9.999808000000000030e-01 -4.603916000000000432e-03 6.286777570117287439e+00 1.748744000000000132e-01 3.808494999999999849e-03 9.845833999999999975e-01 7.953802510517092195e+00
9.827221000000000428e-01 -8.432072999999999999e-03 -1.848951000000000067e-01 -3.204057376150966974e+00 7.289575000000000395e-03 9.999498999999999471e-01 -6.858084000000000402e-03 6.286777570117287439e+00 1.849436999999999887e-01 5.391784000000000160e-03 9.827342999999999495e-01 7.953802510517092195e+00
9.812037000000000120e-01 -8.176022999999999277e-03 -1.928016999999999925e-01 -3.204057376150966974e+00 6.568660999999999944e-03 9.999381000000000519e-01 -8.974631000000000275e-03 6.286777570117287439e+00 1.928631000000000095e-01 7.539493000000000410e-03 9.811967000000000327e-01 7.953802510517092195e+00
9.797396000000000438e-01 -7.236125999999999843e-03 -2.001446000000000058e-01 -3.204057376150966974e+00 5.215484999999999739e-03 9.999299999999999855e-01 -1.062133000000000001e-02 6.286777570117287439e+00 2.002075000000000105e-01 9.362287999999999860e-03 9.797088000000000463e-01 7.953802510517092195e+00
9.780320000000000125e-01 -7.866009000000000195e-03 -2.083062999999999998e-01 -3.204057376150966974e+00 5.207469999999999634e-03 9.998979000000000061e-01 -1.330798000000000050e-02 6.286777570117287439e+00 2.083897000000000110e-01 1.193087999999999961e-02 9.779731000000000396e-01 7.953802510517092195e+00
9.763062999999999603e-01 -1.149733000000000005e-02 -2.160875999999999908e-01 -3.204057376150966974e+00 8.487619000000000066e-03 9.998536999999999564e-01 -1.485107999999999914e-02 6.286777570117287439e+00 2.162266999999999939e-01 1.266513000000000014e-02 9.762610000000000454e-01 7.953802510517092195e+00
9.744447000000000525e-01 -1.794209000000000082e-02 -2.239098999999999950e-01 -3.204057376150966974e+00 1.460498999999999999e-02 9.997563000000000422e-01 -1.655111999999999903e-02 6.286777570117287439e+00 2.241524000000000016e-01 1.285794999999999993e-02 9.744692999999999827e-01 7.953802510517092195e+00
9.723895000000000177e-01 -1.882262000000000171e-02 -2.326034999999999908e-01 -3.204057376150966974e+00 1.511868000000000066e-02 9.997291000000000372e-01 -1.769654999999999839e-02 6.286777570117287439e+00 2.328735999999999862e-01 1.369128000000000012e-02 9.724106000000000138e-01 7.953802510517092195e+00
9.703810000000000491e-01 -1.477646999999999988e-02 -2.411272999999999889e-01 -3.204057376150966974e+00 9.627659999999999690e-03 9.997000999999999804e-01 -2.251734999999999848e-02 6.286777570117287439e+00 2.413877000000000106e-01 1.952891000000000002e-02 9.702323000000000475e-01 7.953802510517092195e+00
9.682174999999999532e-01 -1.175727000000000022e-02 -2.498331000000000024e-01 -3.204057376150966974e+00 5.410027999999999886e-03 9.996452999999999589e-01 -2.607748999999999831e-02 6.286777570117287439e+00 2.500511000000000261e-01 2.389708000000000110e-02 9.679377000000000120e-01 7.953802510517092195e+00
9.659984999999999822e-01 -1.382598999999999981e-02 -2.581776000000000071e-01 -3.204057376150966974e+00 6.935713999999999942e-03 9.995954999999999702e-01 -2.757988999999999927e-02 6.286777570117287439e+00 2.584544999999999759e-01 2.485147999999999871e-02 9.657037000000000537e-01 7.953802510517092195e+00
9.636099999999999666e-01 -1.701692999999999956e-02 -2.667699000000000042e-01 -3.204057376150966974e+00 9.362842999999999166e-03 9.995079000000000047e-01 -2.993753000000000039e-02 6.286777570117287439e+00 2.671480999999999995e-01 2.635037000000000143e-02 9.632952000000000181e-01 7.953802510517092195e+00
9.613945000000000407e-01 -1.660121000000000166e-02 -2.746726999999999919e-01 -3.204057376150966974e+00 7.991665000000000227e-03 9.994418999999999942e-01 -3.243425999999999948e-02 6.286777570117287439e+00 2.750579000000000218e-01 2.898703000000000043e-02 9.609906000000000281e-01 7.953802510517092195e+00
9.591271000000000102e-01 -1.549079000000000081e-02 -2.825514000000000081e-01 -3.204057376150966974e+00 5.603768999999999764e-03 9.993444000000000216e-01 -3.576661999999999897e-02 6.286777570117287439e+00 2.829203000000000134e-01 3.272138000000000130e-02 9.585850999999999678e-01 7.953802510517092195e+00
9.567949000000000037e-01 -1.642719999999999944e-02 -2.902991999999999795e-01 -3.204057376150966974e+00 4.781739000000000128e-03 9.991567000000000087e-01 -4.077933999999999726e-02 6.286777570117287439e+00 2.907242999999999911e-01 3.762933000000000250e-02 9.560667000000000471e-01 7.953802510517092195e+00
9.549986000000000308e-01 -1.796301999999999968e-02 -2.960657999999999901e-01 -3.204057376150966974e+00 3.863449000000000137e-03 9.988331000000000293e-01 -4.813954000000000150e-02 6.286777570117287439e+00 2.965850999999999904e-01 4.482934999999999698e-02 9.539537000000000155e-01 7.953802510517092195e+00
9.537103000000000108e-01 -1.848288999999999835e-02 -3.001582999999999890e-01 -3.204057376150966974e+00 1.619282000000000100e-03 9.984106000000000369e-01 -5.633424000000000070e-02 6.286777570117287439e+00 3.007225000000000037e-01 5.324050000000000310e-02 9.522245000000000292e-01 7.953802510517092195e+00
9.524709999999999566e-01 -1.858297999999999894e-02 -3.040617999999999932e-01 -3.204057376150966974e+00 -1.216389999999999919e-03 9.978976999999999986e-01 -6.479764000000000357e-02 6.286777570117287439e+00 3.046267999999999754e-01 6.208771999999999902e-02 9.504460000000000131e-01 7.953802510517092195e+00
9.511735000000000051e-01 -1.798415999999999904e-02 -3.081323000000000256e-01 -3.204057376150966974e+00 -5.045062000000000331e-03 9.972617999999999761e-01 -7.377885000000000693e-02 6.286777570117287439e+00 3.086153999999999842e-01 7.173103000000000118e-02 9.484784000000000548e-01 7.953802510517092195e+00
9.498370999999999897e-01 -1.765624000000000013e-02 -3.122463999999999795e-01 -3.204057376150966974e+00 -8.048061000000000451e-03 9.966945000000000388e-01 -8.084073999999999427e-02 6.286777570117287439e+00 3.126416000000000195e-01 7.929849999999999399e-02 9.465552999999999884e-01 7.953802510517092195e+00
9.481933000000000167e-01 -1.538123999999999915e-02 -3.173213999999999757e-01 -3.204057376150966974e+00 -1.300717000000000019e-02 9.961101999999999457e-01 -8.715050000000000574e-02 6.286777570117287439e+00 3.174275999999999764e-01 8.676296000000000008e-02 9.443049999999999500e-01 7.953802510517092195e+00
9.465822999999999876e-01 -1.443547000000000059e-02 -3.221390000000000087e-01 -3.204057376150966974e+00 -1.649625000000000050e-02 9.955216000000000065e-01 -9.308366999999999336e-02 6.286777570117287439e+00 3.220400999999999958e-01 9.342543000000000375e-02 9.421049999999999702e-01 7.953802510517092195e+00
9.449062000000000294e-01 -1.222398000000000061e-02 -3.271127999999999814e-01 -3.204057376150966974e+00 -2.114985999999999949e-02 9.949346000000000023e-01 -9.827402000000000359e-02 6.286777570117287439e+00 3.266571999999999809e-01 9.977809999999999457e-02 9.398613999999999580e-01 7.953802510517092195e+00
9.431819000000000175e-01 -9.610001999999999434e-03 -3.321378999999999859e-01 -3.204057376150966974e+00 -2.563137000000000054e-02 9.944990999999999692e-01 -1.015608000000000066e-01 6.286777570117287439e+00 3.312868999999999953e-01 1.043034000000000044e-01 9.377472000000000030e-01 7.953802510517092195e+00
9.414124999999999854e-01 -8.075799999999999298e-03 -3.371604999999999741e-01 -3.204057376150966974e+00 -2.826313999999999910e-02 9.943075000000000108e-01 -1.027317999999999981e-01 6.286777570117287439e+00 3.360709000000000057e-01 1.062421999999999950e-01 9.358252999999999711e-01 7.953802510517092195e+00
9.391912000000000038e-01 -7.945913000000000628e-03 -3.433026000000000133e-01 -3.204057376150966974e+00 -2.886858000000000132e-02 9.943661999999999779e-01 -1.019923999999999970e-01 6.286777570117287439e+00 3.421789000000000081e-01 1.057010000000000033e-01 9.336706999999999645e-01 7.953802510517092195e+00
9.368680999999999814e-01 -7.519302000000000277e-03 -3.496021000000000267e-01 -3.204057376150966974e+00 -2.946951999999999905e-02 9.945142999999999622e-01 -1.003629999999999939e-01 6.286777570117287439e+00 3.484388999999999958e-01 1.043295000000000056e-01 9.315071999999999797e-01 7.953802510517092195e+00
9.342878000000000016e-01 -7.529036999999999709e-03 -3.564402999999999877e-01 -3.204057376150966974e+00 -2.950745999999999925e-02 9.947137999999999813e-01 -9.835504000000000469e-02 6.286777570117287439e+00 3.552966000000000180e-01 1.024095000000000005e-01 9.291268000000000304e-01 7.953802510517092195e+00
9.310994000000000215e-01 -6.948835999999999902e-03 -3.646993000000000040e-01 -3.204057376150966974e+00 -3.003737999999999894e-02 9.949622000000000188e-01 -9.564487000000000683e-02 6.286777570117287439e+00 3.635265999999999775e-01 1.000095000000000012e-01 9.262000000000000233e-01 7.953802510517092195e+00
9.277391999999999861e-01 -5.077232999999999573e-03 -3.731946999999999903e-01 -3.204057376150966974e+00 -3.070041000000000089e-02 9.954809000000000019e-01 -8.986262999999999890e-02 6.286777570117287439e+00 3.719644999999999757e-01 9.482628999999999364e-02 9.233907000000000087e-01 7.953802510517092195e+00
9.242863999999999525e-01 -1.524339999999999896e-03 -3.816965999999999970e-01 -3.204057376150966974e+00 -3.317487999999999687e-02 9.958871000000000251e-01 -8.431083999999999801e-02 6.286777570117287439e+00 3.802553000000000183e-01 9.059008999999999812e-02 9.204343000000000385e-01 7.953802510517092195e+00
9.206242999999999510e-01 2.247455000000000199e-03 -3.904431999999999903e-01 -3.204057376150966974e+00 -3.648772000000000126e-02 9.961025999999999492e-01 -8.030049000000000214e-02 6.286777570117287439e+00 3.887411000000000061e-01 8.817294999999999994e-02 9.171183000000000529e-01 7.953802510517092195e+00
9.168007999999999713e-01 3.486620000000000170e-03 -3.993296000000000068e-01 -3.204057376150966974e+00 -3.796477000000000185e-02 9.961938000000000182e-01 -7.846345000000000403e-02 6.286777570117287439e+00 3.975361000000000034e-01 8.709580000000000100e-02 9.134436999999999696e-01 7.953802510517092195e+00
9.127707000000000459e-01 3.235865000000000095e-03 -4.084593999999999725e-01 -3.204057376150966974e+00 -3.828631999999999869e-02 9.962440999999999658e-01 -7.766478999999999744e-02 6.286777570117287439e+00 4.066739999999999799e-01 8.652854000000000101e-02 9.094664000000000081e-01 7.953802510517092195e+00
9.088635999999999937e-01 3.268539999999999900e-03 -4.170807000000000264e-01 -3.204057376150966974e+00 -3.875321000000000321e-02 9.963054000000000077e-01 -7.663965000000000360e-02 6.286777570117287439e+00 4.152892999999999724e-01 8.581819000000000253e-02 9.056324000000000041e-01 7.953802510517092195e+00
9.048829999999999929e-01 4.608140000000000153e-03 -4.256353999999999971e-01 -3.204057376150966974e+00 -4.021676999999999891e-02 9.963939000000000545e-01 -7.471170000000000588e-02 6.286777570117287439e+00 4.237562000000000273e-01 8.472301999999999611e-02 9.018051999999999735e-01 7.953802510517092195e+00
9.011219000000000312e-01 3.561205000000000013e-03 -4.335512999999999728e-01 -3.204057376150966974e+00 -3.882329999999999809e-02 9.966120000000000534e-01 -7.250673000000000534e-02 6.286777570117287439e+00 4.318241999999999914e-01 8.216927999999999732e-02 8.982071999999999834e-01 7.953802510517092195e+00
8.972016999999999909e-01 4.003363999999999708e-03 -4.416029000000000204e-01 -3.204057376150966974e+00 -3.820143000000000150e-02 9.969141999999999726e-01 -6.857602000000000142e-02 6.286777570117287439e+00 4.399657000000000151e-01 7.839635999999999827e-02 8.945859999999999923e-01 7.953802510517092195e+00
8.934531000000000001e-01 6.286260999999999585e-03 -4.491125000000000256e-01 -3.204057376150966974e+00 -3.863652000000000059e-02 9.972714000000000301e-01 -6.290361999999999343e-02 6.286777570117287439e+00 4.474916999999999923e-01 7.355356999999999867e-02 8.912582000000000004e-01 7.953802510517092195e+00
8.896268999999999982e-01 6.524173000000000298e-03 -4.566413999999999751e-01 -3.204057376150966974e+00 -3.732651000000000024e-02 9.975912999999999586e-01 -5.846646999999999955e-02 6.286777570117287439e+00 4.551601000000000119e-01 6.905817000000000205e-02 8.877275999999999501e-01 7.953802510517092195e+00
8.858289999999999775e-01 5.849285000000000075e-03 -4.639749000000000234e-01 -3.204057376150966974e+00 -3.614491999999999705e-02 9.977521000000000306e-01 -5.642994999999999955e-02 6.286777570117287439e+00 4.626019000000000103e-01 6.675760999999999501e-02 8.840491999999999795e-01 7.953802510517092195e+00
8.825642000000000209e-01 4.764471999999999631e-03 -4.701677000000000217e-01 -3.204057376150966974e+00 -3.498797000000000018e-02 9.978418000000000010e-01 -5.556515000000000065e-02 6.286777570117287439e+00 4.688882999999999801e-01 6.549001999999999601e-02 8.808262000000000036e-01 7.953802510517092195e+00
8.793579000000000256e-01 5.398334999999999766e-03 -4.761309000000000236e-01 -3.204057376150966974e+00 -3.522843999999999975e-02 9.979329000000000116e-01 -5.374831000000000053e-02 6.286777570117287439e+00 4.748566000000000176e-01 6.403733999999999815e-02 8.777302999999999633e-01 7.953802510517092195e+00
8.764051999999999953e-01 4.444601999999999754e-03 -4.815538999999999792e-01 -3.204057376150966974e+00 -3.365615000000000273e-02 9.980776000000000092e-01 -5.204062000000000271e-02 6.286777570117287439e+00 4.803969000000000156e-01 6.181591000000000169e-02 8.748700999999999839e-01 7.953802510517092195e+00
8.737376999999999505e-01 3.155668999999999835e-03 -4.863872000000000195e-01 -3.204057376150966974e+00 -3.246567000000000203e-02 9.981273000000000506e-01 -5.184495000000000076e-02 6.286777570117287439e+00 4.853126999999999858e-01 6.108977000000000157e-02 8.722039000000000319e-01 7.953802510517092195e+00
8.716007000000000060e-01 2.167155000000000036e-03 -4.902117999999999753e-01 -3.204057376150966974e+00 -3.196712000000000165e-02 9.981130000000000280e-01 -5.242528999999999939e-02 6.286777570117287439e+00 4.891731999999999747e-01 6.136457000000000023e-02 8.700253000000000014e-01 7.953802510517092195e+00
8.701921000000000239e-01 2.319481999999999881e-03 -4.927072000000000118e-01 -3.204057376150966974e+00 -3.265581000000000039e-02 9.980615999999999932e-01 -5.297637000000000179e-02 6.286777570117287439e+00 4.916292999999999913e-01 6.218935999999999908e-02 8.685810999999999948e-01 7.953802510517092195e+00
8.697487000000000412e-01 2.525149999999999877e-03 -4.934883999999999937e-01 -3.204057376150966974e+00 -3.229971000000000231e-02 9.981339999999999657e-01 -5.181923000000000085e-02 6.286777570117287439e+00 4.924367000000000050e-01 6.100922999999999763e-02 8.682073000000000151e-01 7.953802510517092195e+00
8.696348999999999885e-01 2.975155000000000161e-03 -4.936864999999999726e-01 -3.204057376150966974e+00 -3.195057999999999926e-02 9.982246999999999648e-01 -5.026564000000000032e-02 6.286777570117287439e+00 4.926605000000000012e-01 5.948631000000000058e-02 8.681860999999999606e-01 7.953802510517092195e+00
8.694144000000000316e-01 1.873861000000000103e-03 -4.940800000000000192e-01 -3.204057376150966974e+00 -3.037505999999999887e-02 9.983039999999999692e-01 -4.966368000000000171e-02 6.286777570117287439e+00 4.931490000000000040e-01 5.818601999999999802e-02 8.679968000000000128e-01 7.953802510517092195e+00
8.687730999999999648e-01 1.966426999999999867e-05 -4.952103999999999950e-01 -3.204057376150966974e+00 -2.858147999999999939e-02 9.983349999999999724e-01 -5.010231999999999880e-02 6.286777570117287439e+00 4.943849000000000160e-01 5.768138999999999905e-02 8.673271999999999649e-01 7.953802510517092195e+00
8.676926999999999834e-01 -2.580071000000000187e-03 -4.970942999999999889e-01 -3.204057376150966974e+00 -2.612420000000000020e-02 9.983680000000000332e-01 -5.078239999999999837e-02 6.286777570117287439e+00 4.964140000000000219e-01 5.704970000000000180e-02 8.662092000000000125e-01 7.953802510517092195e+00
8.661086999999999536e-01 -3.152817000000000033e-03 -4.998457000000000039e-01 -3.204057376150966974e+00 -2.470117000000000146e-02 9.984884000000000537e-01 -4.909905999999999993e-02 6.286777570117287439e+00 4.992449999999999943e-01 5.487188999999999955e-02 8.647217000000000375e-01 7.953802510517092195e+00
8.640267000000000364e-01 -2.135530000000000067e-03 -5.034414999999999862e-01 -3.204057376150966974e+00 -2.364756999999999970e-02 9.987150999999999668e-01 -4.482131999999999783e-02 6.286777570117287439e+00 5.028903999999999597e-01 5.063198000000000004e-02 8.628660000000000219e-01 7.953802510517092195e+00
8.612121999999999833e-01 -2.515559000000000111e-03 -5.082394000000000078e-01 -3.204057376150966974e+00 -2.112709000000000115e-02 9.989462000000000064e-01 -4.074421000000000292e-02 6.286777570117287439e+00 5.078063999999999911e-01 4.582702999999999777e-02 8.602514999999999468e-01 7.953802510517092195e+00
8.573169999999999957e-01 -2.322739999999999787e-03 -5.147836000000000078e-01 -3.204057376150966974e+00 -2.029803999999999983e-02 9.990596000000000476e-01 -3.831203999999999860e-02 6.286777570117287439e+00 5.143885000000000263e-01 4.329464999999999703e-02 8.564637000000000500e-01 7.953802510517092195e+00
8.520813000000000415e-01 -5.804947999999999879e-03 -5.233771999999999869e-01 -3.204057376150966974e+00 -1.816237999999999880e-02 9.990084000000000186e-01 -4.064949000000000340e-02 6.286777570117287439e+00 5.230941999999999537e-01 4.414243999999999807e-02 8.511309999999999709e-01 7.953802510517092195e+00
8.459794000000000480e-01 -9.821908000000000721e-03 -5.331251000000000184e-01 -3.204057376150966974e+00 -1.617193999999999923e-02 9.988976999999999995e-01 -4.406510000000000288e-02 6.286777570117287439e+00 5.329703000000000079e-01 4.589983000000000257e-02 8.448881000000000308e-01 7.953802510517092195e+00
8.398031000000000246e-01 -1.033534000000000015e-02 -5.427927999999999642e-01 -3.204057376150966974e+00 -1.601771000000000097e-02 9.989118000000000164e-01 -4.380276000000000308e-02 6.286777570117287439e+00 5.426547999999999927e-01 4.547998000000000318e-02 8.387236000000000136e-01 7.953802510517092195e+00
8.339495000000000102e-01 -6.907957999999999633e-03 -5.517975999999999992e-01 -3.204057376150966974e+00 -1.727628000000000150e-02 9.991046999999999567e-01 -3.861801000000000123e-02 6.286777570117287439e+00 5.515704000000000162e-01 4.173846999999999974e-02 8.330834999999999768e-01 7.953802510517092195e+00
8.287115999999999927e-01 -1.605836000000000026e-03 -5.596735999999999933e-01 -3.204057376150966974e+00 -2.050625000000000017e-02 9.992372999999999950e-01 -3.323076999999999975e-02 6.286777570117287439e+00 5.593000999999999667e-01 3.901552999999999966e-02 8.280465999999999660e-01 7.953802510517092195e+00
8.244740999999999875e-01 -1.420809000000000091e-03 -5.658978999999999537e-01 -3.204057376150966974e+00 -2.183703999999999854e-02 9.991721000000000075e-01 -3.432369999999999866e-02 6.286777570117287439e+00 5.654782000000000419e-01 4.065653000000000322e-02 8.237605999999999540e-01 7.953802510517092195e+00
8.208828000000000236e-01 -4.306568999999999675e-03 -5.710804999999999909e-01 -3.204057376150966974e+00 -2.223179000000000127e-02 9.989725999999999884e-01 -3.948978000000000210e-02 6.286777570117287439e+00 5.706639000000000017e-01 4.511261999999999911e-02 8.199437000000000531e-01 7.953802510517092195e+00
8.179644999999999833e-01 -6.412379999999999643e-03 -5.752329000000000470e-01 -3.204057376150966974e+00 -2.497150000000000064e-02 9.985994999999999733e-01 -4.664059000000000260e-02 6.286777570117287439e+00 5.747265000000000290e-01 5.251477000000000228e-02 8.166588999999999654e-01 7.953802510517092195e+00
8.145803000000000349e-01 -6.933136999999999807e-03 -5.800092999999999499e-01 -3.204057376150966974e+00 -2.492186999999999875e-02 9.985869000000000550e-01 -4.693752999999999814e-02 6.286777570117287439e+00 5.795150999999999497e-01 5.268930000000000141e-02 8.132565000000000488e-01 7.953802510517092195e+00
8.111072999999999755e-01 -6.174055000000000341e-03 -5.848649000000000209e-01 -3.204057376150966974e+00 -2.436094000000000107e-02 9.987200000000000522e-01 -4.432731000000000171e-02 6.286777570117287439e+00 5.843899000000000177e-01 5.020204999999999806e-02 8.099186000000000440e-01 7.953802510517092195e+00
8.078623999999999805e-01 -2.799690000000000078e-03 -5.893644999999999579e-01 -3.204057376150966974e+00 -2.439165999999999904e-02 9.989730999999999472e-01 -3.817998000000000225e-02 6.286777570117287439e+00 5.888662000000000063e-01 4.521974000000000132e-02 8.069646000000000319e-01 7.953802510517092195e+00
8.047634000000000176e-01 -1.072405999999999924e-03 -5.935947999999999780e-01 -3.204057376150966974e+00 -2.455639000000000086e-02 9.990820999999999730e-01 -3.509719000000000033e-02 6.286777570117287439e+00 5.930876000000000481e-01 4.282147000000000037e-02 8.039984000000000020e-01 7.953802510517092195e+00
8.016398000000000135e-01 -7.168066000000000498e-04 -5.978069999999999773e-01 -3.204057376150966974e+00 -2.557653999999999830e-02 9.990425000000000555e-01 -3.549523000000000261e-02 6.286777570117287439e+00 5.972600000000000131e-01 4.374422000000000033e-02 8.008539000000000074e-01 7.953802510517092195e+00
7.980945999999999874e-01 -1.906616000000000083e-03 -6.025291000000000396e-01 -3.204057376150966974e+00 -2.569410999999999917e-02 9.989776000000000211e-01 -3.719487999999999961e-02 6.286777570117287439e+00 6.019841000000000220e-01 4.516647000000000023e-02 7.972297000000000411e-01 7.953802510517092195e+00
7.940433999999999548e-01 -4.490123999999999851e-03 -6.078445000000000098e-01 -3.204057376150966974e+00 -2.469164000000000081e-02 9.989090999999999942e-01 -3.963425000000000281e-02 6.286777570117287439e+00 6.073593999999999937e-01 4.647997999999999713e-02 7.930663000000000018e-01 7.953802510517092195e+00
7.896376000000000506e-01 -5.883987999999999718e-03 -6.135452999999999601e-01 -3.204057376150966974e+00 -2.381542000000000034e-02 9.989065999999999779e-01 -4.023028000000000021e-02 6.286777570117287439e+00 6.131111999999999673e-01 4.637916999999999734e-02 7.886339999999999462e-01 7.953802510517092195e+00
7.851232999999999684e-01 -5.698289999999999952e-03 -6.193132000000000081e-01 -3.204057376150966974e+00 -2.355687000000000059e-02 9.989592999999999945e-01 -3.905520999999999993e-02 6.286777570117287439e+00 6.188913000000000331e-01 4.525222999999999746e-02 7.841721000000000386e-01 7.953802510517092195e+00
7.801529000000000380e-01 -5.230775000000000008e-03 -6.255669999999999842e-01 -3.204057376150966974e+00 -2.393247000000000083e-02 9.989835000000000242e-01 -3.819965000000000166e-02 6.286777570117287439e+00 6.251309999999999922e-01 4.477292000000000077e-02 7.792346999999999468e-01 7.953802510517092195e+00
7.747574999999999878e-01 -6.527503999999999945e-03 -6.322248000000000312e-01 -3.204057376150966974e+00 -2.367156000000000121e-02 9.989460999999999480e-01 -3.932200000000000278e-02 6.286777570117287439e+00 6.318152000000000212e-01 4.543076000000000059e-02 7.737865000000000437e-01 7.953802510517092195e+00
7.692225000000000312e-01 -8.108736999999999542e-03 -6.389295000000000391e-01 -3.204057376150966974e+00 -2.299429000000000056e-02 9.989204999999999890e-01 -4.036080000000000223e-02 6.286777570117287439e+00 6.385672000000000015e-01 4.573815999999999993e-02 7.682056999999999913e-01 7.953802510517092195e+00
7.635463000000000111e-01 -9.127523000000000233e-03 -6.456884999999999986e-01 -3.204057376150966974e+00 -2.273017999999999914e-02 9.989006000000000274e-01 -4.099968999999999836e-02 6.286777570117287439e+00 6.453529000000000071e-01 4.598177999999999988e-02 7.624994000000000494e-01 7.953802510517092195e+00
7.578106999999999482e-01 -1.050981999999999958e-02 -6.523898000000000197e-01 -3.204057376150966974e+00 -2.224842000000000139e-02 9.988725999999999994e-01 -4.193514999999999743e-02 6.286777570117287439e+00 6.520951000000000386e-01 4.629354000000000108e-02 7.567224999999999646e-01 7.953802510517092195e+00
7.515981000000000467e-01 -1.253176999999999937e-02 -6.595022999999999858e-01 -3.204057376150966974e+00 -2.142437999999999981e-02 9.988282000000000549e-01 -4.339578000000000185e-02 6.286777570117287439e+00 6.592732999999999510e-01 4.674560999999999994e-02 7.504488999999999743e-01 7.953802510517092195e+00
7.453404999999999614e-01 -1.321772000000000051e-02 -6.665529000000000037e-01 -3.204057376150966974e+00 -2.063560999999999868e-02 9.988669999999999494e-01 -4.288227000000000011e-02 6.286777570117287439e+00 6.663645000000000262e-01 4.571661999999999948e-02 7.442233000000000320e-01 7.953802510517092195e+00
7.390352000000000032e-01 -1.353693000000000084e-02 -6.735307999999999851e-01 -3.204057376150966974e+00 -1.966365000000000127e-02 9.989386000000000099e-01 -4.165317000000000325e-02 6.286777570117287439e+00 6.733797999999999728e-01 4.402723000000000053e-02 7.379845999999999906e-01 7.953802510517092195e+00
7.325426999999999911e-01 -1.349798999999999964e-02 -6.805871999999999478e-01 -3.204057376150966974e+00 -1.927295999999999870e-02 9.989913000000000265e-01 -4.055709999999999871e-02 6.286777570117287439e+00 6.804481999999999475e-01 4.282673000000000035e-02 7.315437000000000189e-01 7.953802510517092195e+00
7.260756999999999906e-01 -1.543598000000000019e-02 -6.874415000000000386e-01 -3.204057376150966974e+00 -1.787203000000000055e-02 9.989865999999999469e-01 -4.130791999999999797e-02 6.286777570117287439e+00 6.873825000000000074e-01 4.227865000000000095e-02 7.250640000000000418e-01 7.953802510517092195e+00
7.194909000000000443e-01 -1.708223999999999854e-02 -6.942916999999999561e-01 -3.204057376150966974e+00 -1.775565999999999950e-02 9.989181999999999784e-01 -4.297733000000000109e-02 6.286777570117287439e+00 6.942749000000000281e-01 4.324940000000000034e-02 7.184093000000000284e-01 7.953802510517092195e+00
7.133848999999999885e-01 -1.644260000000000166e-02 -7.005795000000000217e-01 -3.204057376150966974e+00 -1.919797000000000170e-02 9.988909000000000260e-01 -4.299284999999999912e-02 6.286777570117287439e+00 7.005093999999999488e-01 4.412014999999999687e-02 7.122779999999999667e-01 7.953802510517092195e+00
7.078765000000000196e-01 -1.558862999999999915e-02 -7.061640999999999613e-01 -3.204057376150966974e+00 -1.972174999999999970e-02 9.989303999999999961e-01 -4.182104999999999850e-02 6.286777570117287439e+00 7.060608000000000439e-01 4.353093000000000240e-02 7.068119999999999958e-01 7.953802510517092195e+00
7.028425999999999840e-01 -1.503626999999999915e-02 -7.111865000000000547e-01 -3.204057376150966974e+00 -2.087974000000000080e-02 9.989097000000000115e-01 -4.175423999999999802e-02 6.286777570117287439e+00 7.110389000000000292e-01 4.419603999999999894e-02 7.017622999999999500e-01 7.953802510517092195e+00
6.978988000000000413e-01 -1.609744000000000105e-02 -7.160153999999999685e-01 -3.204057376150966974e+00 -2.079239000000000087e-02 9.988706000000000529e-01 -4.272288999999999948e-02 6.286777570117287439e+00 7.158944999999999892e-01 4.470392000000000116e-02 6.967759000000000036e-01 7.953802510517092195e+00
6.926487999999999534e-01 -1.780251000000000056e-02 -7.210552999999999546e-01 -3.204057376150966974e+00 -2.147030000000000119e-02 9.987433999999999479e-01 -4.528295999999999710e-02 6.286777570117287439e+00 7.209554000000000240e-01 4.684645999999999949e-02 6.913962000000000163e-01 7.953802510517092195e+00
6.875324000000000435e-01 -2.030697000000000058e-02 -7.258696999999999511e-01 -3.204057376150966974e+00 -2.112817999999999988e-02 9.986262000000000194e-01 -4.794990999999999837e-02 6.286777570117287439e+00 7.258461999999999970e-01 4.830341999999999969e-02 6.861589000000000160e-01 7.953802510517092195e+00
6.824175000000000102e-01 -2.114368000000000150e-02 -7.306567999999999952e-01 -3.204057376150966974e+00 -2.154098000000000124e-02 9.985657000000000005e-01 -4.901521999999999823e-02 6.286777570117287439e+00 7.306451999999999947e-01 4.918789999999999968e-02 6.809832999999999581e-01 7.953802510517092195e+00
6.774179000000000173e-01 -2.029179000000000052e-02 -7.353184999999999860e-01 -3.204057376150966974e+00 -2.142542999999999878e-02 9.986509999999999554e-01 -4.729703999999999853e-02 6.286777570117287439e+00 7.352864000000000066e-01 4.779437000000000269e-02 6.760692999999999842e-01 7.953802510517092195e+00
6.722415000000000473e-01 -2.004618000000000025e-02 -7.400605000000000100e-01 -3.204057376150966974e+00 -2.098919999999999952e-02 9.987154000000000309e-01 -4.611819000000000335e-02 6.286777570117287439e+00 7.400343000000000337e-01 4.653583000000000025e-02 6.709572000000000314e-01 7.953802510517092195e+00
6.671160999999999897e-01 -2.124206000000000011e-02 -7.446507999999999461e-01 -3.204057376150966974e+00 -1.993251000000000051e-02 9.987264999999999615e-01 -4.634697000000000122e-02 6.286777570117287439e+00 7.446871000000000462e-01 4.576155999999999974e-02 6.658431999999999684e-01 7.953802510517092195e+00
6.622093000000000007e-01 -2.216481000000000007e-02 -7.489911000000000207e-01 -3.204057376150966974e+00 -1.912888999999999909e-02 9.987365999999999744e-01 -4.646803000000000045e-02 6.286777570117287439e+00 7.490748000000000406e-01 4.509892000000000067e-02 6.609485999999999972e-01 7.953802510517092195e+00
6.576916999999999902e-01 -2.323860000000000162e-02 -7.529287000000000063e-01 -3.204057376150966974e+00 -1.800770000000000148e-02 9.987532999999999550e-01 -4.655572999999999656e-02 6.286777570117287439e+00 7.530719999999999636e-01 4.417783000000000126e-02 6.564533000000000174e-01 7.953802510517092195e+00
6.537986999999999549e-01 -2.382555000000000089e-02 -7.562932999999999462e-01 -3.204057376150966974e+00 -1.710334000000000160e-02 9.987833999999999879e-01 -4.625018000000000185e-02 6.286777570117287439e+00 7.564752000000000143e-01 4.317344000000000043e-02 6.525957999999999481e-01 7.953802510517092195e+00
6.498156000000000487e-01 -2.593029999999999988e-02 -7.596494000000000302e-01 -3.204057376150966974e+00 -1.455253999999999923e-02 9.988103000000000398e-01 -4.654242000000000101e-02 6.286777570117287439e+00 7.599525999999999781e-01 4.129880999999999830e-02 6.486652000000000529e-01 7.953802510517092195e+00
6.455087999999999937e-01 -3.066920999999999883e-02 -7.631367999999999485e-01 -3.204057376150966974e+00 -1.116925000000000036e-02 9.987074999999999703e-01 -4.958405999999999925e-02 6.286777570117287439e+00 7.636711000000000471e-01 4.053061000000000164e-02 6.443320000000000158e-01 7.953802510517092195e+00
6.404573999999999545e-01 -3.548947000000000213e-02 -7.671732999999999469e-01 -3.204057376150966974e+00 -6.858730000000000382e-03 9.986275000000000013e-01 -5.192241000000000217e-02 6.286777570117287439e+00 7.679631000000000096e-01 3.851592000000000210e-02 6.393349999999999866e-01 7.953802510517092195e+00
6.339647999999999950e-01 -3.935732000000000119e-02 -7.723598000000000408e-01 -3.204057376150966974e+00 -1.638041999999999927e-03 9.986336000000000102e-01 -5.223214999999999802e-02 6.286777570117287439e+00 7.733602000000000531e-01 3.437849999999999934e-02 6.330341000000000440e-01 7.953802510517092195e+00
6.255041999999999547e-01 -4.266600000000000253e-02 -7.790532999999999486e-01 -3.204057376150966974e+00 2.937217000000000213e-03 9.986253999999999964e-01 -5.233290000000000164e-02 6.286777570117287439e+00 7.802152999999999450e-01 3.044619999999999965e-02 6.247696999999999834e-01 7.953802510517092195e+00
6.162967000000000306e-01 -4.426734000000000224e-02 -7.862689000000000483e-01 -3.204057376150966974e+00 6.310455999999999878e-03 9.986644000000000077e-01 -5.127903000000000322e-02 6.286777570117287439e+00 7.874887999999999888e-01 2.664137999999999923e-02 6.157529999999999948e-01 7.953802510517092195e+00
6.073442999999999481e-01 -4.248918000000000139e-02 -7.933016000000000512e-01 -3.204057376150966974e+00 6.689869000000000197e-03 9.988067999999999946e-01 -4.837433000000000011e-02 6.286777570117287439e+00 7.944105999999999668e-01 2.407279000000000016e-02 6.069039999999999990e-01 7.953802510517092195e+00
5.981988000000000305e-01 -4.203976000000000240e-02 -8.002441999999999611e-01 -3.204057376150966974e+00 6.320426999999999990e-03 9.988394000000000439e-01 -4.774805000000000021e-02 6.286777570117287439e+00 8.013228000000000018e-01 2.350495000000000015e-02 5.977702999999999767e-01 7.953802510517092195e+00
5.885635000000000172e-01 -4.399804999999999688e-02 -8.072529000000000510e-01 -3.204057376150966974e+00 5.492000000000000354e-03 9.987125000000000030e-01 -5.042908000000000113e-02 6.286777570117287439e+00 8.084324000000000510e-01 2.524728000000000042e-02 5.880473999999999979e-01 7.953802510517092195e+00
5.784770000000000190e-01 -4.577276999999999735e-02 -8.144133999999999540e-01 -3.204057376150966974e+00 6.190303000000000298e-03 9.986418999999999713e-01 -5.173007000000000299e-02 6.286777570117287439e+00 8.156752000000000447e-01 2.488318999999999948e-02 5.779746999999999524e-01 7.953802510517092195e+00
5.684993000000000407e-01 -4.744551999999999797e-02 -8.213144999999999474e-01 -3.204057376150966974e+00 6.431293000000000253e-03 9.985614000000000434e-01 -5.323305999999999871e-02 6.286777570117287439e+00 8.226586000000000176e-01 2.498084999999999889e-02 5.679866000000000081e-01 7.953802510517092195e+00
5.581987000000000476e-01 -4.826769000000000198e-02 -8.283021999999999885e-01 -3.204057376150966974e+00 8.995736000000000704e-03 9.985998000000000374e-01 -5.212917000000000245e-02 6.286777570117287439e+00 8.296586000000000238e-01 2.164724999999999983e-02 5.578513000000000499e-01 7.953802510517092195e+00
5.476275000000000448e-01 -4.823125999999999802e-02 -8.353310000000000457e-01 -3.204057376150966974e+00 1.046799999999999987e-02 9.986540000000000417e-01 -5.079877000000000004e-02 6.286777570117287439e+00 8.366567999999999783e-01 1.907456000000000082e-02 5.473953000000000291e-01 7.953802510517092195e+00
5.371293999999999791e-01 -4.842119000000000284e-02 -8.421089000000000491e-01 -3.204057376150966974e+00 1.073060999999999980e-02 9.986623999999999501e-01 -5.057861999999999775e-02 6.286777570117287439e+00 8.434315999999999480e-01 1.813091999999999829e-02 5.369306000000000356e-01 7.953802510517092195e+00
5.267133000000000509e-01 -4.963825999999999655e-02 -8.485924999999999718e-01 -3.204057376150966974e+00 1.031529999999999947e-02 9.985933000000000170e-01 -5.200993000000000283e-02 6.286777570117287439e+00 8.499805000000000277e-01 1.864083000000000059e-02 5.264843999999999635e-01 7.953802510517092195e+00
5.164916999999999980e-01 -5.044851999999999670e-02 -8.548048000000000313e-01 -3.204057376150966974e+00 8.987047999999999218e-03 9.985273999999999539e-01 -5.350052000000000280e-02 6.286777570117287439e+00 8.562450000000000339e-01 1.995040999999999828e-02 5.161845000000000461e-01 7.953802510517092195e+00
5.064670000000000005e-01 -5.110641999999999963e-02 -8.607434999999999947e-01 -3.204057376150966974e+00 7.655844000000000191e-03 9.984690999999999983e-01 -5.477909999999999724e-02 6.286777570117287439e+00 8.622254000000000307e-01 2.115409000000000039e-02 5.060829000000000022e-01 7.953802510517092195e+00
4.966546000000000016e-01 -5.105675999999999964e-02 -8.664452999999999738e-01 -3.204057376150966974e+00 6.786521000000000220e-03 9.984661999999999704e-01 -5.494622999999999868e-02 6.286777570117287439e+00 8.679217999999999655e-01 2.140914999999999832e-02 4.962392999999999943e-01 7.953802510517092195e+00
