1.000000000000000000e+00 0.000000000000000000e+00 0.000000000000000000e+00 5.522198430834716874e+02 0.000000000000000000e+00 1.000000000000000000e+00 0.000000000000000000e+00 1.737946609855461588e+02 0.000000000000000000e+00 0.000000000000000000e+00 1.000000000000000000e+00 -1.888379429810036925e+01
9.998571657576492688e-01 2.889772736310143586e-03 1.665224599304633221e-02 5.522198430834716874e+02 -2.858236816631689464e-03 9.999940772376904041e-01 -1.917282410119212866e-03 1.737946609855461588e+02 -1.665768787618794253e-02 1.869412493961844068e-03 9.998595034961396122e-01 -1.888379429810036925e+01
9.992796323641198741e-01 5.213883753046409837e-03 3.759031468927934161e-02 5.522198430834716874e+02 -5.163828146632129697e-03 9.999856469215692156e-01 -1.428576117270821287e-03 1.737946609855461588e+02 -3.759722358235226269e-02 1.233437092237237801e-03 9.992922132248593936e-01 -1.888379429810036925e+01
9.978930756304990046e-01 6.925784399377074747e-03 6.450924832267536380e-02 5.522198430834716874e+02 -6.940278267986256695e-03 9.999759159785877038e-01 5.894958645973012272e-07 1.737946609855461588e+02 -6.450769059783632853e-02 -4.483003880594875392e-04 9.979171092232538287e-01 -1.888379429810036925e+01
9.951958376656484528e-01 6.116440670754640097e-03 9.771301779440191848e-02 5.522198430834716874e+02 -6.451176646334891296e-03 9.999743543720815975e-01 3.110131511082188643e-03 1.737946609855461588e+02 -9.769148894783916126e-02 -3.725553872860024648e-03 9.952097734827034525e-01 -1.888379429810036925e+01
9.906539855093688951e-01 2.007862689888882148e-03 1.363841980649576624e-01 5.522198430834716874e+02 -2.868211264577733705e-03 9.999772078018632770e-01 6.112057013049500449e-03 1.737946609855461588e+02 -1.363688173980577845e-01 -6.446112332838368347e-03 9.906371653018309908e-01 -1.888379429810036925e+01
9.840598831712900063e-01 5.740185439015967539e-04 1.778364890443415169e-01 5.522198430834716874e+02 -1.696574483789387413e-03 9.999795860324958152e-01 6.160288410384344437e-03 1.737946609855461588e+02 -1.778293225762498653e-01 -6.363805543023656579e-03 9.840407684700275270e-01 -1.888379429810036925e+01
9.748294915142005079e-01 5.341124173540486714e-04 2.229510645816493164e-01 5.522198430834716874e+02 -2.204975341807365475e-03 9.999713204519684595e-01 7.245436997732384622e-03 1.737946609855461588e+02 -2.229408005680144911e-01 -7.554667264129906468e-03 9.748027115496863404e-01 -1.888379429810036925e+01
9.626620740789954001e-01 7.649595698192903368e-04 2.707049056939728193e-01 5.522198430834716874e+02 -3.637704111829084905e-03 9.999422706922928006e-01 1.011050896521192149e-02 1.737946609855461588e+02 -2.706815439565856130e-01 -1.071774787898046449e-02 9.626092829604757650e-01 -1.888379429810036925e+01
9.476738848108386959e-01 -1.681291151903726048e-03 3.192356203615046017e-01 5.522198430834716874e+02 -4.114274615603320286e-03 9.998387606557810336e-01 1.747928587495720804e-02 1.737946609855461588e+02 -3.192135347881094320e-01 -1.787808575808962075e-02 9.475141652016113580e-01 -1.888379429810036925e+01
9.305055612194261805e-01 -8.410634375658641512e-03 3.661811870769964838e-01 5.522198430834716874e+02 -1.451388337075027466e-03 9.996438131770292168e-01 2.664845678051260339e-02 1.737946609855461588e+02 -3.662748885899965168e-01 -2.532800833636228086e-02 9.301619203031793459e-01 -1.888379429810036925e+01
9.091180087522965358e-01 -1.392430706510941474e-02 4.163058489080044833e-01 5.522198430834716874e+02 6.045880552324306954e-04 9.994841657235306043e-01 3.210976395461162536e-02 1.737946609855461588e+02 -4.165382102947353671e-01 -2.893987112434949147e-02 9.086574729917561433e-01 -1.888379429810036925e+01
8.832904000539402167e-01 -1.513912014318209709e-02 4.685817711070704994e-01 5.522198430834716874e+02 -1.523046909583482440e-03 9.993805580217530737e-01 3.515935972454515418e-02 1.737946609855461588e+02 -4.688237936588329213e-01 -3.176959693510551103e-02 8.827201953110171972e-01 -1.888379429810036925e+01
8.550822887980299436e-01 -1.805326696798714714e-02 5.181779220843971689e-01 5.522198430834716874e+02 -3.179494847586012817e-03 9.991922786943125967e-01 4.005846989315290513e-02 1.737946609855461588e+02 -5.184825649879027942e-01 -3.590083215538504569e-02 8.543342203459457496e-01 -1.888379429810036925e+01
8.228546108116699953e-01 -2.259981560187239100e-02 5.678023756561221269e-01 5.522198430834716874e+02 -3.533792697531079781e-03 9.989859983970548196e-01 4.488304040290970465e-02 1.737946609855461588e+02 -5.682409715738079292e-01 -3.893871263151595791e-02 8.219403718539770587e-01 -1.888379429810036925e+01
7.865799195561335999e-01 -2.945591004339343996e-02 6.167855214858580792e-01 5.522198430834716874e+02 -1.716791940963305384e-03 9.987533925214723274e-01 4.988700785054089176e-02 1.737946609855461588e+02 -6.174860992577059227e-01 -4.029901103456551281e-02 7.855487934769791458e-01 -1.888379429810036925e+01
7.479820002866628403e-01 -3.439944945004190513e-02 6.628269797803170160e-01 5.522198430834716874e+02 -1.601666018279828459e-03 9.985595505584394793e-01 5.363076220315943221e-02 1.737946609855461588e+02 -6.637170797208156170e-01 -4.117647223913140780e-02 7.468494736028211678e-01 -1.888379429810036925e+01
7.079700787707238208e-01 -4.043748597795027155e-02 7.050838087016032540e-01 5.522198430834716874e+02 8.590731217985182310e-04 9.984080289266928920e-01 5.639742696334729133e-02 1.737946609855461588e+02 -7.062419058359152846e-01 -3.932197226103695264e-02 7.068777496418705564e-01 -1.888379429810036925e+01
6.661935748472892493e-01 -4.440175108773793816e-02 7.444559122826095443e-01 5.522198430834716874e+02 1.685328469119459034e-03 9.983131578045385535e-01 5.803446064434689133e-02 1.737946609855461588e+02 -7.457769643131514359e-01 -3.740753205801826409e-02 6.651446429500783575e-01 -1.888379429810036925e+01
6.245791700382540279e-01 -4.406992518064856840e-02 7.797170653826285269e-01 5.522198430834716874e+02 -1.380335138313005259e-03 9.983426838508557832e-01 5.753242804170784902e-02 1.737946609855461588e+02 -7.809602774976653894e-01 -3.700982701986610390e-02 6.234832136270608283e-01 -1.888379429810036925e+01
5.831849379715183801e-01 -4.700715469992565454e-02 8.109782090353436779e-01 5.522198430834716874e+02 -2.255534667201584357e-03 9.982267867755673096e-01 5.948272629166483083e-02 1.737946609855461588e+02 -8.123362854671211108e-01 -3.651861950760636882e-02 5.820448004601852521e-01 -1.888379429810036925e+01
5.430771813002307491e-01 -4.939025786380735195e-02 8.382289529592394928e-01 5.522198430834716874e+02 -2.826380588947022526e-03 9.981554181331177000e-01 6.064464382173485185e-02 1.737946609855461588e+02 -8.396780256287296185e-01 -3.530387626940238027e-02 5.419358353131775718e-01 -1.888379429810036925e+01
5.043163644957810998e-01 -5.192746935564377525e-02 8.619562299955125795e-01 5.522198430834716874e+02 -4.060126688264841660e-03 9.980366443060074699e-01 6.250097594179332416e-02 1.737946609855461588e+02 -8.635094208362943391e-01 -3.501991645792524449e-02 5.031153799857900344e-01 -1.888379429810036925e+01
4.675969442618941319e-01 -5.290187057991069947e-02 8.823573481340114544e-01 5.522198430834716874e+02 -4.836529996355159837e-03 9.980394595243891054e-01 6.240068276755374871e-02 1.737946609855461588e+02 -8.839285636829101733e-01 -3.344591636371976179e-02 4.664243400424737951e-01 -1.888379429810036925e+01
4.314282877529214133e-01 -5.513454247598588431e-02 9.004608901848795144e-01 5.522198430834716874e+02 -3.044858436846490518e-03 9.980360681064942563e-01 6.256784793826532243e-02 1.737946609855461588e+02 -9.021420959935753103e-01 -2.973531544292193352e-02 4.304131151020233470e-01 -1.888379429810036925e+01
3.978578924300695263e-01 -5.947849057097538694e-02 9.155170160027064075e-01 5.522198430834716874e+02 1.790749428028863121e-03 9.979447392232216885e-01 6.405537193070033608e-02 1.737946609855461588e+02 -9.174453066246447408e-01 -2.384547370241645731e-02 3.971467017819966250e-01 -1.888379429810036925e+01
3.694488158171825298e-01 -6.627485871214613966e-02 9.268846830075276877e-01 5.522198430834716874e+02 7.547068225396164932e-03 9.976345381735461926e-01 6.832547112501148601e-02 1.737946609855461588e+02 -9.292204336176008717e-01 -1.824750245755513492e-02 3.690750796268675860e-01 -1.888379429810036925e+01
3.435962888166992357e-01 -6.602172068020151219e-02 9.367938528351985594e-01 5.522198430834716874e+02 9.941161968926958206e-03 9.977255723048323865e-01 6.666975076974963887e-02 1.737946609855461588e+02 -9.390648346147875136e-01 -1.359465951829149331e-02 3.434711365202069433e-01 -1.888379429810036925e+01
3.233772449055025144e-01 -6.841027534603565108e-02 9.437940409349940829e-01 5.522198430834716874e+02 1.177135587404398373e-02 9.975969654351771743e-01 6.827686090770715421e-02 1.737946609855461588e+02 -9.461969100870138982e-01 -1.096944764348382895e-02 3.234054399050571016e-01 -1.888379429810036925e+01
3.090354824134600165e-01 -7.023264252509234251e-02 9.484537134375202738e-01 5.522198430834716874e+02 1.229364451693451717e-02 9.974812284797646145e-01 6.985746298705949875e-02 1.737946609855461588e+02 -9.509710494615335463e-01 -9.928481980620174757e-03 3.091205077823033776e-01 -1.888379429810036925e+01
2.971223220945533594e-01 -7.247426914979857027e-02 9.520849783629306007e-01 5.522198430834716874e+02 1.154557049360811077e-02 9.973150759354783013e-01 7.231416952289039524e-02 1.737946609855461588e+02 -9.547696190784020764e-01 -1.049378973538700466e-02 2.971613280052970985e-01 -1.888379429810036925e+01
2.857190081010291816e-01 -7.258894643832720928e-02 9.555603033114834499e-01 5.522198430834716874e+02 1.018788897931007312e-02 9.973008334728313828e-01 7.271350956005419308e-02 1.737946609855461588e+02 -9.582592839768934168e-01 -1.104048954387141547e-02 2.856873330456261018e-01 -1.888379429810036925e+01
2.751183139985828308e-01 -7.219331004506505944e-02 9.586960098421766219e-01 5.522198430834716874e+02 8.015342360939717303e-03 9.973142608905277706e-01 7.280123152266250453e-02 1.737946609855461588e+02 -9.613769643534285647e-01 -1.234467533458481585e-02 2.749580720791258148e-01 -1.888379429810036925e+01
2.647171159258323581e-01 -7.179439960218221561e-02 9.616498389339369623e-01 5.522198430834716874e+02 6.131587067106254556e-03 9.973298775176530073e-01 7.277031709881494337e-02 1.737946609855461588e+02 -9.643066173038258304e-01 -1.336710875191574922e-02 2.644505024152285499e-01 -1.888379429810036925e+01
2.546937100018293321e-01 -7.163336950809982839e-02 9.643649591614242844e-01 5.522198430834716874e+02 4.177018381540684687e-03 9.973247697273666112e-01 7.297846398558484327e-02 1.737946609855461588e+02 -9.670127541056237064e-01 -1.455898558179383011e-02 2.543115595797506012e-01 -1.888379429810036925e+01
2.437327087877693976e-01 -7.162058337427824883e-02 9.671943231347563952e-01 5.522198430834716874e+02 2.450811061202130391e-03 9.973118345754709013e-01 7.323317650389667144e-02 1.737946609855461588e+02 -9.698393476200671826e-01 -1.547890993695834848e-02 2.432530434651231643e-01 -1.888379429810036925e+01
2.347899463890922855e-01 -7.218932010448281256e-02 9.693618432440258559e-01 5.522198430834716874e+02 1.689066197305773200e-03 9.972673112600733969e-01 7.385835732999382341e-02 1.737946609855461588e+02 -9.720446636497661608e-01 -1.570388343551553170e-02 2.342702710867421712e-01 -1.888379429810036925e+01
2.246746421674698235e-01 -7.155371772285250287e-02 9.718031542688847502e-01 5.522198430834716874e+02 -1.268071813177533294e-03 9.972779807695638654e-01 7.372259535622811832e-02 1.737946609855461588e+02 -9.744330131726832711e-01 -1.779591391920449725e-02 2.239723382183265166e-01 -1.888379429810036925e+01
2.117031603942028939e-01 -7.015441959405889494e-02 9.748128688576719325e-01 5.522198430834716874e+02 -5.930930585151895744e-03 9.973098023080440022e-01 7.306149658118764323e-02 1.737946609855461588e+02 -9.773160164151101226e-01 -2.124889718807675479e-02 2.107175560478770637e-01 -1.888379429810036925e+01
1.986862412613169537e-01 -6.962347881185439180e-02 9.775870031519354741e-01 5.522198430834716874e+02 -9.929129296612201894e-03 9.972792943391844966e-01 7.304396945503309480e-02 1.737946609855461588e+02 -9.800128519182084164e-01 -2.421941949081165071e-02 1.974543739567887757e-01 -1.888379429810036925e+01
1.850306919037323639e-01 -7.006393148962802853e-02 9.802319565071523355e-01 5.522198430834716874e+02 -1.270257357243077638e-02 9.972014313648938089e-01 7.367462187512076321e-02 1.737946609855461588e+02 -9.826506437581274955e-01 -2.608353480688080372e-02 1.836228785683183540e-01 -1.888379429810036925e+01
1.718883409195917922e-01 -7.087946125850834445e-02 9.825632296333964844e-01 5.522198430834716874e+02 -1.351696735656243709e-02 9.971446240392457527e-01 7.429596451430510451e-02 1.737946609855461588e+02 -9.850237001460376840e-01 -2.605188517809943136e-02 1.704394597189146099e-01 -1.888379429810036925e+01
1.577536799823854585e-01 -7.104206097552868970e-02 9.849196931853687609e-01 5.522198430834716874e+02 -1.248188102928964038e-02 9.971856134050318676e-01 7.392601074046123433e-02 1.737946609855461588e+02 -9.873996045664517052e-01 -2.395575067447083470e-02 1.564229615869646706e-01 -1.888379429810036925e+01
1.401165304406353507e-01 -7.306230813465065810e-02 9.874356976670999320e-01 5.522198430834716874e+02 -9.613710396056369262e-03 9.971263850915323967e-01 7.514352085650433111e-02 1.737946609855461588e+02 -9.900883468002733556e-01 -2.002177025960776707e-02 1.390114896185649651e-01 -1.888379429810036925e+01
1.222821127639495270e-01 -7.318407465961829228e-02 9.897935017538748159e-01 5.522198430834716874e+02 -8.296288645143298779e-03 9.971674755702988335e-01 7.475424576217042094e-02 1.737946609855461588e+02 -9.924607077827818369e-01 -1.735271969951256849e-02 1.213285894846267421e-01 -1.888379429810036925e+01
9.970525274806645022e-02 -7.134312028665382166e-02 9.924560553305147304e-01 5.522198430834716874e+02 -7.631278068712409914e-03 9.973420501563413643e-01 7.246101424201073504e-02 1.737946609855461588e+02 -9.949877517685740136e-01 -1.479845186858707619e-02 9.889580199791622728e-02 -1.888379429810036925e+01
6.889247559311106883e-02 -6.931126606215858021e-02 9.952134319850742816e-01 5.522198430834716874e+02 -7.355807460860772085e-03 9.975211905936870460e-01 6.998118613705572866e-02 1.737946609855461588e+02 -9.975969721802742107e-01 -1.214177554607034047e-02 6.821186394856544599e-02 -1.888379429810036925e+01
3.291824839264469171e-02 -6.872162383100514915e-02 9.970926372914336033e-01 5.522198430834716874e+02 -7.947352482507698268e-03 9.975837689432895949e-01 6.901784935375693264e-02 1.737946609855461588e+02 -9.994264497757091581e-01 -1.019619335482293242e-02 3.229255533079106871e-02 -1.888379429810036925e+01
-9.123711546727694211e-04 -6.955152109216329592e-02 9.975779435676386253e-01 5.522198430834716874e+02 -7.607840204148781475e-03 9.975499715632842879e-01 6.954261284648720343e-02 1.737946609855461588e+02 -9.999706437422566374e-01 -7.525964911865832413e-03 -1.439272677823140402e-03 -1.888379429810036925e+01
-3.267084258078705589e-02 -7.158305707493846370e-02 9.968994342384107643e-01 5.522198430834716874e+02 -7.166011802407443350e-03 9.974230370525608569e-01 7.138580693450813364e-02 1.737946609855461588e+02 -9.994404756261915379e-01 -4.811558650707616763e-03 -3.309961606184565197e-02 -1.888379429810036925e+01
-6.658504154672562070e-02 -7.076795447408811002e-02 9.952679683692077228e-01 5.522198430834716874e+02 -4.908653045057160928e-03 9.974927882026091153e-01 7.059775215306102192e-02 1.737946609855461588e+02 -9.977686792876908628e-01 -1.846708833679933971e-04 -6.676547408025111652e-02 -1.888379429810036925e+01
-9.861705288652850010e-02 -7.128861704961540757e-02 9.925686928163334199e-01 5.522198430834716874e+02 -1.902773382456706894e-03 9.974423958825097136e-01 7.144960706407570139e-02 1.737946609855461588e+02 -9.951236387170336872e-01 5.157516389607244046e-03 -9.850047558900471012e-02 -1.888379429810036925e+01
-1.328185534677819024e-01 -7.573601975773111561e-02 9.882425244675410170e-01 5.522198430834716874e+02 1.889818409169061403e-03 9.970550879404936895e-01 7.666537809436139994e-02 1.737946609855461588e+02 -9.911385677296112862e-01 1.205018353501449528e-02 -1.322842871835724909e-01 -1.888379429810036925e+01
-1.639312807591156718e-01 -8.264490405169366838e-02 9.830037411032368500e-01 5.522198430834716874e+02 6.136349840233012651e-03 9.963797094084182460e-01 8.479280564900258665e-02 1.737946609855461588e+02 -9.864526751949700412e-01 1.993224807886543465e-02 -1.628306638419433072e-01 -1.888379429810036925e+01
-1.961710742359528692e-01 -8.888026815957002225e-02 9.765332598355224158e-01 5.522198430834716874e+02 1.022862573403424818e-02 9.956439252740244550e-01 9.267442624867558432e-02 1.737946609855461588e+02 -9.805163358397983586e-01 2.816863498309560288e-02 -1.944074153793609039e-01 -1.888379429810036925e+01
-2.249376438035274040e-01 -9.526412198328282344e-02 9.697050084757057320e-01 5.522198430834716874e+02 1.339352831804486998e-02 9.948127477463977186e-01 1.008375442008097450e-01 1.737946609855461588e+02 -9.742811040964050040e-01 3.566993109063180956e-02 -2.224949127883104893e-01 -1.888379429810036925e+01
-2.522350187663811028e-01 -1.022826074613457231e-01 9.622451680932613272e-01 5.522198430834716874e+02 1.504428210241177434e-02 9.938633425136507160e-01 1.095870703304525906e-01 1.737946609855461588e+02 -9.675490503762305128e-01 4.211798450183035919e-02 -2.491483704493299423e-01 -1.888379429810036925e+01
-2.784029717739980869e-01 -1.071699562342516843e-01 9.544665451382522425e-01 5.522198430834716874e+02 2.202897202992560796e-02 9.927813916052750098e-01 1.178975524495475685e-01 1.737946609855461588e+02 -9.602117004591802507e-01 5.384894579318271618e-02 -2.740324457765005994e-01 -1.888379429810036925e+01
-3.042079993357103551e-01 -1.106895006152035787e-01 9.461529092032197052e-01 5.522198430834716874e+02 3.504686261357914390e-02 9.912533539683638928e-01 1.272340585983641192e-01 1.737946609855461588e+02 -9.519607190221183179e-01 7.186530943385194270e-02 -2.976678799247012286e-01 -1.888379429810036925e+01
-3.288915822509745901e-01 -1.097452539207414146e-01 9.379692459597579468e-01 5.522198430834716874e+02 5.151423423077693131e-02 9.896609255524153603e-01 1.338564010660331371e-01 1.737946609855461588e+02 -9.429616168201474524e-01 9.234301097866250141e-02 -3.198377049807080152e-01 -1.888379429810036925e+01
-3.546030005099179983e-01 -1.054846341030871437e-01 9.290477404296805242e-01 5.522198430834716874e+02 6.692228899531293962e-02 9.882043609188140287e-01 1.377445036894897057e-01 1.737946609855461588e+02 -9.326189571657818034e-01 1.110186156875177105e-01 -3.433609583307850599e-01 -1.888379429810036925e+01
-3.789121934303676387e-01 -1.066647229410337266e-01 9.192650251965939212e-01 5.522198430834716874e+02 7.498586613751696828e-02 9.865304411600731571e-01 1.453781570392055078e-01 1.737946609855461588e+02 -9.223896516924903199e-01 1.240174404848803091e-01 -3.658100667097390346e-01 -1.888379429810036925e+01
-4.024478795941912046e-01 -1.070550751546985868e-01 9.091616550942718256e-01 5.522198430834716874e+02 7.719065937668805055e-02 9.856332540379839635e-01 1.502287943088312094e-01 1.737946609855461588e+02 -9.121827154222619249e-01 1.306380473603066528e-01 -3.884023613042964507e-01 -1.888379429810036925e+01
-4.245268918828448701e-01 -1.058406868811310186e-01 8.992077997152926327e-01 5.522198430834716874e+02 7.517785579627143944e-02 9.855940872010048315e-01 1.515011065051682371e-01 1.737946609855461588e+02 -9.022888717401796876e-01 1.319168081593273811e-01 -4.104543186018230760e-01 -1.888379429810036925e+01
-4.441713721726431863e-01 -1.068025779075485598e-01 8.895532595042128232e-01 5.522198430834716874e+02 6.864838588063908176e-02 9.858936525945926066e-01 1.526469943682896846e-01 1.737946609855461588e+02 -8.933080046984098743e-01 1.288678203664160027e-01 -4.305739119079938781e-01 -1.888379429810036925e+01
-4.628903508145792989e-01 -1.119896401309749406e-01 8.793127109430903809e-01 5.522198430834716874e+02 6.095992734822523046e-02 9.856165885245773417e-01 1.576192490873807861e-01 1.737946609855461588e+02 -8.843169173890403911e-01 1.265632684806475561e-01 -4.494055281046712147e-01 -1.888379429810036925e+01
-4.765240318810342046e-01 -1.118857778263816632e-01 8.720128552722296034e-01 5.522198430834716874e+02 5.962354816092306498e-02 9.854724140169924818e-01 1.590256385499478342e-01 1.737946609855461588e+02 -8.771373208024759727e-01 1.277720389275425195e-01 -4.629302609721583917e-01 -1.888379429810036925e+01
-4.897102244233950685e-01 -1.116465550585316741e-01 8.647074319321816915e-01 5.522198430834716874e+02 6.148942140034971415e-02 9.848755197815012297e-01 1.619853746205584255e-01 1.737946609855461588e+02 -8.697142905293892001e-01 1.324962538288310954e-01 -4.754385297494141960e-01 -1.888379429810036925e+01
-4.994770109139660130e-01 -1.100145422393174199e-01 8.593133980477205558e-01 5.522198430834716874e+02 6.407835167497918927e-02 9.844955075272951994e-01 1.632867432009949826e-01 1.737946609855461588e+02 -8.639540962430052318e-01 1.366213605350301008e-01 -4.846833228309871400e-01 -1.888379429810036925e+01
-5.105044113887836632e-01 -1.024146044839934627e-01 8.537543526922573012e-01 5.522198430834716874e+02 6.986709639188493082e-02 9.846584421197062120e-01 1.598947816664356980e-01 1.737946609855461588e+02 -8.570319916983021313e-01 1.412763290533006200e-01 -4.955170673698959805e-01 -1.888379429810036925e+01
-5.210146122771313060e-01 -1.009132256964686142e-01 8.475613810652540270e-01 5.522198430834716874e+02 6.873166214785669803e-02 9.848016684369481633e-01 1.595043336784086330e-01 1.737946609855461588e+02 -8.507759589998434846e-01 1.413583910609236272e-01 -5.061601257157269940e-01 -1.888379429810036925e+01
-5.301778795769832575e-01 -1.012382288676041964e-01 8.418207867610546513e-01 5.522198430834716874e+02 6.820264305775629310e-02 9.845368683878017446e-01 1.613553663968873841e-01 1.737946609855461588e+02 -8.451389326537914748e-01 1.429614486527302497e-01 -5.150749544599499963e-01 -1.888379429810036925e+01
-5.371959951434556180e-01 -1.037450878439845486e-01 8.370528176585230185e-01 5.522198430834716874e+02 6.725658158902153572e-02 9.839778758233583833e-01 1.651184184853647652e-01 1.737946609855461588e+02 -8.407716783020175999e-01 1.449982642599274008e-01 -5.216114342370320456e-01 -1.888379429810036925e+01
-5.410949937215533412e-01 -1.044134172718078485e-01 8.344543403105360024e-01 5.522198430834716874e+02 6.885983336480591688e-02 9.834292317087157675e-01 1.677059020123430055e-01 1.737946609855461588e+02 -8.381375371133564789e-01 1.482052108207562169e-01 -5.249387434426314725e-01 -1.888379429810036925e+01
-5.405823199320053396e-01 -1.024465522982841020e-01 8.350302146025148087e-01 5.522198430834716874e+02 7.336659643708542955e-02 9.830358262984277840e-01 1.681008826300517400e-01 1.737946609855461588e+02 -8.380859728596873337e-01 1.521356898822842085e-01 -5.238956326978396749e-01 -1.888379429810036925e+01
-5.368572351582998614e-01 -1.055175226263508487e-01 8.370486016217811853e-01 5.522198430834716874e+02 7.107534804293269559e-02 9.829644136471291649e-01 1.694970690127965141e-01 1.737946609855461588e+02 -8.406738987019648501e-01 1.504892485267612656e-01 -5.202118627243000892e-01 -1.888379429810036925e+01
-5.302731692799553809e-01 -1.062383011983332043e-01 8.411443332153405450e-01 5.522198430834716874e+02 7.009829741563713967e-02 9.832273884586860691e-01 1.683749722617292610e-01 1.737946609855461588e+02 -8.449240170815480733e-01 1.482475158078560562e-01 -5.139319793665073632e-01 -1.888379429810036925e+01
-5.236263330148550610e-01 -1.053991724367570326e-01 8.454031451461833102e-01 5.522198430834716874e+02 7.114472560686044278e-02 9.834419207677729258e-01 1.666745826300918554e-01 1.737946609855461588e+02 -8.489722559611357910e-01 1.474211752979760481e-01 -5.074574915025101829e-01 -1.888379429810036925e+01
-5.163091281999417914e-01 -1.065996156439438097e-01 8.497419644115357107e-01 5.522198430834716874e+02 7.153878255901910399e-02 9.833865214962500545e-01 1.668327064141677252e-01 1.737946609855461588e+02 -8.534090969326429965e-01 1.469267548272439605e-01 -5.001054308728740683e-01 -1.888379429810036925e+01
-5.091752216459997094e-01 -1.044688173670117043e-01 8.542990459199180098e-01 5.522198430834716874e+02 7.385701309806688708e-02 9.836406264235226793e-01 1.643053853815143739e-01 1.737946609855461588e+02 -8.574880379795273289e-01 1.467562068434350164e-01 -4.931296791665912282e-01 -1.888379429810036925e+01
-5.039118789380504504e-01 -1.001621959033203862e-01 8.579279414828181460e-01 5.522198430834716874e+02 7.604975798605788373e-02 9.842515022875091280e-01 1.595788662543982661e-01 1.737946609855461588e+02 -8.604006349227001360e-01 1.456588986523003892e-01 -4.883587131074968446e-01 -1.888379429810036925e+01
-5.025171015707097233e-01 -9.377602051652765558e-02 8.594664743927212802e-01 5.522198430834716874e+02 8.008201981395239588e-02 9.847777393964881609e-01 1.542714299267886613e-01 1.737946609855461588e+02 -8.608504125174656352e-01 1.463518430537219250e-01 -4.873578821597995825e-01 -1.888379429810036925e+01
-5.033647302635019249e-01 -9.091767035876086034e-02 8.592775602465626550e-01 5.522198430834716874e+02 8.071321512442659885e-02 9.851536216538365753e-01 1.515180472636939446e-01 1.737946609855461588e+02 -8.602960683573011025e-01 1.456238955627126297e-01 -4.885533295456160330e-01 -1.888379429810036925e+01
-5.045287599645958965e-01 -9.053174537333125160e-02 8.586353902840497820e-01 5.522198430834716874e+02 7.950741581789139145e-02 9.853902102914130490e-01 1.506144225889453903e-01 1.737946609855461588e+02 -8.597262943510265432e-01 1.442571888728532148e-01 -4.899597557554611349e-01 -1.888379429810036925e+01
-5.048401596777364331e-01 -9.040567747668516729e-02 8.584656234564870259e-01 5.522198430834716874e+02 7.896943057560591728e-02 9.854932441479402616e-01 1.502228170862531520e-01 1.737946609855461588e+02 -8.595930678007597248e-01 1.436310524181522996e-01 -4.903772818658399535e-01 -1.888379429810036925e+01
-5.056428639857547536e-01 -9.149963177001736725e-02 8.578770957929989782e-01 5.522198430834716874e+02 7.723990116079339219e-02 9.855658996370084690e-01 1.506447979233337953e-01 1.737946609855461588e+02 -8.592783552312682760e-01 1.424348091536670746e-01 -4.912769416249878063e-01 -1.888379429810036925e+01
-5.057470625831841371e-01 -9.134996950610593802e-02 8.578316220329672559e-01 5.522198430834716874e+02 7.654533031123211817e-02 9.857038994901073936e-01 1.500954194422192689e-01 1.737946609855461588e+02 -8.592791869328764154e-01 1.415733223500242888e-01 -4.915244381541452601e-01 -1.888379429810036925e+01
-5.056137176103847608e-01 -9.106848594372102257e-02 8.579401490967318855e-01 5.522198430834716874e+02 7.662485385068007471e-02 9.857438393374055030e-01 1.497922393874524249e-01 1.737946609855461588e+02 -8.593505689394568270e-01 1.414765495630397052e-01 -4.914274977930782051e-01 -1.888379429810036925e+01
-5.057308021252159280e-01 -8.939715876533281536e-02 8.580469123459798508e-01 5.522198430834716874e+02 7.693473554944246784e-02 9.859796963963141092e-01 1.480712151640707630e-01 1.737946609855461588e+02 -8.592539800592855492e-01 1.408977867069319823e-01 -4.917625559692014314e-01 -1.888379429810036925e+01
-5.054784867876463972e-01 -9.051713202314080886e-02 8.580781713836883595e-01 5.522198430834716874e+02 7.622339200855778041e-02 9.859095752007550617e-01 1.489036736893069313e-01 1.737946609855461588e+02 -8.594658189280018901e-01 1.406732324849550853e-01 -4.914565573442377655e-01 -1.888379429810036925e+01
-5.045021334844594918e-01 -8.923119100145847360e-02 8.587871633077003297e-01 5.522198430834716874e+02 7.704726147402683745e-02 9.860245305763760681e-01 1.477137251611594648e-01 1.737946609855461588e+02 -8.599658811888883925e-01 1.406890886106456628e-01 -4.905764604390652761e-01 -1.888379429810036925e+01
-5.032709205646913597e-01 -8.934474072552801849e-02 8.594974681862959098e-01 5.522198430834716874e+02 7.552767531023758807e-02 9.862861211141885631e-01 1.467489610176367643e-01 1.737946609855461588e+02 -8.608216718787922161e-01 1.387703304104013491e-01 -4.896211235451204402e-01 -1.888379429810036925e+01
-5.006833234653241815e-01 -9.064633934425889161e-02 8.608713322949016478e-01 5.522198430834716874e+02 7.241457475147781986e-02 9.866300157399054971e-01 1.460045937792159854e-01 1.737946609855461588e+02 -8.625962780856868406e-01 1.354416966984531290e-01 -4.874250791949072958e-01 -1.888379429810036925e+01
-4.985810029117056508e-01 -9.285575017475995729e-02 8.618554363668166074e-01 5.522198430834716874e+02 6.884479038207559631e-02 9.868639193152043410e-01 1.461506058525904317e-01 1.737946609855461588e+02 -8.641049579610136089e-01 1.322021724984609181e-01 -4.856389679729985476e-01 -1.888379429810036925e+01
-4.961182284691538213e-01 -9.366908092660872209e-02 8.631875848614760649e-01 5.522198430834716874e+02 6.829684138611742672e-02 9.868732479699818816e-01 1.463445724919645863e-01 1.737946609855461588e+02 -8.655646970835324527e-01 1.315571956205363602e-01 -4.832085051436386669e-01 -1.888379429810036925e+01
-4.943136434387701006e-01 -9.387472365536912722e-02 8.641999526550042665e-01 5.522198430834716874e+02 6.870581247449111806e-02 9.868227193400701536e-01 1.464937948395313438e-01 1.737946609855461588e+02 -8.665642118403620309e-01 1.317894413558765021e-01 -4.813501946655838748e-01 -1.888379429810036925e+01
-4.934594023942487917e-01 -9.341279485963323304e-02 8.647380342885455651e-01 5.522198430834716874e+02 6.966960093382384978e-02 9.867761003238503248e-01 1.463525692817637391e-01 1.737946609855461588e+02 -8.669740278084643315e-01 1.324650051378215565e-01 -4.804259126227501953e-01 -1.888379429810036925e+01
-4.943072449122495327e-01 -9.195177593881589950e-02 8.644103299527103879e-01 5.522198430834716874e+02 7.172812881244257366e-02 9.866843966069270833e-01 1.459759467497541152e-01 1.737946609855461588e+02 -8.663229323781784785e-01 1.341595035549795201e-01 -4.811297168556028514e-01 -1.888379429810036925e+01
-4.970364249795777289e-01 -9.006745832010516761e-02 8.630426670769359987e-01 5.522198430834716874e+02 7.471507381717990004e-02 9.864625707935705812e-01 1.459768960069711408e-01 1.737946609855461588e+02 -8.645070560660640391e-01 1.370381310989469970e-01 -4.835784327664872650e-01 -1.888379429810036925e+01
-5.015372918890826925e-01 -8.733514508150844180e-02 8.607165138872090449e-01 5.522198430834716874e+02 7.740459710213747069e-02 9.863715373433419309e-01 1.451885624503054806e-01 1.737946609855461588e+02 -8.616663351855051722e-01 1.394408934011882872e-01 -4.879419679177596780e-01 -1.888379429810036925e+01
-5.067791321043731978e-01 -8.807322299481315508e-02 8.575651687509453502e-01 5.522198430834716874e+02 7.338886595368900034e-02 9.867487754661730115e-01 1.447098077879907241e-01 1.737946609855461588e+02 -8.589464393182896229e-01 1.362716460138018448e-01 -4.936000940793242031e-01 -1.888379429810036925e+01
-5.120661713588975372e-01 -8.869946727360220051e-02 8.543539317257297094e-01 5.522198430834716874e+02 6.966492101035626217e-02 9.870882575099959588e-01 1.442344295461341908e-01 1.737946609855461588e+02 -8.561162508272224247e-01 1.333760712843810037e-01 -4.992752634351924623e-01 -1.888379429810036925e+01
-5.174244139695839406e-01 -8.379304747006686982e-02 8.516165222821272529e-01 5.522198430834716874e+02 7.160158234614766304e-02 9.874649751757220706e-01 1.406632013240735612e-01 1.737946609855461588e+02 -8.527280863403990940e-01 1.337596650597151493e-01 -5.049387713073244521e-01 -1.888379429810036925e+01
-5.242096301169917316e-01 -8.341982851161487689e-02 8.474935963791653259e-01 5.522198430834716874e+02 7.292691306258937411e-02 9.871372448544274425e-01 1.422734169561246931e-01 1.737946609855461588e+02 -8.484609178057446188e-01 1.363861871022924444e-01 -5.113832994182824221e-01 -1.888379429810036925e+01
-5.291483958081349970e-01 -8.239154031343108586e-02 8.445197506858260761e-01 5.522198430834716874e+02 7.432320343565344822e-02 9.869490260580313645e-01 1.428554562981944331e-01 1.737946609855461588e+02 -8.452680265127374692e-01 1.383591487682758747e-01 -5.161188906709158752e-01 -1.888379429810036925e+01
-5.344127400337014278e-01 -7.829130754789016822e-02 8.415898611866147183e-01 5.522198430834716874e+02 7.842149353833409442e-02 9.868129406288819183e-01 1.415990450483183005e-01 1.737946609855461588e+02 -8.415777401053847750e-01 1.416710675113980467e-01 -5.212256862332197427e-01 -1.888379429810036925e+01
-5.366920359535726215e-01 -7.908915601641110238e-02 8.400634285246637578e-01 5.522198430834716874e+02 7.936911882848730893e-02 9.864512099112126009e-01 1.435776913071602212e-01 1.737946609855461588e+02 -8.400370238985875870e-01 1.437320975471910178e-01 -5.231432715942015976e-01 -1.888379429810036925e+01
-5.401971332296012784e-01 -7.965308167946970330e-02 8.377603737522300031e-01 5.522198430834716874e+02 7.745475575301552507e-02 9.865788296253639178e-01 1.437462129806822975e-01 1.737946609855461588e+02 -8.379664778866506847e-01 1.425398172933073637e-01 -5.267775454821775893e-01 -1.888379429810036925e+01
-5.429845793745962101e-01 -7.973751288865098263e-02 8.359483689796379791e-01 5.522198430834716874e+02 6.971538431326895768e-02 9.877646591015929456e-01 1.395017685191365930e-01 1.737946609855461588e+02 -8.368437797769925357e-01 1.340257709108385320e-01 -5.307820465881525340e-01 -1.888379429810036925e+01
-5.444981351993817276e-01 -7.976973400880427167e-02 8.349602207893218608e-01 5.522198430834716874e+02 6.112901752156629093e-02 9.890460751515419702e-01 1.343543986781854938e-01 1.737946609855461588e+02 -8.365315439248192098e-01 1.241960175025445950e-01 -5.336574980783667099e-01 -1.888379429810036925e+01
-5.461998772967050497e-01 -8.092096910249234332e-02 8.337370633482535931e-01 5.522198430834716874e+02 5.857637918626422413e-02 9.891964794990717458e-01 1.343842726961297362e-01 1.737946609855461588e+02 -8.356042734706956576e-01 1.222379716215597489e-01 -5.355589383544576698e-01 -1.888379429810036925e+01
-5.468759170117757362e-01 -8.144215162131908381e-02 8.332430061703558488e-01 5.522198430834716874e+02 6.273202788327392199e-02 9.884732896408743308e-01 1.377869672508931498e-01 1.737946609855461588e+02 -8.348601224577560931e-01 1.276233975642225016e-01 -5.354632053876168252e-01 -1.888379429810036925e+01
-5.475283033685480749e-01 -8.571634652598197901e-02 8.323854064966473842e-01 5.522198430834716874e+02 6.546443672162088889e-02 9.873031235179363652e-01 1.447306111935066364e-01 1.737946609855461588e+02 -8.342224910268710714e-01 1.337357477638712322e-01 -5.349650317870846550e-01 -1.888379429810036925e+01
-5.485824457455414915e-01 -8.954719502475479154e-02 8.312873150018776913e-01 5.522198430834716874e+02 6.413738295853417537e-02 9.868113976219032857e-01 1.486259117069916869e-01 1.737946609855461588e+02 -8.336328306437243985e-01 1.348501590162265451e-01 -5.356040872568340605e-01 -1.888379429810036925e+01
-5.494036977309146863e-01 -9.308337691477554243e-02 8.303559850219256466e-01 5.522198430834716874e+02 6.135798276940460788e-02 9.865977375102038538e-01 1.511955762918164581e-01 1.737946609855461588e+02 -8.333011309665103727e-01 1.340163769167249386e-01 -5.363290369242050826e-01 -1.888379429810036925e+01
-5.494368936535033443e-01 -9.154067480337785279e-02 8.305055115704674806e-01 5.522198430834716874e+02 5.977830970143575146e-02 9.871263486146233390e-01 1.483513584703505528e-01 1.737946609855461588e+02 -8.333940566032530528e-01 1.311559252466325265e-01 -5.368914878176686001e-01 -1.888379429810036925e+01
-5.498017374420172132e-01 -8.854263506737349021e-02 8.305890989418641679e-01 5.522198430834716874e+02 5.791005216963492075e-02 9.879328989388935778e-01 1.436489229054695171e-01 1.737946609855461588e+02 -8.332853505033239738e-01 1.270778854463520402e-01 -5.380397156967438033e-01 -1.888379429810036925e+01
-5.493862800635813670e-01 -8.510257314120718564e-02 8.312233558572800218e-01 5.522198430834716874e+02 5.499571163421065889e-02 9.889598168809088374e-01 1.376006987508547608e-01 1.737946609855461588e+02 -8.337566713254803696e-01 1.213096560032265042e-01 -5.386406783567598833e-01 -1.888379429810036925e+01
-5.481583341791357311e-01 -7.681185629819468896e-02 8.328399482505464135e-01 5.522198430834716874e+02 5.856483099155678634e-02 9.898045819309362336e-01 1.298347032170216742e-01 1.737946609855461588e+02 -8.343216413595438974e-01 1.199451054463923499e-01 -5.380711574118863805e-01 -1.888379429810036925e+01
-5.458146698645806039e-01 -6.993975265769933336e-02 8.349819022941701308e-01 5.522198430834716874e+02 6.086407782928945215e-02 9.905685547242497613e-01 1.227579016662375816e-01 1.737946609855461588e+02 -8.356924734557605872e-01 1.178234670585038141e-01 -5.364100301259319137e-01 -1.888379429810036925e+01
-5.451208519823887988e-01 -7.377715029410475411e-02 8.351048969012619949e-01 5.522198430834716874e+02 5.787597562972341542e-02 9.904320666042707444e-01 1.252784613846198158e-01 1.737946609855461588e+02 -8.363573567434555711e-01 1.166244122663440269e-01 -5.356352474255462459e-01 -1.888379429810036925e+01
-5.429082465457141238e-01 -7.810081136854239714e-02 8.361524377146934972e-01 5.522198430834716874e+02 5.667646313065563546e-02 9.899884698522481985e-01 1.292695172366655210e-01 1.737946609855461588e+02 -8.378773265578051133e-01 1.175716497425109003e-01 -5.330464265119554401e-01 -1.888379429810036925e+01
-5.389275392748460458e-01 -7.977790844258854375e-02 8.385657951142989619e-01 5.522198430834716874e+02 5.789443298338234345e-02 9.896429859427441356e-01 1.313582696439731801e-01 1.737946609855461588e+02 -8.403602453952051521e-01 1.193408802500269122e-01 -5.287271624008507143e-01 -1.888379429810036925e+01
-5.326743224646597330e-01 -8.532677032244422033e-02 8.420079622266927188e-01 5.522198430834716874e+02 5.444146686678369429e-02 9.893893260407436996e-01 1.347029628554347880e-01 1.737946609855461588e+02 -8.445674590417310279e-01 1.175929580501307303e-01 -5.223769743631608842e-01 -1.888379429810036925e+01
-5.253357525695357966e-01 -9.436021213068429558e-02 8.456467923659632957e-01 5.522198430834716874e+02 4.946340366018991269e-02 9.887649398144522372e-01 1.410576672572893264e-01 1.737946609855461588e+02 -8.494561311630788314e-01 1.159312044290509575e-01 -5.147661965097163339e-01 -1.888379429810036925e+01
-5.153719842533528439e-01 -9.352776864274239821e-02 8.518475652013464128e-01 5.522198430834716874e+02 5.053785673277313983e-02 9.889795273138264342e-01 1.391596909703890772e-01 1.737946609855461588e+02 -8.554750977577409987e-01 1.147695562717973711e-01 -5.049656484054675376e-01 -1.888379429810036925e+01
-5.066606100130289780e-01 -9.273100936855215026e-02 8.571440871654576465e-01 5.522198430834716874e+02 5.000921795917769724e-02 9.893637491032243325e-01 1.365959372731083699e-01 1.737946609855461588e+02 -8.606939667386623860e-01 1.120728863815695781e-01 -4.966342353863312242e-01 -1.888379429810036925e+01
-4.947763538889546342e-01 -9.454619414010802247e-02 8.638618968365042727e-01 5.522198430834716874e+02 4.722022408107402758e-02 9.896705040676971876e-01 1.353607912806312208e-01 1.737946609855461588e+02 -8.677364865384432635e-01 1.077650711130732075e-01 -4.852010710807512783e-01 -1.888379429810036925e+01
-4.824334349415521639e-01 -9.607554174360020960e-02 8.706477307896455242e-01 5.522198430834716874e+02 4.684476230789839934e-02 9.897142106075746959e-01 1.351715560528074789e-01 1.737946609855461588e+02 -8.746791120718550028e-01 1.059965640956998106e-01 -4.729705903172984338e-01 -1.888379429810036925e+01
-4.713285652519179081e-01 -9.834100755215087475e-02 8.764578882132251225e-01 5.522198430834716874e+02 4.564793912296127854e-02 9.897120319557048962e-01 1.355963106280244079e-01 1.737946609855461588e+02 -8.807755952746374462e-01 1.039189108667539357e-01 -4.619904877082125494e-01 -1.888379429810036925e+01
-4.602702225710115225e-01 -9.999617881727715374e-02 8.821292912245712881e-01 5.522198430834716874e+02 4.628878757467065619e-02 9.895816159265410361e-01 1.363289168338031598e-01 1.737946609855461588e+02 -8.865713002118303931e-01 1.035808362688458023e-01 -4.508462487351397319e-01 -1.888379429810036925e+01
