1.000000000000000000e+00 0.000000000000000000e+00 0.000000000000000000e+00 5.465658069223716211e+02 0.000000000000000000e+00 1.000000000000000000e+00 0.000000000000000000e+00 -1.259471085505402321e+01 0.000000000000000000e+00 0.000000000000000000e+00 1.000000000000000000e+00 -9.359087243193613403e+00
9.998804000000000025e-01 1.381571000000000058e-03 1.540756000000000070e-02 5.465658069223716211e+02 -1.365955000000000077e-03 9.999985000000000124e-01 -1.023969999999999915e-03 -1.259471085505402321e+01 -1.540894999999999938e-02 1.002800999999999996e-03 9.998808000000000140e-01 -9.359087243193613403e+00
9.993410999999999822e-01 4.139269999999999582e-03 3.605872999999999717e-02 5.465658069223716211e+02 -4.118323000000000123e-03 9.999913000000000274e-01 -6.552071999999999497e-04 -1.259471085505402321e+01 -3.606112999999999680e-02 5.062744999999999789e-04 9.993495000000000017e-01 -9.359087243193613403e+00
9.980124000000000217e-01 5.708758999999999882e-03 6.275817999999999675e-02 5.465658069223716211e+02 -5.760679999999999794e-03 9.999831999999999610e-01 6.463837999999999962e-04 -1.259471085505402321e+01 -6.275343999999999367e-02 -1.006628000000000080e-03 9.980286000000000435e-01 -9.359087243193613403e+00
9.953526999999999791e-01 5.411576999999999880e-03 9.614398000000000388e-02 5.465658069223716211e+02 -5.718903000000000007e-03 9.999793999999999627e-01 2.921235999999999798e-03 -1.259471085505402321e+01 -9.612619000000000025e-02 -3.457496999999999914e-03 9.953632000000000035e-01 -9.359087243193613403e+00
9.909970000000000168e-01 2.437994000000000185e-03 1.338620000000000088e-01 5.465658069223716211e+02 -3.155109000000000125e-03 9.999818000000000318e-01 5.145249999999999650e-03 -1.259471085505402321e+01 -1.338469999999999938e-01 -5.521274999999999968e-03 9.909866000000000508e-01 -9.359087243193613403e+00
9.848812000000000122e-01 -8.797584999999999694e-04 1.732287999999999883e-01 5.465658069223716211e+02 -1.148613999999999977e-04 9.999835000000000251e-01 5.731548000000000372e-03 -1.259471085505402321e+01 -1.732309999999999961e-01 -5.664790000000000277e-03 9.848649000000000431e-01 -9.359087243193613403e+00
9.763389000000000095e-01 -1.209269000000000012e-03 2.162426000000000070e-01 5.465658069223716211e+02 -3.105265999999999756e-04 9.999755000000000171e-01 6.994082999999999897e-03 -1.259471085505402321e+01 -2.162457999999999880e-01 -6.895743000000000185e-03 9.763146000000000324e-01 -9.359087243193613403e+00
9.644808000000000270e-01 -1.175211999999999915e-03 2.641504000000000074e-01 5.465658069223716211e+02 -1.347062999999999906e-03 9.999552000000000440e-01 9.367300999999999753e-03 -1.259471085505402321e+01 -2.641495999999999844e-01 -9.390407999999999394e-03 9.644359999999999600e-01 -9.359087243193613403e+00
9.500986999999999627e-01 -4.177903999999999646e-03 3.119216000000000211e-01 5.465658069223716211e+02 -1.009852000000000102e-03 9.998639000000000276e-01 1.646823000000000037e-02 -1.259471085505402321e+01 -3.119479000000000002e-01 -1.596142999999999867e-02 9.499651000000000067e-01 -9.359087243193613403e+00
9.333565000000000333e-01 -1.416071999999999990e-02 3.586713999999999736e-01 5.465658069223716211e+02 5.593754999999999734e-03 9.996739999999999515e-01 2.491176000000000154e-02 -1.259471085505402321e+01 -3.589071999999999818e-01 -2.124523000000000036e-02 9.331314000000000553e-01 -9.359087243193613403e+00
9.123320000000000318e-01 -2.014890000000000084e-02 4.089552000000000187e-01 5.465658069223716211e+02 8.864985000000000573e-03 9.995264000000000371e-01 2.946912000000000142e-02 -1.259471085505402321e+01 -4.093552999999999775e-01 -2.326024000000000147e-02 9.120785000000000142e-01 -9.359087243193613403e+00
8.872655999999999876e-01 -2.177656999999999857e-02 4.607445000000000013e-01 5.465658069223716211e+02 7.355618999999999873e-03 9.994258999999999782e-01 3.307187000000000321e-02 -1.259471085505402321e+01 -4.612002000000000046e-01 -2.595447000000000032e-02 8.869164000000000492e-01 -9.359087243193613403e+00
8.590210000000000345e-01 -2.409303999999999960e-02 5.113731000000000249e-01 5.465658069223716211e+02 5.460111999999999605e-03 9.992663000000000517e-01 3.790778000000000203e-02 -1.259471085505402321e+01 -5.119112000000000107e-01 -2.977141999999999983e-02 8.585222999999999605e-01 -9.359087243193613403e+00
8.270452999999999832e-01 -2.918261000000000119e-02 5.613772999999999680e-01 5.465658069223716211e+02 6.631357000000000050e-03 9.990885000000000460e-01 4.216696999999999806e-02 -1.259471085505402321e+01 -5.620962000000000458e-01 -3.115129999999999982e-02 8.264850000000000252e-01 -9.359087243193613403e+00
7.911863000000000090e-01 -3.486677999999999999e-02 6.105806000000000289e-01 5.465658069223716211e+02 8.791726999999999181e-03 9.989187999999999956e-01 4.565030999999999950e-02 -1.259471085505402321e+01 -6.115121000000000029e-01 -3.074984000000000051e-02 7.906374000000000457e-01 -9.359087243193613403e+00
7.532744000000000106e-01 -3.928513000000000144e-02 6.565320999999999518e-01 5.465658069223716211e+02 9.846351999999999188e-03 9.987762000000000029e-01 4.846687999999999691e-02 -1.259471085505402321e+01 -6.576326999999999590e-01 -3.004439999999999888e-02 7.527393999999999474e-01 -9.359087243193613403e+00
7.135453000000000490e-01 -4.262496000000000340e-02 6.993112999999999690e-01 5.465658069223716211e+02 1.112297999999999933e-02 9.987108999999999570e-01 4.952482999999999885e-02 -1.259471085505402321e+01 -7.005209000000000019e-01 -2.755977999999999900e-02 7.130995999999999446e-01 -9.359087243193613403e+00
6.716419999999999613e-01 -4.460763000000000228e-02 7.395317000000000141e-01 5.465658069223716211e+02 1.077426000000000078e-02 9.986682999999999533e-01 5.045325999999999977e-02 -1.259471085505402321e+01 -7.407974999999999977e-01 -2.591861999999999985e-02 6.712282000000000526e-01 -9.359087243193613403e+00
6.289069000000000464e-01 -4.493065999999999727e-02 7.761812000000000156e-01 5.465658069223716211e+02 6.144235999999999968e-03 9.985848000000000502e-01 5.282648000000000205e-02 -1.259471085505402321e+01 -7.774562999999999890e-01 -2.845390000000000072e-02 6.282929999999999904e-01 -9.359087243193613403e+00
5.870427999999999757e-01 -4.577421999999999741e-02 8.082608000000000015e-01 5.465658069223716211e+02 3.200807999999999865e-03 9.985235999999999557e-01 5.422462000000000115e-02 -1.259471085505402321e+01 -8.095495999999999803e-01 -2.924507999999999969e-02 5.863226000000000271e-01 -9.359087243193613403e+00
5.468503999999999587e-01 -4.700297999999999976e-02 8.359098999999999835e-01 5.465658069223716211e+02 1.579469999999999919e-03 9.984790000000000054e-01 5.511092000000000074e-02 -1.259471085505402321e+01 -8.372289000000000536e-01 -2.881712999999999983e-02 5.460928999999999922e-01 -9.359087243193613403e+00
5.079968999999999735e-01 -4.952766000000000113e-02 8.599337999999999704e-01 5.465658069223716211e+02 3.120506999999999903e-04 9.983560000000000212e-01 5.731572000000000056e-02 -1.259471085505402321e+01 -8.613589000000000384e-01 -2.884785999999999948e-02 5.071771999999999947e-01 -9.359087243193613403e+00
4.705741999999999980e-01 -4.939765000000000128e-02 8.809765999999999986e-01 5.465658069223716211e+02 -2.506181000000000120e-03 9.983528000000000402e-01 5.731779000000000041e-02 -1.259471085505402321e+01 -8.823568999999999996e-01 -2.918016000000000013e-02 4.696753000000000178e-01 -9.359087243193613403e+00
4.341107000000000160e-01 -4.876218999999999693e-02 8.995387999999999717e-01 5.465658069223716211e+02 -3.833407000000000047e-03 9.984248999999999485e-01 5.597259000000000262e-02 -1.259471085505402321e+01 -9.008513999999999688e-01 -2.774659999999999974e-02 4.332400000000000140e-01 -9.359087243193613403e+00
4.001985000000000126e-01 -4.738002000000000186e-02 9.152029000000000414e-01 5.465658069223716211e+02 -2.459821999999999963e-03 9.986034999999999773e-01 5.277330000000000215e-02 -1.259471085505402321e+01 -9.164252000000000509e-01 -2.337103000000000097e-02 3.995230000000000170e-01 -9.359087243193613403e+00
3.705132999999999899e-01 -4.579344999999999943e-02 9.276976000000000111e-01 5.465658069223716211e+02 -3.407336000000000067e-04 9.987770999999999733e-01 4.943820000000000159e-02 -1.259471085505402321e+01 -9.288271000000000166e-01 -1.863360999999999837e-02 3.700446000000000013e-01 -9.359087243193613403e+00
3.447497999999999951e-01 -4.391011000000000220e-02 9.376670000000000282e-01 5.465658069223716211e+02 1.047874000000000071e-03 9.989227000000000523e-01 4.639340000000000130e-02 -1.259471085505402321e+01 -9.386940000000000284e-01 -1.501156000000000018e-02 3.444245000000000223e-01 -9.359087243193613403e+00
3.239118999999999748e-01 -4.320486999999999939e-02 9.451001999999999459e-01 5.465658069223716211e+02 2.240031999999999874e-03 9.989888999999999575e-01 4.490066000000000196e-02 -1.259471085505402321e+01 -9.460846000000000533e-01 -1.242680000000000000e-02 3.236812000000000022e-01 -9.359087243193613403e+00
3.087525999999999882e-01 -4.375508000000000175e-02 9.501353999999999633e-01 5.465658069223716211e+02 3.193236999999999812e-03 9.989833000000000185e-01 4.496693999999999691e-02 -1.259471085505402321e+01 -9.511370999999999576e-01 -1.084965000000000061e-02 3.085783999999999749e-01 -9.359087243193613403e+00
2.971358000000000055e-01 -4.535063000000000288e-02 9.537575999999999832e-01 5.465658069223716211e+02 4.506656999999999851e-03 9.989268999999999510e-01 4.609440000000000065e-02 -1.259471085505402321e+01 -9.548246000000000233e-01 -9.398037999999999184e-03 2.970212999999999881e-01 -9.359087243193613403e+00
2.861734000000000222e-01 -4.734783000000000047e-02 9.570073000000000052e-01 5.465658069223716211e+02 3.322596000000000143e-03 9.988213999999999704e-01 4.842302999999999885e-02 -1.259471085505402321e+01 -9.581720999999999711e-01 -1.067764000000000039e-02 2.859935000000000116e-01 -9.359087243193613403e+00
2.755821999999999994e-01 -4.911160999999999999e-02 9.600220999999999894e-01 5.465658069223716211e+02 1.669366999999999943e-03 9.987169999999999659e-01 5.061191000000000301e-02 -1.259471085505402321e+01 -9.612760999999999667e-01 -1.234510999999999942e-02 2.753106000000000164e-01 -9.359087243193613403e+00
2.654907000000000239e-01 -5.082935000000000231e-02 9.627725999999999784e-01 5.465658069223716211e+02 9.290293999999999722e-04 9.986222999999999628e-01 5.246585000000000137e-02 -1.259471085505402321e+01 -9.641129999999999978e-01 -1.303474999999999946e-02 2.651722000000000246e-01 -9.359087243193613403e+00
2.552865999999999747e-01 -5.276706999999999925e-02 9.654245000000000188e-01 5.465658069223716211e+02 -1.024057999999999945e-04 9.985081000000000095e-01 5.460240999999999706e-02 -1.259471085505402321e+01 -9.668655000000000443e-01 -1.403812999999999936e-02 2.549003000000000241e-01 -9.359087243193613403e+00
2.447070000000000078e-01 -5.444155999999999995e-02 9.680674000000000223e-01 5.465658069223716211e+02 -2.433160000000000130e-04 9.984188999999999981e-01 5.620996000000000326e-02 -1.259471085505402321e+01 -9.695970999999999895e-01 -1.399051999999999935e-02 2.443068999999999935e-01 -9.359087243193613403e+00
2.344778999999999891e-01 -5.557489000000000179e-02 9.705316000000000498e-01 5.465658069223716211e+02 -2.675058000000000232e-04 9.983608000000000482e-01 5.723309000000000035e-02 -1.259471085505402321e+01 -9.721214999999999717e-01 -1.367952000000000057e-02 2.340787000000000007e-01 -9.359087243193613403e+00
2.239597000000000115e-01 -5.876756999999999814e-02 9.728250000000000508e-01 5.465658069223716211e+02 -1.673765000000000018e-03 9.981556999999999791e-01 6.068310999999999844e-02 -1.259471085505402321e+01 -9.745970000000000466e-01 -1.521885000000000078e-02 2.234482999999999886e-01 -9.359087243193613403e+00
2.126916000000000084e-01 -6.187357000000000273e-02 9.751583999999999808e-01 5.465658069223716211e+02 -3.499256000000000068e-03 9.979384999999999506e-01 6.408218999999999721e-02 -1.259471085505402321e+01 -9.771130999999999567e-01 -1.704206999999999944e-02 2.120366999999999946e-01 -9.359087243193613403e+00
2.005650999999999962e-01 -6.644519000000000120e-02 9.774245000000000294e-01 5.465658069223716211e+02 -4.535082000000000176e-03 9.976237000000000021e-01 6.874892000000000503e-02 -1.259471085505402321e+01 -9.796698999999999824e-01 -1.822133000000000086e-02 1.997871999999999981e-01 -9.359087243193613403e+00
1.876916999999999891e-01 -6.885220000000000229e-02 9.798118000000000105e-01 5.465658069223716211e+02 -5.479794999999999978e-03 9.974511999999999823e-01 7.114144000000000023e-02 -1.259471085505402321e+01 -9.822127000000000496e-01 -1.872182000000000013e-02 1.868360000000000021e-01 -9.359087243193613403e+00
1.736601999999999868e-01 -6.949136999999999675e-02 9.823507999999999685e-01 5.465658069223716211e+02 -5.967303999999999664e-03 9.974146999999999874e-01 7.161190000000000611e-02 -1.259471085505402321e+01 -9.847875999999999852e-01 -1.829812000000000105e-02 1.727965999999999946e-01 -9.359087243193613403e+00
1.593307999999999947e-01 -6.850006999999999624e-02 9.848459000000000518e-01 5.465658069223716211e+02 -7.306807999999999706e-03 9.974806999999999979e-01 7.056099999999999872e-02 -1.259471085505402321e+01 -9.871982000000000257e-01 -1.843861999999999932e-02 1.584289000000000114e-01 -9.359087243193613403e+00
1.429603000000000124e-01 -6.748326999999999798e-02 9.874250999999999445e-01 5.465658069223716211e+02 -7.923194999999999197e-03 9.975627999999999718e-01 6.932325000000000292e-02 -1.259471085505402321e+01 -9.896966999999999848e-01 -1.773403000000000132e-02 1.420771999999999868e-01 -9.359087243193613403e+00
1.227353999999999945e-01 -6.585881000000000374e-02 9.902518000000000153e-01 5.465658069223716211e+02 -1.036799000000000054e-02 9.976561000000000456e-01 6.763631000000000504e-02 -1.259471085505402321e+01 -9.923853000000000257e-01 -1.856829000000000118e-02 1.217648999999999954e-01 -9.359087243193613403e+00
9.757047000000000636e-02 -6.460910999999999738e-02 9.931292000000000453e-01 5.465658069223716211e+02 -1.483433999999999968e-02 9.976852000000000498e-01 6.636292000000000579e-02 -1.259471085505402321e+01 -9.951181000000000054e-01 -2.120748000000000077e-02 9.638618000000000186e-02 -9.359087243193613403e+00
6.770294000000000312e-02 -6.432261999999999702e-02 9.956298999999999566e-01 5.465658069223716211e+02 -1.914779000000000134e-02 9.976519999999999833e-01 6.575532000000000599e-02 -1.259471085505402321e+01 -9.975218000000000140e-01 -2.351593000000000086e-02 6.631233999999999740e-02 -9.359087243193613403e+00
3.479944000000000093e-02 -6.389870000000000272e-02 9.973494000000000526e-01 5.465658069223716211e+02 -2.241608000000000142e-02 9.976528999999999536e-01 6.470028999999999364e-02 -1.259471085505402321e+01 -9.991428999999999450e-01 -2.460820000000000021e-02 3.328541000000000138e-02 -9.359087243193613403e+00
5.546900000000000441e-04 -6.357691000000000037e-02 9.979767999999999972e-01 5.465658069223716211e+02 -2.432321000000000136e-02 9.976808000000000343e-01 6.357158000000000253e-02 -1.259471085505402321e+01 -9.997040000000000370e-01 -2.430925999999999920e-02 -9.929929999999999573e-04 -9.359087243193613403e+00
-3.340201000000000281e-02 -6.247780000000000000e-02 9.974872000000000183e-01 5.465658069223716211e+02 -2.520042000000000115e-02 9.977795000000000414e-01 6.165224999999999872e-02 -1.259471085505402321e+01 -9.991242999999999652e-01 -2.307779000000000080e-02 -3.490230999999999889e-02 -9.359087243193613403e+00
-6.618836000000000164e-02 -6.032881999999999828e-02 9.959816999999999698e-01 5.465658069223716211e+02 -2.699711999999999945e-02 9.979133999999999505e-01 5.865172999999999914e-02 -1.259471085505402321e+01 -9.974418999999999924e-01 -2.300657000000000049e-02 -6.767895999999999634e-02 -9.359087243193613403e+00
-9.850066999999999851e-02 -5.772373000000000087e-02 9.934614000000000500e-01 5.465658069223716211e+02 -2.971433000000000060e-02 9.980417000000000316e-01 5.504371999999999737e-02 -1.259471085505402321e+01 -9.946933000000000025e-01 -2.409820000000000018e-02 -1.000230000000000008e-01 -9.359087243193613403e+00
-1.309163999999999883e-01 -5.342830999999999969e-02 9.899527000000000188e-01 5.465658069223716211e+02 -2.760771000000000058e-02 9.983560000000000212e-01 5.023086999999999691e-02 -1.259471085505402321e+01 -9.910090000000000288e-01 -2.075427999999999995e-02 -1.321761999999999937e-01 -9.359087243193613403e+00
-1.625338000000000060e-01 -4.777255999999999864e-02 9.855458000000000274e-01 5.465658069223716211e+02 -2.228188999999999864e-02 9.987502000000000324e-01 4.473794999999999855e-02 -1.259471085505402321e+01 -9.864513999999999783e-01 -1.468840000000000076e-02 -1.633950999999999876e-01 -9.359087243193613403e+00
-1.929807000000000050e-01 -4.087264000000000175e-02 9.803509000000000251e-01 5.465658069223716211e+02 -1.639380000000000004e-02 9.991267999999999816e-01 3.842835000000000001e-02 -1.259471085505402321e+01 -9.810655999999999821e-01 -8.655743999999999938e-03 -1.934822999999999960e-01 -9.359087243193613403e+00
-2.217761000000000038e-01 -3.548257999999999968e-02 9.744517999999999791e-01 5.465658069223716211e+02 -1.032218000000000024e-02 9.993670999999999527e-01 3.404059000000000251e-02 -1.259471085505402321e+01 -9.750429999999999930e-01 -2.509074999999999934e-03 -2.220020000000000049e-01 -9.359087243193613403e+00
-2.497958000000000123e-01 -2.943698000000000148e-02 9.678510000000000169e-01 5.465658069223716211e+02 -2.214568999999999999e-03 9.995524999999999549e-01 2.982960999999999946e-02 -1.259471085505402321e+01 -9.682960000000000456e-01 5.307937000000000419e-03 -2.497493000000000074e-01 -9.359087243193613403e+00
-2.760849000000000220e-01 -2.011543000000000012e-02 9.609227000000000185e-01 5.465658069223716211e+02 3.834840999999999858e-03 9.997498999999999691e-01 2.203000999999999918e-02 -1.259471085505402321e+01 -9.611256000000000244e-01 9.767134999999999706e-03 -2.759386999999999812e-01 -9.359087243193613403e+00
-3.015541999999999945e-01 -4.619937000000000175e-03 9.534378000000000020e-01 5.465658069223716211e+02 8.514456999999999581e-03 9.999352999999999714e-01 7.538198999999999768e-03 -1.259471085505402321e+01 -9.534110999999999558e-01 1.039117999999999986e-02 -3.014953000000000216e-01 -9.359087243193613403e+00
-3.263613000000000208e-01 1.306861999999999954e-02 9.451547000000000143e-01 5.465658069223716211e+02 9.918866000000000141e-03 9.998966999999999716e-01 -1.040055999999999967e-02 -1.259471085505402321e+01 -9.451931000000000083e-01 5.980519000000000113e-03 -3.264572000000000029e-01 -9.359087243193613403e+00
-3.514700000000000046e-01 2.863448999999999856e-02 9.357611000000000123e-01 5.465658069223716211e+02 9.904457999999999665e-03 9.995899000000000312e-01 -2.686759000000000022e-02 -1.259471085505402321e+01 -9.361467999999999456e-01 -1.749435000000000031e-04 -3.516094000000000164e-01 -9.359087243193613403e+00
-3.762472000000000039e-01 3.929353000000000012e-02 9.256856999999999447e-01 5.465658069223716211e+02 1.331029000000000066e-02 9.992263999999999591e-01 -3.700520000000000198e-02 -1.259471085505402321e+01 -9.264236999999999611e-01 -1.601956000000000083e-03 -3.764792000000000138e-01 -9.359087243193613403e+00
-3.998265999999999765e-01 4.341497999999999885e-02 9.155619999999999870e-01 5.465658069223716211e+02 1.623308999999999863e-02 9.990563000000000082e-01 -4.028520000000000018e-02 -1.259471085505402321e+01 -9.164470999999999590e-01 -1.244695000000000090e-03 -4.001541000000000126e-01 -9.359087243193613403e+00
-4.223468000000000222e-01 4.311261999999999733e-02 9.054084999999999495e-01 5.465658069223716211e+02 1.953335999999999961e-02 9.990691999999999906e-01 -3.846071000000000212e-02 -1.259471085505402321e+01 -9.062238999999999711e-01 1.441908999999999899e-03 -4.227957999999999994e-01 -9.359087243193613403e+00
-4.426797000000000093e-01 3.912393000000000121e-02 8.958258999999999528e-01 5.465658069223716211e+02 2.306831999999999980e-02 9.992138999999999882e-01 -3.223986999999999686e-02 -1.259471085505402321e+01 -8.963830999999999882e-01 6.393259000000000095e-03 -4.432343000000000255e-01 -9.359087243193613403e+00
-4.606857999999999786e-01 3.664421000000000345e-02 8.868065000000000531e-01 5.465658069223716211e+02 2.965531000000000070e-02 9.992250000000000298e-01 -2.588392999999999944e-02 -1.259471085505402321e+01 -8.870677999999999619e-01 1.437416000000000041e-02 -4.614154999999999784e-01 -9.359087243193613403e+00
-4.745910999999999880e-01 3.835757000000000055e-02 8.793701999999999908e-01 5.465658069223716211e+02 3.368186000000000097e-02 9.991096999999999895e-01 -2.540262999999999896e-02 -1.259471085505402321e+01 -8.795617000000000019e-01 1.756295999999999899e-02 -4.754606000000000110e-01 -9.359087243193613403e+00
-4.858027999999999791e-01 4.150123000000000006e-02 8.730826000000000420e-01 5.465658069223716211e+02 3.666323999999999972e-02 9.989605999999999764e-01 -2.708448999999999926e-02 -1.259471085505402321e+01 -8.732992000000000532e-01 1.885231000000000059e-02 -4.868194000000000132e-01 -9.359087243193613403e+00
-4.957197999999999882e-01 4.472548999999999969e-02 8.673300999999999927e-01 5.465658069223716211e+02 3.863947000000000215e-02 9.988200000000000411e-01 -2.942176000000000166e-02 -1.259471085505402321e+01 -8.676226000000000216e-01 1.892821999999999907e-02 -4.968629999999999991e-01 -9.359087243193613403e+00
-5.063041999999999820e-01 4.474436999999999859e-02 8.611933000000000504e-01 5.465658069223716211e+02 3.299499000000000182e-02 9.989268999999999510e-01 -3.250241999999999715e-02 -1.259471085505402321e+01 -8.617234999999999756e-01 1.195894999999999944e-02 -5.072372000000000547e-01 -9.359087243193613403e+00
-5.178817999999999477e-01 4.212198000000000331e-02 8.544144999999999657e-01 5.465658069223716211e+02 3.066636000000000015e-02 9.990590999999999777e-01 -3.066523000000000165e-02 -1.259471085505402321e+01 -8.549023999999999512e-01 1.032080999999999971e-02 -5.186863000000000445e-01 -9.359087243193613403e+00
-5.266305999999999488e-01 4.415412999999999977e-02 8.489468000000000014e-01 5.465658069223716211e+02 3.331459999999999977e-02 9.989550000000000374e-01 -3.128995999999999861e-02 -1.259471085505402321e+01 -8.494412000000000074e-01 1.180405999999999990e-02 -5.275512999999999453e-01 -9.359087243193613403e+00
-5.337534999999999918e-01 4.751281999999999728e-02 8.443043000000000076e-01 5.465658069223716211e+02 3.698338999999999793e-02 9.987766000000000144e-01 -3.282547999999999716e-02 -1.259471085505402321e+01 -8.448309999999999986e-01 1.370450999999999961e-02 -5.348576999999999915e-01 -9.359087243193613403e+00
-5.377401000000000542e-01 5.089544000000000012e-02 8.415730999999999629e-01 5.465658069223716211e+02 3.782420999999999700e-02 9.986275999999999486e-01 -3.622502999999999834e-02 -1.259471085505402321e+01 -8.422617999999999494e-01 1.235218000000000080e-02 -5.389272000000000507e-01 -9.359087243193613403e+00
-5.375855000000000494e-01 5.280508999999999897e-02 8.415542000000000300e-01 5.465658069223716211e+02 3.775590999999999670e-02 9.985435999999999757e-01 -3.853724000000000038e-02 -1.259471085505402321e+01 -8.423635000000000428e-01 1.105656999999999994e-02 -5.387963000000000058e-01 -9.359087243193613403e+00
-5.344231999999999871e-01 5.341072000000000181e-02 8.435278000000000498e-01 5.465658069223716211e+02 3.972003000000000339e-02 9.984857999999999789e-01 -3.805750000000000105e-02 -1.259471085505402321e+01 -8.442832000000000114e-01 1.316613999999999979e-02 -5.357355000000000311e-01 -9.359087243193613403e+00
-5.288197000000000036e-01 5.163410999999999695e-02 8.471621000000000290e-01 5.465658069223716211e+02 3.804206000000000254e-02 9.985865999999999909e-01 -3.711657000000000151e-02 -1.259471085505402321e+01 -8.478812000000000015e-01 1.259981999999999942e-02 -5.300365000000000215e-01 -9.359087243193613403e+00
-5.220723000000000447e-01 5.058523999999999660e-02 8.513998000000000399e-01 5.465658069223716211e+02 3.598416000000000115e-02 9.986570999999999643e-01 -3.726920000000000233e-02 -1.259471085505402321e+01 -8.521417999999999493e-01 1.117969000000000081e-02 -5.231915000000000315e-01 -9.359087243193613403e+00
-5.150921000000000527e-01 5.001532999999999674e-02 8.556742999999999988e-01 5.465658069223716211e+02 3.429060999999999915e-02 9.986992999999999565e-01 -3.773337000000000219e-02 -1.259471085505402321e+01 -8.564486999999999517e-01 9.905426000000000161e-03 -5.161371999999999627e-01 -9.359087243193613403e+00
-5.088806999999999636e-01 4.844952000000000286e-02 8.594724999999999726e-01 5.465658069223716211e+02 3.153601000000000321e-02 9.987939000000000123e-01 -3.763125999999999971e-02 -1.259471085505402321e+01 -8.602592000000000017e-01 7.954512000000000388e-03 -5.097949000000000508e-01 -9.359087243193613403e+00
-5.044189000000000034e-01 4.647981000000000334e-02 8.622071999999999514e-01 5.465658069223716211e+02 2.735821999999999907e-02 9.989090999999999942e-01 -3.784371000000000262e-02 -1.259471085505402321e+01 -8.630255999999999483e-01 4.499376000000000243e-03 -5.051402000000000392e-01 -9.359087243193613403e+00
-5.029008999999999840e-01 4.338913999999999965e-02 8.632543000000000299e-01 5.465658069223716211e+02 2.275912999999999894e-02 9.990577000000000485e-01 -3.695629000000000275e-02 -1.259471085505402321e+01 -8.640444000000000457e-01 1.061565999999999899e-03 -5.034144999999999870e-01 -9.359087243193613403e+00
-5.033480999999999650e-01 4.071247000000000060e-02 8.631240999999999497e-01 5.465658069223716211e+02 1.953136000000000108e-02 9.991702000000000083e-01 -3.573950000000000043e-02 -1.259471085505402321e+01 -8.638630000000000475e-01 -1.131428000000000078e-03 -5.037257000000000540e-01 -9.359087243193613403e+00
-5.044132000000000060e-01 3.921978000000000270e-02 8.625711999999999824e-01 5.465658069223716211e+02 1.799252999999999963e-02 9.992284000000000166e-01 -3.491173999999999666e-02 -1.259471085505402321e+01 -8.632750000000000146e-01 -2.090104000000000180e-03 -5.047296999999999478e-01 -9.359087243193613403e+00
-5.048517000000000143e-01 3.860670000000000074e-02 8.623423000000000060e-01 5.465658069223716211e+02 1.791861999999999969e-02 9.992528000000000521e-01 -3.424582000000000320e-02 -1.259471085505402321e+01 -8.630200999999999567e-01 -1.837075000000000079e-03 -5.051662999999999570e-01 -9.359087243193613403e+00
-5.050504000000000104e-01 3.780329000000000328e-02 8.622615999999999614e-01 5.465658069223716211e+02 1.785762000000000113e-02 9.992841000000000085e-01 -3.335094999999999726e-02 -1.259471085505402321e+01 -8.629050999999999805e-01 -1.445965999999999918e-03 -5.053638999999999770e-01 -9.359087243193613403e+00
-5.050732999999999473e-01 3.726614000000000315e-02 8.622714999999999685e-01 5.465658069223716211e+02 1.804431999999999911e-02 9.993049000000000515e-01 -3.261913000000000312e-02 -1.259471085505402321e+01 -8.628877999999999826e-01 -9.159472999999999573e-04 -5.053946999999999745e-01 -9.359087243193613403e+00
-5.051531999999999689e-01 3.675080000000000013e-02 8.622469000000000383e-01 5.465658069223716211e+02 1.772603000000000026e-02 9.993239000000000427e-01 -3.220842000000000149e-02 -1.259471085505402321e+01 -8.628476999999999952e-01 -9.859713999999999024e-04 -5.054631000000000540e-01 -9.359087243193613403e+00
-5.053925999999999696e-01 3.521010000000000112e-02 8.621708000000000149e-01 5.465658069223716211e+02 1.608035000000000020e-02 9.993779000000000412e-01 -3.138741999999999921e-02 -1.259471085505402321e+01 -8.627396999999999982e-01 -1.998966000000000024e-03 -5.056443999999999939e-01 -9.359087243193613403e+00
-5.053617999999999721e-01 3.420742999999999701e-02 8.622292999999999763e-01 5.465658069223716211e+02 1.557392999999999972e-02 9.994127000000000427e-01 -3.052190000000000111e-02 -1.259471085505402321e+01 -8.627669999999999506e-01 -1.996304999999999868e-03 -5.055977999999999861e-01 -9.359087243193613403e+00
-5.048319000000000001e-01 3.357890000000000180e-02 8.625642999999999505e-01 5.465658069223716211e+02 1.438189999999999955e-02 9.994315999999999756e-01 -3.048976999999999937e-02 -1.259471085505402321e+01 -8.630978999999999735e-01 -2.986897999999999984e-03 -5.050278999999999741e-01 -9.359087243193613403e+00
-5.036775000000000002e-01 3.212028000000000105e-02 8.632944000000000173e-01 5.465658069223716211e+02 1.388351999999999989e-02 9.994804000000000466e-01 -2.908716999999999900e-02 -1.259471085505402321e+01 -8.637801999999999980e-01 -2.664987000000000172e-03 -5.038618000000000263e-01 -9.359087243193613403e+00
-5.016359999999999708e-01 2.992057000000000050e-02 8.645612000000000297e-01 5.465658069223716211e+02 1.431070000000000085e-02 9.995519000000000487e-01 -2.628894999999999843e-02 -1.259471085505402321e+01 -8.649605000000000210e-01 -8.150145999999999606e-04 -5.018394000000000466e-01 -9.359087243193613403e+00
-4.992242000000000068e-01 2.838956999999999939e-02 8.660075999999999885e-01 5.465658069223716211e+02 1.463780999999999936e-02 9.995967999999999520e-01 -2.433070999999999845e-02 -1.259471085505402321e+01 -8.663492000000000415e-01 5.299693000000000286e-04 -4.994385000000000074e-01 -9.359087243193613403e+00
-4.969068999999999847e-01 2.798480999999999885e-02 8.673524999999999707e-01 5.465658069223716211e+02 1.489235000000000038e-02 9.996076999999999879e-01 -2.372014999999999887e-02 -1.259471085505402321e+01 -8.676760999999999502e-01 1.130207000000000043e-03 -4.971286999999999789e-01 -9.359087243193613403e+00
-4.947332999999999870e-01 2.852663999999999894e-02 8.685764999999999736e-01 5.465658069223716211e+02 1.553884999999999988e-02 9.995916999999999719e-01 -2.397878999999999983e-02 -1.259471085505402321e+01 -8.689059000000000088e-01 1.633570999999999895e-03 -4.949745999999999868e-01 -9.359087243193613403e+00
-4.938510999999999873e-01 2.886036999999999977e-02 8.690674000000000454e-01 5.465658069223716211e+02 1.538353999999999937e-02 9.995825999999999878e-01 -2.445282999999999832e-02 -1.259471085505402321e+01 -8.694104000000000276e-01 1.293277999999999919e-03 -4.940888999999999975e-01 -9.359087243193613403e+00
-4.943764999999999965e-01 3.022570999999999938e-02 8.687222000000000000e-01 5.465658069223716211e+02 1.478575000000000028e-02 9.995431000000000177e-01 -2.636306999999999887e-02 -1.259471085505402321e+01 -8.691221999999999559e-01 -1.885738999999999937e-04 -4.945975000000000232e-01 -9.359087243193613403e+00
-4.972170000000000201e-01 3.192219000000000306e-02 8.670387999999999984e-01 5.465658069223716211e+02 1.346887000000000084e-02 9.994865000000000554e-01 -2.907467000000000037e-02 -1.259471085505402321e+01 -8.675216999999999512e-01 -2.778388000000000125e-03 -4.973915999999999893e-01 -9.359087243193613403e+00
-5.016093999999999831e-01 3.254093000000000263e-02 8.644819999999999727e-01 5.465658069223716211e+02 1.236762999999999925e-02 9.994598999999999567e-01 -3.044557000000000166e-02 -1.259471085505402321e+01 -8.650058999999999942e-01 -4.580189999999999609e-03 -5.017409000000000452e-01 -9.359087243193613403e+00
-5.070402000000000520e-01 3.135650000000000243e-02 8.613518999999999481e-01 5.465658069223716211e+02 1.295154999999999917e-02 9.995024000000000131e-01 -2.876170000000000115e-02 -1.259471085505402321e+01 -8.618251999999999580e-01 -3.427495000000000021e-03 -5.071940000000000337e-01 -9.359087243193613403e+00
-5.125311000000000172e-01 2.874163999999999886e-02 8.581874999999999920e-01 5.465658069223716211e+02 1.437746999999999983e-02 9.995867999999999975e-01 -2.489067999999999836e-02 -1.259471085505402321e+01 -8.585483000000000420e-01 -4.186834999999999971e-04 -5.127325000000000355e-01 -9.359087243193613403e+00
-5.177334999999999576e-01 2.656506000000000145e-02 8.551294000000000395e-01 5.465658069223716211e+02 1.185191000000000022e-02 9.996445999999999943e-01 -2.387883999999999840e-02 -1.259471085505402321e+01 -8.554599000000000508e-01 -2.227958999999999842e-03 -5.178643000000000551e-01 -9.359087243193613403e+00
-5.226363000000000536e-01 2.941155000000000158e-02 8.520482000000000333e-01 5.465658069223716211e+02 1.399654000000000002e-02 9.995659999999999545e-01 -2.591836999999999960e-02 -1.259471085505402321e+01 -8.524407999999999985e-01 -1.620158000000000015e-03 -5.228211999999999859e-01 -9.359087243193613403e+00
-5.274221999999999522e-01 3.189323000000000158e-02 8.490045000000000508e-01 5.465658069223716211e+02 1.432573000000000006e-02 9.994868999999999559e-01 -2.864670000000000064e-02 -1.259471085505402321e+01 -8.494825999999999766e-01 -2.946298999999999880e-03 -5.276085000000000358e-01 -9.359087243193613403e+00
-5.323118999999999490e-01 3.183277000000000329e-02 8.459495999999999682e-01 5.465658069223716211e+02 1.267509999999999991e-02 9.994804000000000466e-01 -2.963431000000000051e-02 -1.259471085505402321e+01 -8.464534999999999698e-01 -5.052202000000000429e-03 -5.324387999999999899e-01 -9.359087243193613403e+00
-5.360907999999999785e-01 3.225966000000000250e-02 8.435437000000000074e-01 5.465658069223716211e+02 1.171101000000000086e-02 9.994575999999999460e-01 -3.077968000000000023e-02 -1.259471085505402321e+01 -8.440790999999999711e-01 -6.621957000000000364e-03 -5.361778000000000377e-01 -9.359087243193613403e+00
-5.393462999999999452e-01 3.139766000000000085e-02 8.414985000000000381e-01 5.465658069223716211e+02 1.242014999999999959e-02 9.994925000000000059e-01 -2.933215999999999948e-02 -1.259471085505402321e+01 -8.419925000000000326e-01 -5.368649999999999985e-03 -5.394624999999999559e-01 -9.359087243193613403e+00
-5.418385000000000007e-01 2.556548999999999974e-02 8.400937000000000543e-01 5.465658069223716211e+02 1.359324999999999943e-02 9.996730999999999812e-01 -2.165448000000000026e-02 -1.259471085505402321e+01 -8.403726999999999725e-01 -3.136271000000000046e-04 -5.420089000000000157e-01 -9.359087243193613403e+00
-5.439621000000000040e-01 1.656099000000000113e-02 8.389463000000000337e-01 5.465658069223716211e+02 1.328967999999999990e-02 9.998498000000000108e-01 -1.112041000000000071e-02 -1.259471085505402321e+01 -8.390045999999999893e-01 5.100239000000000335e-03 -5.441004999999999869e-01 -9.359087243193613403e+00
-5.457262999999999975e-01 1.194765000000000063e-02 8.378782999999999648e-01 5.465658069223716211e+02 1.266240000000000074e-02 9.999017000000000044e-01 -6.010749999999999600e-03 -1.259471085505402321e+01 -8.378678000000000514e-01 7.329322999999999567e-03 -5.458239999999999759e-01 -9.359087243193613403e+00
-5.467918999999999974e-01 1.945581999999999867e-02 8.370425000000000226e-01 5.465658069223716211e+02 1.388613000000000000e-02 9.998032000000000030e-01 -1.416795000000000034e-02 -1.259471085505402321e+01 -8.371534000000000475e-01 3.876361000000000043e-03 -5.469545000000000101e-01 -9.359087243193613403e+00
-5.478064999999999740e-01 2.543605000000000171e-02 8.362182999999999700e-01 5.465658069223716211e+02 1.563673999999999967e-02 9.996743999999999630e-01 -2.016443999999999875e-02 -1.259471085505402321e+01 -8.364589000000000052e-01 2.029514999999999965e-03 -5.480258999999999547e-01 -9.359087243193613403e+00
-5.482496000000000036e-01 3.003016999999999839e-02 8.357753999999999461e-01 5.465658069223716211e+02 2.118694000000000133e-02 9.995330999999999522e-01 -2.201598999999999917e-02 -1.259471085505402321e+01 -8.360463999999999674e-01 5.637266000000000152e-03 -5.486297999999999453e-01 -9.359087243193613403e+00
-5.479916000000000231e-01 3.041695000000000162e-02 8.359305999999999681e-01 5.465658069223716211e+02 2.480583000000000093e-02 9.994899999999999896e-01 -2.010701000000000155e-02 -1.259471085505402321e+01 -8.361159999999999703e-01 9.717477000000000406e-03 -5.484666000000000263e-01 -9.359087243193613403e+00
-5.474527999999999617e-01 2.758301999999999976e-02 8.363819000000000115e-01 5.465658069223716211e+02 2.401023999999999867e-02 9.995629000000000319e-01 -1.724869999999999876e-02 -1.259471085505402321e+01 -8.364920999999999607e-01 1.063887999999999986e-02 -5.478756999999999655e-01 -9.359087243193613403e+00
-5.467378999999999989e-01 2.340864000000000139e-02 8.369765000000000121e-01 5.465658069223716211e+02 2.306230000000000085e-02 9.996509000000000089e-01 -1.289335999999999954e-02 -1.259471085505402321e+01 -8.369860999999999551e-01 1.225330999999999990e-02 -5.470869000000000426e-01 -9.359087243193613403e+00
-5.459640999999999522e-01 1.677804999999999921e-02 8.376405000000000101e-01 5.465658069223716211e+02 2.007551000000000127e-02 9.997743999999999520e-01 -6.940642999999999813e-03 -1.259471085505402321e+01 -8.375679999999999792e-01 1.302671000000000037e-02 -5.461778000000000466e-01 -9.359087243193613403e+00
-5.455092000000000274e-01 1.006165000000000011e-02 8.380444000000000226e-01 5.465658069223716211e+02 1.161550000000000082e-02 9.999225999999999948e-01 -4.444298000000000172e-03 -1.259471085505402321e+01 -8.380244000000000026e-01 7.309897999999999570e-03 -5.455839000000000105e-01 -9.359087243193613403e+00
-5.440667000000000142e-01 5.812895000000000215e-03 8.390218000000000398e-01 5.465658069223716211e+02 4.337533999999999661e-03 9.999820999999999849e-01 -4.115375000000000109e-03 -1.259471085505402321e+01 -8.390307999999999655e-01 1.400245000000000049e-03 -5.440821999999999603e-01 -9.359087243193613403e+00
-5.420739999999999448e-01 5.488406999999999834e-03 8.403127999999999709e-01 5.465658069223716211e+02 6.576326999999999867e-03 9.999757000000000229e-01 -2.288937999999999910e-03 -1.259471085505402321e+01 -8.403051000000000270e-01 4.285396000000000344e-03 -5.420968999999999927e-01 -9.359087243193613403e+00
-5.389627999999999641e-01 7.989059999999999218e-03 8.422916999999999765e-01 5.465658069223716211e+02 1.078111999999999994e-02 9.999384999999999524e-01 -2.585744000000000063e-03 -1.259471085505402321e+01 -8.422606000000000259e-01 7.687229000000000284e-03 -5.390158000000000449e-01 -9.359087243193613403e+00
-5.339357000000000131e-01 1.250467000000000072e-02 8.454325999999999786e-01 5.465658069223716211e+02 1.321293999999999941e-02 9.998918999999999446e-01 -6.444586999999999885e-03 -1.259471085505402321e+01 -8.454218999999999484e-01 7.729653999999999865e-03 -5.340432000000000512e-01 -9.359087243193613403e+00
-5.262424999999999464e-01 1.515726000000000052e-02 8.501994000000000495e-01 5.465658069223716211e+02 1.899030999999999983e-02 9.998011999999999455e-01 -6.070036000000000008e-03 -1.259471085505402321e+01 -8.501225000000000032e-01 1.295123999999999928e-02 -5.264258000000000548e-01 -9.359087243193613403e+00
-5.181164000000000325e-01 1.686560000000000142e-02 8.551438000000000095e-01 5.465658069223716211e+02 2.586391999999999858e-02 9.996572999999999709e-01 -4.045286999999999841e-03 -1.259471085505402321e+01 -8.549189999999999845e-01 2.002144000000000146e-02 -5.183750999999999776e-01 -9.359087243193613403e+00
-5.083151999999999671e-01 1.723890000000000144e-02 8.609984999999999999e-01 5.465658069223716211e+02 2.451953999999999939e-02 9.996840000000000170e-01 -5.539851000000000150e-03 -1.259471085505402321e+01 -8.608219999999999761e-01 1.829528999999999878e-02 -5.085773000000000099e-01 -9.359087243193613403e+00
-4.974733000000000072e-01 1.516480000000000085e-02 8.673467000000000260e-01 5.465658069223716211e+02 2.234397999999999940e-02 9.997393999999999448e-01 -4.664015999999999995e-03 -1.259471085505402321e+01 -8.671915000000000040e-01 1.705974999999999853e-02 -4.976825000000000276e-01 -9.359087243193613403e+00
-4.858918999999999877e-01 1.153787000000000042e-02 8.739426999999999612e-01 5.465658069223716211e+02 2.212485999999999967e-02 9.997548000000000545e-01 -8.979555000000000392e-04 -1.259471085505402321e+01 -8.737388999999999850e-01 1.889955000000000107e-02 -4.860280000000000156e-01 -9.359087243193613403e+00
-4.747080000000000188e-01 1.005331999999999927e-02 8.800858999999999766e-01 5.465658069223716211e+02 2.184014999999999915e-02 9.997614000000000223e-01 3.599211999999999854e-04 -1.259471085505402321e+01 -8.798723000000000516e-01 1.939205999999999916e-02 -4.748143000000000225e-01 -9.359087243193613403e+00
-4.628419999999999757e-01 9.424718000000000331e-03 8.863906999999999758e-01 5.465658069223716211e+02 2.261341000000000045e-02 9.997435999999999545e-01 1.177950999999999998e-03 -1.259471085505402321e+01 -8.861523999999999512e-01 2.058950999999999837e-02 -4.629364000000000257e-01 -9.359087243193613403e+00
